number of atoms: 9
number of fields: 9
Multipoles
---
0 0 0 | -0.471636000502734 0.037129776018464095 0.001477651821879167 -0.09839710671784291 -0.09195474806146287 -0.15132073614800487 0.06868202001502394 0.1250097153223369 -0.031489936416268245 
1 1 1 | 0.6082253999392506 0.10487066676894072 0.052543626663282085 -0.024370145468815843 -0.025514567784577898 -0.13595838061135812 0.07494524306612238 0.20591220902433463 -0.03993541062031853 
2 2 2 | -0.3299391338988027 0.0015527831640951126 0.025277904257531646 0.05109472328170421 -0.10282868134586026 -0.044492773835134315 0.038356914380823455 -0.0636025044377312 0.057342680850580155 
3 3 3 | -0.04934774437583389 0.0406125687688393 0.027275734841054396 -0.1463507433568339 -0.034301324808003006 0.028810490731930965 -0.08935869901795376 -0.0840022925350092 -0.009872964606900167 
4 4 4 | 0.29025634853703863 0.04226383863677043 -0.04562256128522723 -0.02685985090330111 0.07166347755210616 0.20878636339552573 0.0281853403373157 -0.24819626595346467 -0.1041038164278832 
5 5 5 | -0.3833339848254722 -0.03340622163578082 0.09010185744824428 0.012155468155427222 0.07296992308499792 0.24541429678486293 0.049878741695960224 -0.2798176100454169 -0.13023194647614603 
6 6 6 | 0.03399962856883809 -0.08180850291516922 -0.025651115474132867 0.030294701739368272 0.0027784896462132234 0.0053050644574564555 0.020174604219014396 8.813203529142011e-05 0.01786423708960567 
7 7 7 | 0.13274049107193564 -0.03912958567377785 -0.04747713643626609 0.022832989769880515 -0.012017164149708869 -0.013234075264214079 -0.014909787757080167 -0.009569912650006495 0.006347724780567019 
8 8 8 | 0.16833143502185943 0.059969020763268044 -0.002334657163767371 0.02556807953077309 -0.008169722187174716 -0.0013892297645558714 -0.011742138559503778 -0.0099195924721752 0.007634877118883358 
