number of atoms: 10
number of fields: 9
Multipoles
---
0 0 0 | -0.3542958772853062 -0.0006151815905540542 0.04002645377121577 -0.04469474173858811 -0.15734484488765282 -0.0016586217694144324 -0.0005856677600283583 0.029413208064187842 0.24002990698041976 
1 1 1 | 0.038159450007743345 0.0013355866785317704 -0.08600198963693262 0.094105221942139 0.028531434819680627 -0.00210831316330981 0.0009867849533221364 0.14322942444065728 -0.23808142687075626 
2 2 2 | 0.03719902039848044 -0.00254286036641071 0.08437633974031143 -0.09515628230163226 -0.20209600005576855 -0.11576365337631957 0.12924812983872827 -0.010002048513546863 -0.08219431381744262 
3 3 3 | -0.3540387156065652 0.00029429622946480934 -0.040086760037479074 0.045065845800775786 0.2881070981957674 0.005102570310524706 -0.0032761248455946933 -0.0018608489452401251 -0.015684235474837042 
4 4 4 | 0.037830955137621025 0.0003527975525879346 0.08434678269712388 -0.094975789365142 -0.207669051809926 0.10876404917030882 -0.12353647708146658 -0.009470663742844039 -0.08563794962031067 
5 5 5 | 0.03740834567093021 0.0013501944529714146 -0.08354843116561383 0.09589397577842397 0.02937231211448963 0.0013345384929376587 0.0025227459296870034 -0.1938117009863894 -0.19843782629224666 
6 6 6 | 0.13909326742654515 -5.991744338558378e-05 0.03677190340797421 0.05037068489821812 -0.005967339076010604 -0.0002494546299129958 0.0002047798467278109 0.008493544292991694 -0.021986844021868363 
7 7 7 | 0.13927234264608834 0.06080384524311868 0.009292961812958009 -0.010197045091860455 -0.01496793474985322 -0.007590847367134439 0.008526561584301984 -0.0018296604557192435 -0.015348055368685625 
8 8 8 | 0.1391393126469187 -0.06107700218714376 0.008249327972195184 -0.009575841840414788 -0.015279500498773241 0.00701393461123567 -0.008003878568663941 -0.001794790543362068 -0.015581587530062549 
9 9 9 | 0.13930271580218012 0.0003076153108270241 -0.054255622328318126 -0.030571729469551744 -0.00597933358409389 -8.657278790323633e-05 0.0002944276797115474 -0.013324007706210408 -0.01936227445762822 
