-4.62540655142911	0.5111590541636348
-5.3806751072116965	0.4275585078244982
-4.470869875693943	0.5132885830109001
-4.669157981962019	0.5196205984511822
-4.272109299173556	0.4972200470447247
-4.7883504686382565	0.5185778480664237
-4.568039951944011	0.516149794812612
-0.8790850837602897	0.3846575845358279
-0.8658641746081641	0.3817594531013511
-0.8677063407842435	0.38207289612831624
-0.8534348716619021	0.3799158256666067
-0.8298719087026517	0.37646509617472146
-0.862587303436383	0.38525748786269914
-0.8604991077761803	0.3839243365017885
-0.8629235637758177	0.3853798081560893
-0.8462619412809889	0.3795973141452594
