-4.599787864623342	0.5088552380965023
-5.507707946722465	0.43224824021396185
-4.193449720293683	0.49884750977593123
-5.810482098605472	0.4563939527634106
-4.451820436108768	0.510130568995257
-4.2317034792906565	0.4951357693716015
-4.825219217310622	0.5188475581407317
-0.8738646836278109	0.383115809151626
-0.8627270024943958	0.3810832621125803
-0.8738851469193237	0.3831208401866136
-0.8879228201958802	0.38391629028691837
-0.8559132926854608	0.37853868249025396
-0.8560314320329621	0.38454396177728917
-0.8560013737434633	0.38453364638138865
-0.8316105885666554	0.3776412164941771
