-4.991195873224514	0.5233288573818419
-3.766644716646137	0.4709111552248005
-6.879594833311149	0.39626997979648926
-4.098405157014157	0.49613137509046457
-4.899459373668584	0.5251210229486613
-4.899455893556245	0.5251151270574304
-6.9821809775467925	0.39935017395962974
-0.8086157748025709	0.3772364164252754
-0.8085796256532671	0.3772183610292409
-0.8150437893694858	0.37579039304870016
-0.8198524502712154	0.37646979502471173
-0.8524215161826096	0.3841588039388055
-0.8372785182422788	0.3794395513867053
-0.8372359106469268	0.37942694411051203
-0.8524469189165061	0.3841686525667708
-0.8198107157080361	0.3764521457990081
-0.5740937448637721	0.3519387074564145
