number of atoms: 15
number of fields: 9
Multipoles
---
0 0 0 | -0.6235171544325233 -0.0099650521306067 0.009664487588894587 -0.0024841037654678593 0.003130639451900213 0.03862057477022478 -0.07181921755080457 -0.008733747150022814 -0.06513432241204725 
1 1 1 | 0.5728991443281846 -0.04592386260717221 0.05519288590705457 0.026846831217552138 -0.05024596946744664 0.15996408305330495 -0.18648519886694678 -0.0545237714854907 -0.26960836417927836 
2 2 2 | -0.4823833458375084 -0.047843005274185654 0.023909747154440848 -0.003586285519867178 -0.026266494447000636 0.1006105824892072 -0.13581071090082864 -0.053038978285936386 -0.19215433705743634 
3 3 3 | 0.10438028776658204 -0.007858205631596959 -0.1204808702736619 0.027519119781858396 -0.08586698329462958 -0.08114713923788329 0.05872210513102208 -0.04500234959568804 -0.22679487026222173 
4 4 4 | -0.4840078742892171 0.05420969143563116 0.01457054550989277 0.027285284326159176 -0.041427286325125386 -0.0142427221815492 0.0017152184390581808 -0.02125489695967729 -0.045958455263427594 
5 5 5 | -0.0996896918462511 0.027289250602097435 -0.07875506456820162 0.07037807591806595 -0.053445391357087264 -0.08655778178561382 0.14882008448063824 0.03834527011357459 -0.16147419669959015 
6 6 6 | -0.3028127300102845 -0.015199895257057366 0.023472964574115948 -0.02575910296100657 0.12216490643301733 -0.04844877108626806 -0.1580464654083623 -0.06940496086315529 -0.007604205197922851 
7 7 7 | 0.1898262777275178 -0.013779861257376224 0.03959013274955993 0.015466037785346151 0.006356605806476356 0.0030417983974045924 0.002796480728519874 -0.005961702201594817 -0.008099868558302118 
8 8 8 | 0.19454168926135373 -0.0007037379448909922 -0.03466163684301903 0.029897343583054306 0.005808049384279228 0.007003137604500972 0.0033430181594811047 0.002670241315300217 0.006394996880696776 
9 9 9 | 0.1800132820390744 0.03966976646616797 -0.0020046385448666765 -0.01907755318449009 -0.005471863884019217 -0.0007801707481405331 0.009351113944771589 3.687234810949316e-06 0.006739246034501948 
10 10 10 | 0.17186285583305916 -0.022014871351441916 0.039184663265615254 -0.021397170240653428 0.007450901049837494 0.011865319636528397 -0.0016143101534275728 0.0009746790098688541 0.0007320757880064807 
11 11 11 | 0.15922833051928942 0.014694345232338151 -0.03729447543256512 -0.023872060530351923 0.013392450472260203 0.005824074861593131 0.004100330161481544 9.233555581090043e-05 -0.007541292323988969 
12 12 12 | 0.1617664045698891 -0.02098862106459253 -0.011648707599922946 0.04065949980623144 0.002145059384297384 0.0009173082317297038 0.016042478620681273 -0.0003517620794621883 0.00824335250086426 
13 13 13 | 0.1339767202488671 -0.00791617682425005 -0.035583322992393925 -0.04661379770028872 0.0009201019913515027 0.001322423088108092 -0.0005041393518943535 0.00663991097158249 -0.017599396157641337 
14 14 14 | 0.1227361868935406 0.04422797031322813 0.03982370065883454 0.005857935246115058 -0.009379760148373524 -0.008809148593375284 0.001434606956379562 -0.00961898488348617 -0.008554150103530575 
