number of atoms: 12
number of fields: 9
Multipoles
---
0 0 0 | -0.5552136150943277 -0.035233219345513156 -0.08918535146454123 -0.09886462643029621 -0.11387004936619155 0.11357858707083947 0.04321224031520758 -0.029205748704279482 0.08786387773852296 
1 1 1 | 0.11198415237908677 -0.04350731168318781 -0.07859190571706245 0.1526742105412123 -0.012919613683132703 0.0422263305493188 0.03579720038902445 -0.05557716311205627 -0.1163821211672035 
2 2 2 | -0.040051166338062494 0.09900536410633373 -0.09100549134289969 0.015048769805845397 0.07816235222183733 -0.045282995422655556 0.16495707519681277 -0.0836589413610465 0.03915351775329 
3 3 3 | -0.6130092169051258 0.003062827822699904 0.08238560539645387 -0.022615323045272334 -0.19142647826890344 0.07816658745677885 0.03204185662168992 0.10886526461368147 -0.10104765817097615 
4 4 4 | 0.7683901356058946 0.04203759570945274 -0.030310958209204764 0.01215970442006075 -0.04194317648999343 -0.019960019702605265 -0.10549196072844615 -0.17808588800058284 0.16579312377058025 
5 5 5 | -0.5441490543912142 -0.012704728373120292 -0.09338573082316758 0.035620630678594424 -0.08432054960607878 -0.011522768712250107 -0.10480296625680752 -0.0973334703305125 0.11200232604827544 
6 6 6 | -0.3665365885968228 -0.056695264706259844 -0.001862977258509356 -0.010463149215252618 -0.016359752517144707 0.06361963303292033 -0.23021308218334294 -0.07017729964221296 -0.034705403520577445 
7 7 7 | 0.42180893197420344 0.009444532625614495 0.01859624541544785 0.012290131448419112 -0.013280167131623017 0.00897358530305696 -0.004887109403726248 -0.008824382049000904 -0.007890424591763829 
8 8 8 | 0.11333347652067116 -0.03993641098427241 0.0458539034962533 -0.024912391111913255 -0.009836162650342784 0.004835870153452319 -0.013842936734049545 -0.020126805184484675 0.008809904421126837 
9 9 9 | 0.14810630034097927 0.02809844569903304 0.02939101632050063 -0.04786976049602829 0.011128072699709588 -0.017690544038205483 0.004566545605882633 0.0059142436780871025 -0.005260393045695318 
10 10 10 | 0.3589071015897418 0.019616783493285463 0.001348489760993852 0.02178861721899779 -0.007787716019015801 0.004602951918140379 0.0018795635765566435 0.020978227552143545 -0.012731842677038434 
11 11 11 | 0.19528611542614183 -0.0360350725325927 -0.009438141327536887 -0.03492637281879772 -0.005748890645744074 0.00045965743549734753 -0.002214120627212373 0.008463003429887527 -0.0023059313997649392 
