number of atoms: 14
number of fields: 9
Multipoles
---
0 0 0 | -0.5432806905671539 -0.00032115700864435837 -0.0021706510160377787 -0.03176962764333249 0.05801494941138399 -0.006995241332703357 -0.005053519159487902 0.05052847337108696 -0.038085069940243986 
1 1 1 | 0.4838816024483483 0.013200970359756353 0.09495746597805514 0.004658544483826023 0.22398922008084052 -0.05349986975766453 -0.008746232721165313 0.010489338440821266 -0.06520105009258537 
2 2 2 | -0.5561544770465092 -0.008207952863438013 -0.058978511484251525 0.0006582308174830727 0.265988205600361 -0.059234551986554605 -0.00985212448948394 0.041672473004402154 -0.07821392909302526 
3 3 3 | 0.7606449844490752 0.0012378895714604515 0.008336998343830108 -0.06175898710495171 0.2017164791456282 -0.03778306465658564 -0.004902400674332158 0.08356374633093056 -0.04022601413277514 
4 4 4 | -0.6090169968290766 -0.011216566065237032 -0.08067991584933983 -0.032213848776825656 0.16563605281157712 -0.033484806100395524 0.008089774000775684 0.05229771922099213 0.053827855954469844 
5 5 5 | -0.5966906116508515 -0.0015098811584790283 -0.010352225935918868 0.05435002613880987 0.12698546449068135 -0.04215327068108702 0.0020682639317065443 -0.07762479574416702 0.013180139387727476 
6 6 6 | 0.4243557981432149 -0.013025612553394883 -0.09305973272194364 0.03676509326104629 0.18711165955324294 -0.034618920042485325 0.0008971522062645458 0.08046513261736796 0.0027820901946941294 
7 7 7 | -0.5743153615487548 -0.013369531288777367 -0.0955709851779905 0.020814446538280122 0.27403255590511694 -0.08061680180741057 -0.01319783940136291 -0.09420115339683088 -0.09842358677550266 
8 8 8 | 0.17564462167243655 -0.0342307175199997 0.030760851418262285 0.008195761926369316 -0.004833161085920168 0.00446523572066919 0.007336511244686543 -0.006689283661826608 -0.009282799297491876 
9 9 9 | 0.16418687002932508 -0.005916524132308386 -0.04249253522572312 0.013908023508073283 0.0016028352344904875 -0.002209272668767509 0.001391735445171529 -0.012871139580593476 0.01017026786986408 
10 10 10 | 0.1757236527897147 0.04130121232485754 0.02022682211587024 0.008191823079148296 -0.006757831863155226 -0.0033139107807179284 -0.00956663535503177 -0.005599633000010238 -0.006904861937398714 
11 11 11 | 0.2141701282909817 -0.005572034412542874 -0.03974464627489376 0.016705582657030166 -0.0040834475123887335 0.00025403473761036644 0.0014908261826119293 -0.0053475935230226064 0.010892481740325472 
12 12 12 | 0.3888846888012445 -0.00021504887887721964 -0.00200429716815217 -0.03202626252449271 -0.008124656405764872 0.003716373463743706 -0.00024668310107077706 0.01208547742583754 -0.0019361426187740499 
13 13 13 | 0.0906087785344194 0.010552081251843471 0.0754473924526276 -0.028924205731382838 -0.022094697388438597 0.005023134520172377 0.002429248955270787 -0.0026821297528810645 0.018038186320863868 
