number of atoms: 14
number of fields: 9
Multipoles
---
0 0 0 | -0.8863027070856822 0.05981284999034649 -0.002627029792133348 -0.05206121012847495 -0.1770718662297946 -0.09258737021902694 -0.0795358015485606 0.03125725931250006 -0.03291727656350219 
1 1 1 | 0.6460935297516794 0.03493922926912363 0.08651194596536985 0.04784885730839584 0.12440578038029652 -0.012701790116126979 0.03264507753899023 -0.07401624445728129 -0.0667783436771022 
2 2 2 | -0.5303254826945869 0.018831376247911296 -0.04696534402751145 -0.0672105986556625 0.12168172910705828 0.006900596198670089 0.040400325545715106 0.05510529934391173 -0.056425131751161005 
3 3 3 | 0.06775595594630701 0.0034864380046864996 0.008357030259662097 0.046751116762901106 0.21073926535239476 0.003957645175378153 -0.00782069192086458 0.02851059699643917 0.06535037082303778 
4 4 4 | -0.480562285795779 0.0011372601147519024 -0.006143283638244599 -0.014483735263889474 0.21035302249236748 0.0013102807214067033 -0.005067299893160828 -0.10702479430498041 -0.011536190443766916 
5 5 5 | 0.7426342843144775 0.0017615617456768306 0.05337919213142304 0.042714779215268506 0.19467398919397988 -0.002948319231641482 -0.006525206028328866 -0.06759909258575741 -0.06912858749319362 
6 6 6 | -0.6297632534087452 -0.0010622663577714863 0.059103935206527916 -0.05467642199743746 0.15730341138266818 -0.0032936271365360775 -0.00947860718062762 0.016025448681957575 -0.0759252346159438 
7 7 7 | -0.6047430866799806 0.011894553004730381 -0.05048804473485416 -0.019133228293549766 0.08627819998284685 0.003921429305478852 0.026576842841723385 -0.0045621151099780755 0.05796455856143873 
8 8 8 | 0.38147143212759627 -0.007252141741787671 0.024688541435775008 0.012931615999148735 -0.016470670537080432 -0.0023806399964973633 0.0010259260359495408 -0.010267004531634342 -0.010319969271932024 
9 9 9 | 0.3970103889924096 0.0024645817910531826 -0.025804705284407876 0.011560552714763262 -0.012673036327052216 -0.004432505486319594 -0.0027042481188759944 -0.007278872394492521 0.01221298380054917 
10 10 10 | 0.18706299237261947 0.0012371196772499756 -0.04324080128283028 0.015103752994019653 -0.017479985386896397 0.0011115826097702942 0.0025156660372961316 -0.005020847581040527 0.015534980100193229 
11 11 11 | 0.13059335948104456 -0.0007744396729518954 -0.0512660318173577 -0.031924164321437375 -0.010481826364443102 -0.0005221028262331726 0.0008227493681171342 -0.010280119268067291 -0.013300547956208702 
12 12 12 | 0.19986336386874692 -0.0013066471219805858 0.0046033000413650705 -0.0464610283594565 -0.009193335593116341 -2.220198679728081e-06 0.0002175562565656619 0.012672830158804346 0.001083020630456621 
13 13 13 | 0.3782752111348343 0.004543137825315327 0.028876680706860277 0.010671829606999807 -0.009415725073008068 0.0004633982705770309 0.0030493409441965467 -0.009075889106571968 -0.0124240016777691 
