number of atoms: 12
number of fields: 9
Multipoles
---
0 0 0 | -0.4993382565810194 0.02578846717313169 0.019552338522173085 -0.09446618867597373 0.14570864078983942 -0.1728265803701687 0.06522277443666842 -0.010112378961748443 0.03645742940904423 
1 1 1 | 0.6096020788954029 0.0697102139834252 0.11284425739226339 -0.023368252699790662 0.17256055693372702 -0.15128260153099352 0.0838709893221614 0.06333522402724115 0.014977639686495561 
2 2 2 | -0.36469719160147207 0.0134875554201667 0.005416175250017919 0.027053516453899768 -0.013197071148463175 -0.06284813042140372 0.028458592026663513 -0.05514989224307316 0.06519240396832339 
3 3 3 | 0.47899996693340174 0.04527951878900148 -0.08205133565048255 -0.1168932969940723 0.0808846107991702 0.02341824553616191 -0.0026776699093591836 -0.0725431194073179 -0.07790697801397792 
4 4 4 | -0.27431231071425355 -0.0033273592950480674 0.022983910453939965 0.14025372761104068 0.05102916948813456 0.029643363599016877 -0.005576406807984837 -0.13068426804783512 -0.10448986080095525 
5 5 5 | -0.38006292688539567 0.0053505508586285016 0.024632429541517238 -0.08555693716122435 0.06485094646036928 0.011019589746779303 0.009882810124829427 0.03196105830980728 -0.012998210039158634 
6 6 6 | 0.23620028340458976 0.0052359674949747715 0.04243464357137465 -0.08834087255704302 0.10844286636472594 0.0065112981674323505 0.01620122493824971 0.09696249663884506 0.021376255520602433 
7 7 7 | -0.5655082741143138 0.010944568619132945 0.043163315345741346 0.024332852786658223 0.2480124859364342 0.08379019445892014 0.011908146639907535 -0.1327060289233446 -0.12551426147160094 
8 8 8 | 0.06584476721449706 -0.03400782510954773 -0.07095362422192686 0.05158673061419137 -0.008068376785613928 0.005613826245538681 0.0013418417089871644 0.002678074899931637 0.01834466196400186 
9 9 9 | 0.1973937726312649 -0.005866626438688774 0.05627155713669009 -0.014321589893349413 -0.022297808756161743 -0.003694877411230533 -0.00429143618145022 -0.011512121070225048 -0.0024327044239745026 
10 10 10 | 0.3738526056466801 -0.004733269687627147 0.020766237358609996 0.03097710810425142 -0.017887225353184467 -0.0035159047614949225 -0.000877507768716543 0.00423488052174801 -0.011150065354735363 
11 11 11 | 0.12157604834208746 0.0036290057329382863 -0.057469161250911255 0.05445359919946822 -0.03317500798361779 -0.009341777117321447 -0.005815499177538213 0.005912970199981439 0.011387592604501054 
