-7.0137392830425425	0.4020292463492357
-4.22979694493533	0.49812056351626005
-4.681382466429211	0.5164462198256458
-3.847903987834733	0.4833077587117122
-7.00359975407253	0.39893535651901474
-5.816111349672935	0.445120265084121
-4.461108061794298	0.5168506394770667
-4.579716521483068	0.5173784333832129
-0.5700379002841763	0.35182743901742747
-0.9217513532339987	0.3870982125543434
-0.9035375860533901	0.38287439663513934
-0.5246602559764157	0.34534203676066677
-0.6283165383167646	0.3450055539399939
-0.8444833119982346	0.37809192926083024
-0.8357308757340466	0.37740889037069475
