-4.827732602190203	0.5240600593835749
-4.293444614111268	0.4977536663946437
-4.828577028825413	0.5228114215671031
-4.719961935496347	0.5178992669806461
-3.9839643114110084	0.49223748963396036
-6.969418274816288	0.39826843810642437
-4.7912127973897825	0.5234203838652506
-4.735385212186608	0.5182994916569503
-0.8681091825140932	0.38640690824022594
-0.8632874408204422	0.385655961273545
-0.8592377103772014	0.38401746221344585
-0.897156715584549	0.3814031523729337
-0.8739971419358858	0.38889355352911575
-0.8419823243233848	0.38056157841214766
-0.8663918988148278	0.38581397052633465
-0.8770876813675951	0.38738593831371954
-0.8532606921883921	0.3788799788750801
-0.5875157722305913	0.3562493117517117
-0.8235655910153519	0.3755667710752896
-0.8327069596204211	0.3769663955316647
-0.8386030755617222	0.37754283384735454
-0.8216064949757488	0.3741401444038205
