-4.970229060418184	0.5199825173479141
-3.8555091720614856	0.4766681945313651
-6.814647831029079	0.3935755003471421
-4.0901589546738295	0.4853225262937542
-6.765096770342661	0.3915640819234684
-3.8541311955577564	0.4765125209792628
-4.970607477930538	0.5199879549906441
-6.8150321051610385	0.39359255770706436
-0.8050142071425015	0.3766845484389085
-0.8052328571992773	0.3736871987713174
-0.808692355396161	0.37721050598762607
-0.80497126675581	0.37666936198908085
-0.8052627807335107	0.37369843162357963
-0.8085923942069907	0.3771810851425533
