number of atoms: 19
number of fields: 9
Multipoles
---
0 0 0 | -0.4899548449587652 -0.003999141722716009 0.012995182525728257 -0.05146122801948714 0.01215856096644333 0.054078607909866946 0.05510158006078816 0.08689739697546742 0.04020871591916255 
1 1 1 | 0.21531873361286902 -0.018375417292334835 -0.07306208129379697 -0.00569610206772559 -0.086865096033799 -0.021384850105389867 -0.000626602737352118 0.10620536149245084 0.09510124933120617 
2 2 2 | -0.2512657246656511 0.051083038003538146 0.022151453579453816 -0.03128269239716255 -0.12379956646499565 -0.06733267747809285 0.02322641518016579 0.012297083517806753 0.06476103544315197 
3 3 3 | -0.1502824461540575 -0.05743836012675212 -0.06159932643014358 0.037214985057066954 -0.12273901267609756 -0.07265527600374884 -0.016371649385508467 0.07185387433558436 0.14829033779458564 
4 4 4 | -0.22364332413637733 0.0782763926045355 -0.03202877652269266 0.012296645787945107 -0.10073831954237168 -0.020792456453811486 -0.022280389532795694 0.06824674884557017 0.18612476569238273 
5 5 5 | 0.23201573111527285 0.05211334633182053 -0.03880029204035095 -0.052081475161933954 -0.07904293202021927 -0.06443095083979966 -0.05868474544040591 0.03193237758188484 0.1137364807214635 
6 6 6 | -0.48793640305127983 -0.049530760912141286 -0.012172916770962418 -0.023316519625438105 -0.06011121428174932 -0.0772802306291363 -0.04232462570006447 -0.05633903272989126 0.0175231404568174 
7 7 7 | -0.6104841184454397 -0.01483779498487326 0.06034383030505828 0.028484345636899958 0.18267386003098104 0.024562643242178835 -0.10901335149130117 -0.0032972177775119522 -0.3055896291331089 
8 8 8 | 0.1496249744927537 -0.018969249793010384 0.03939627631147001 0.014502541557487172 -0.004527393895084081 0.007061190578519141 0.007033211105604421 -0.006866463355693641 -0.013875937377890227 
9 9 9 | 0.15076649371804873 -0.025398713438598192 -0.03911437778180793 0.0015313557727017482 -0.0029565940372756633 -0.006984261642434478 0.009458201029016863 -0.0135444674311547 0.009218208813925769 
10 10 10 | 0.13980272720518816 0.04220403962129343 -0.0008390627551990286 0.013984183017581508 -0.015688454862769687 0.008293259240505908 -0.007193910912517482 -0.006047614635857576 -0.004801628891525979 
11 11 11 | 0.13806682540982895 -0.011526386985772004 -0.046615073872313936 -0.020736720470011728 -0.005324311917121688 -0.015718429000613893 0.00307217452921761 -0.0087681498045491 -0.0123169437189448 
12 12 12 | 0.12329455032323466 -0.02245460889434991 0.032895109181863176 0.029021942517872584 -0.006523342958816093 0.002116708743127335 0.019757442558364393 -0.0012534960735098683 -0.017577018894385964 
13 13 13 | 0.14205232151547809 -0.03544856623609938 0.017522124410025396 -0.03923051031234378 0.005197453695770509 0.008752093353667379 -0.00973303803048291 -0.0008971222735717478 -0.009193113074261985 
14 14 14 | 0.15186891230348254 0.026274230108895253 0.02471891994554499 -0.03773454525667262 0.009674811718400433 -0.004497094999754488 0.013631088699549168 -0.0028621055430385865 -0.005965555413253237 
15 15 15 | 0.1534725086565234 -0.013392840704591439 0.04417873163481902 0.0076327916795172574 0.013374923552026406 -0.0007379408592800701 0.005719661895447171 -0.010360539561926901 -0.004246120411692522 
16 16 16 | 0.13955056255369735 0.008315266098871593 -0.021162534329477584 0.03861099485451281 0.01407539656781793 0.008606656151179322 -0.0030904635495001497 0.00015427143043451902 0.011609971202586817 
17 17 17 | 0.15019814583037938 0.028385758064098782 -0.00840023613786606 -0.03647460685036466 -0.005236109031584968 0.0039050553803551 0.01774386022593511 -0.00034717982056857796 0.006019242380383433 
18 18 18 | 0.32592191356857747 0.017361713487880813 -0.013693502846403265 0.013293278243964002 -0.0006966309393215121 0.011895551620912811 -0.018513959409279895 0.0038295836557679943 0.005919136447779052 
