-4.55984160213704	0.5125823135767827
-5.647694284367686	0.4457328188893651
-4.462252508204359	0.5088336284922317
-4.141722498050563	0.5017412738523563
-4.718942844584118	0.5217173959138222
-4.241791701914709	0.5073922283533322
-6.7337293052777865	0.39220567007347945
-4.408817972919381	0.5070934694697484
-0.8755316862449674	0.3834582605037729
-0.8782854972782533	0.38383386355293997
-0.9395321106446806	0.4032812699173336
-0.8952426468120924	0.38909317075110067
-0.8698068641391999	0.3799431008692789
-0.8498979806841837	0.37936633986650015
-0.834237304955596	0.3762713593611166
-0.889029884869809	0.38177896723248
-0.8919818467177593	0.38791789642669255
