-4.7778912114679395	0.5194459485731747
-4.551355489944933	0.510489295328899
-4.417965947334377	0.5066387465984096
-4.79592596881584	0.5206387814686757
-4.547966682837745	0.5105780754793107
-4.784599460986223	0.5198075801525236
-3.895174747918967	0.4799649239546199
-6.839389215893493	0.3952865182030838
-0.8753302966615915	0.38650570712723925
-0.8548263524474747	0.38218394503292696
-0.8646201912203765	0.3847526075416242
-0.8901247617359419	0.38642896203654953
-0.8739981944257682	0.3837542830367976
-0.8538886493197543	0.38328925329998725
-0.8647271302303888	0.38566148672451045
-0.8543147793493034	0.3818196756474948
-0.882346255476751	0.3849577800632576
-0.8762896095338952	0.382534591156276
-0.8659829356448931	0.38436311023133496
-0.8670725545462614	0.3847381779737569
-0.8592359258654783	0.38339331574079955
-0.9801192844816253	0.39951082630241247
