number of atoms: 17
number of fields: 9
Multipoles
---
0 0 0 | -0.3937656386648989 -0.0037147258814202964 0.011113724990421101 -0.09903715567334892 0.014847748956817787 0.015265330494261464 0.015051929787728067 0.0612955979582153 0.006838856952618666 
1 1 1 | -0.3394501349701162 -0.01049769299372887 -0.006573032211997666 0.10829869804413363 0.010880995034396726 0.06069409367195301 0.008117085403121279 0.1495405906248318 0.028743163013794683 
2 2 2 | 0.42384480625142285 -0.0374271807490975 0.0036526379127583388 0.11243420253976551 -0.15257952448318707 0.26467407703317736 0.0007595881646262434 0.30106813305097574 0.0697389538867846 
3 3 3 | -0.4540656558992353 -0.001785938160597215 -0.005112386202942433 0.05892430475846343 -0.06016407564752309 0.14339041103073538 0.0020717944125648717 0.20220293720676277 0.044879849086456654 
4 4 4 | 0.5065497071939005 0.009737910862347678 0.00942403982496193 -0.1346559648151431 -0.0980122942567225 0.174663103137327 0.06055461299378133 0.2203483880365574 0.026658807313022517 
5 5 5 | -0.5446513270588049 0.025451366211673338 -0.0062173374396207876 -0.038263419066292007 0.006457808644174232 0.06593061721885793 0.009791712959858888 0.15329341893903725 0.02904374977307819 
6 6 6 | -0.5130556852496948 -0.012252774079778013 0.01927062010907036 -0.1474022640406685 0.023746472005000307 0.009147040261437835 -0.048273294337326196 0.046013641221073216 0.028620499446731066 
7 7 7 | -0.17274717934785588 0.036106518478278185 -0.029619362673135696 0.15815085521344188 -0.026605819742505504 0.0011023380369927088 0.0384496770003956 -0.03145269598621497 -0.021470927739772477 
8 8 8 | 0.14155587755708743 -0.010210423718044044 0.047309220559122456 0.014361136527162264 -0.006054502986548912 0.0016451237395134811 0.0005429019688589321 -0.011257536179194914 -0.013879936914992518 
9 9 9 | 0.14154369089212016 -0.040385954492286956 -0.029567563611232275 0.006808601509697364 -0.008901287378628261 -0.002557916198460883 0.007803662776508527 -0.013504607801288475 0.0056054007968208835 
10 10 10 | 0.13502572092130716 0.04634477603303312 -0.018831597529689884 0.006838717726339547 -0.00908963328335931 0.004373203781754529 -0.009452912933701216 -0.008803358690236157 0.0021736144414786604 
11 11 11 | 0.16702571120097787 0.03831142263086246 0.031598769588597246 -0.010797123459211523 -0.004196048292228017 -0.008305244134174015 0.010589081877921534 -0.008063621434943352 -0.0011956251430770577 
12 12 12 | 0.1670667892254013 0.007615829289756406 -0.04669012048963755 -0.01844880966963216 0.0016718025745750306 -0.0006991458309517026 0.008060833898017428 -0.009810672805807873 -0.010017748750328834 
13 13 13 | 0.36576655308676087 -0.025292978221001065 0.007548880018330664 0.02395834870406486 0.00950740832010588 -0.01234362285053277 0.012793374138523727 -0.006329243176749666 -0.006785566683558535 
14 14 14 | 0.11014267971856051 -0.045517393796973955 -0.03662492279291513 -0.010175866829256185 -0.013750700836327356 -0.0011584113403018753 0.0007200690100682297 -0.012895713193670713 -0.014824591480846593 
15 15 15 | 0.11019420967909554 -0.008128713769753689 0.05866474408507199 -0.0008077315052864487 -0.009544286904644293 0.0032854700223411944 0.009136374493707565 -0.019147088573971616 0.0046670907948422385 
16 16 16 | 0.14782566829481059 0.05264332451318281 -0.018343207203747665 -0.023107443495478892 -0.014186387085149072 0.002743221430432148 0.006835421948607028 -0.016259294264958906 -0.005799293231017489 
