-6.831930660174594	0.39533479375349545
-3.881867969756434	0.4804789387085345
-4.742697633552809	0.513340070198275
-4.724169109958278	0.5126686124982952
-3.917105260131769	0.4789477926410908
-6.8025683107590496	0.3935068969651642
-4.070648365372823	0.4860464693084092
-6.760966146206286	0.39189832486699844
-0.9828843924381597	0.4010556820104384
-0.8255976733610649	0.3780545999830656
-0.8261311534465183	0.3744339250797789
-0.8229543548023716	0.37534494304852384
-0.8344272115540291	0.3807738623278278
-0.9263155422870699	0.3922762831513272
