-4.869530911568838	0.521505108453685
-4.2655757244430115	0.49949339242471286
-6.7468892561031195	0.39043161533570153
-4.391680225990719	0.5077322059119521
-4.337819354975167	0.5045695537214836
-6.97279478728707	0.40011212545847763
-3.9562566182585828	0.4826491764132512
-6.81408508109687	0.39411020360800286
-0.8513139471152262	0.3823272503068143
-0.8241095686191194	0.3786748386654835
-0.8360109246527384	0.3791532880824589
-0.8985170989537695	0.3858298499804193
-0.9089537577747787	0.38881128860973513
-0.9027105902751907	0.38486977493237956
-0.8862851197833554	0.3796365260601302
-0.9168510469897543	0.3886498569918649
-0.570187334653855	0.3535148231181183
-0.9615970774317203	0.39906782528893736
