-6.975579076973427	0.39983409141296783
-4.202607790990714	0.49814829170518005
-4.688356405008414	0.5153907854559932
-4.642557057694674	0.5108873066391584
-4.069709587125507	0.4928143263352328
-6.988368075472556	0.4000675426218117
-4.426737127113722	0.5045978852956821
-4.699157572360349	0.5199936115868125
-0.5741894931954982	0.3574529704331254
-0.8851501768110692	0.37580362009022744
-0.8658772945570494	0.38238091364637766
-0.8559122259066564	0.38127431225339514
-0.8547528436001642	0.3786228805770805
-0.8521089083697646	0.3799432178484545
-0.5605107830244025	0.3498388137287566
-0.7332502592124412	0.3584823942467303
