-6.9897472064355295	0.39992282902735715
-3.9487471255045303	0.4861741138943557
-4.665969072264848	0.512299584157778
-4.512860538016022	0.5106207068267015
-4.516600801263799	0.5105936247221488
-4.635197674921233	0.5080422026571003
-4.440017835888632	0.5058985466692223
-4.709403044950267	0.5208165248122004
-0.575132823043231	0.3526486710716358
-0.8510641346806725	0.3795699676748589
-0.868559932785913	0.3855401467080838
-0.8540432132985984	0.37962087976206743
-0.8527152378703429	0.37924947963966105
-0.8483620197435743	0.3796427672437489
-0.8578924618193473	0.38071637514359313
-0.7349270173602661	0.35901852428696074
