number of atoms: 12
number of fields: 9
Multipoles
---
0 0 0 | -0.5142687516902225 0.05627323013361655 0.020391541943421528 -0.08794003857636988 0.14071359657365626 -0.0018180851725830328 0.13964649612980007 -0.08785710917476955 0.037472872542385474 
1 1 1 | 0.7036736718849985 0.02629218595592763 0.10304203699444892 -0.011947488887594988 0.15627583114996635 -0.05094964780426962 0.22716402628789584 -0.068301018514556 0.05751910447518746 
2 2 2 | -0.19275815313671796 -0.0005600695089329569 -0.02854920897640515 0.18242257119946656 0.0022625451939474973 -0.013653066556823861 0.044222589461502045 -0.14037237817829035 0.01745452787671102 
3 3 3 | -0.32454390610357287 0.007574367921258166 -0.020736149260421957 -0.07595663103748516 -0.018099406484743473 0.027546899350701023 -0.03030677547488686 -0.07321446485953868 0.08633354042837323 
4 4 4 | 0.7022966308820155 0.0445656938152999 -0.09011026034750437 0.035956529516438414 0.23734690318100263 0.14828759744850062 0.009684792746760658 0.04746515843673439 0.08113201173605851 
5 5 5 | -0.5139816398046264 -0.004850106562609293 -0.011160192681317386 0.10555352183369664 0.1824874082123396 0.10666713924353484 0.024167402800213553 -0.026281827991990168 0.05109580873562971 
6 6 6 | -0.1910577924028809 0.10031956909880503 0.04639211951537283 -0.14820849740174605 0.06658381461973652 0.0624194512062653 -0.08707015938916599 -0.07872135329021117 0.014725567264058867 
7 7 7 | -0.325257090184639 -0.04625669524818794 0.013922803395148363 0.06240300603650151 0.026472425120341543 -0.05114664835970305 -0.05214934939154407 -0.07707751524967946 0.051806720761568406 
8 8 8 | 0.14599325095652627 -0.054636203155092815 -0.018062476043567956 -0.01428792666042559 -0.013956840345603011 -0.0008889170326829645 -0.008306204709684515 -0.017563705514610613 -0.006800316231536894 
9 9 9 | 0.18190530615928802 0.041317015681283174 -0.04144527296999663 -0.010199279876177057 -0.006122098980988247 0.0017235152526774169 0.0029296795840015356 -0.0176327184302894 -0.006103514099642542 
10 10 10 | 0.1456899713760169 -0.0545590764904446 -0.0016641677973820586 -0.02340067485127668 -0.00934105855800238 0.002663463667256661 -0.016727227336372153 -0.013769569969884465 -0.007433887596243638 
11 11 11 | 0.18159568291127393 0.011328925632777102 0.05103949365896598 0.028413269843153104 0.0030372134720871775 0.006970471344201219 -0.012723016154577394 -0.01088321701863423 -0.007773535429661919 
