-4.983134386384241	0.5224662900727358
-3.6766625902656487	0.46931904018800796
-5.962046928690809	0.4586661999676197
-4.411044386986048	0.5005190451025452
-4.066080650964046	0.49184848327719993
-4.747356296761964	0.5176001907215724
-4.74714200795464	0.5175857494543382
-6.774117945298552	0.38932934467467695
-0.8182404294301773	0.3775310844018246
-0.8018779638275577	0.3718752987534492
-0.8182168528722905	0.3775103787078206
-0.8933514230243567	0.3846697903081296
-0.8932691240768362	0.3846403128850921
-0.8218192184443928	0.374602897212943
-0.8346346977913213	0.37727891884254483
-0.8347263595913436	0.3773082726275148
-0.8218774009826921	0.37461968132215895
