-4.92596105399465	0.5264929327706261
-3.9023204615909997	0.4846978876577905
-6.99996357636219	0.40107973383224343
-4.678068036684746	0.5197463770088505
-4.443441143038116	0.50699481350285
-4.475001964636716	0.5077324044605712
-4.688676295528241	0.5184629418465242
-4.541218546902215	0.5087968415189015
-0.8356301599384036	0.37922728072285367
-0.8572350453525557	0.38544435798549515
-0.8322798605069027	0.37887629776443943
-0.5832984199926126	0.3552095541668271
-0.8401607021826402	0.37899329530256864
-0.8616439037015013	0.38061353151297894
-0.86024311048063	0.37939682543262826
-0.8414016829914691	0.37728331140149024
-0.8381695156381598	0.37732511976611854
-0.8407964927822492	0.3760333327991237
