-6.02987668242503	0.45947230931955085
-3.9049033167713425	0.48330208895434396
-6.745767794311378	0.3889713009823804
-4.361389667635883	0.5020785390206989
-4.4377694121567215	0.5038358305724052
-5.9451929046597645	0.4497944630971926
-3.790798698746854	0.48053260337754394
-6.893644226974749	0.39712504869088194
-0.6551688901736851	0.35554132105078823
-0.8955962685979564	0.3825335059161486
-0.875410872336663	0.3771780709696153
-0.8717713678079266	0.37969673985853053
-0.8885718616271326	0.3832736002205557
-0.6260828251343469	0.34720998731771807
