number of atoms: 14
number of fields: 9
Multipoles
---
0 0 0 | -0.6655075681862961 0.009255531490264325 -0.0002887796260532998 0.04505137343612743 0.22742378675130695 0.10171926218973451 -0.16250848203880627 -0.007573094160425442 0.12527086459425693 
1 1 1 | 0.44494477159017 -0.012174906904806727 0.11586771638033028 -0.00448669871221045 0.21407452179427136 0.0025164865744385576 -0.10268538074241504 0.00200597837982437 -0.15233851538604345 
2 2 2 | -0.35330511092550054 -0.025311288460153316 -0.03702946164349233 -0.06291823324572346 -0.005124865786658431 -0.040315797149832196 0.04326939935824815 -0.060573978245694104 -0.08365487624820948 
3 3 3 | -0.0060488963121709816 0.08524183458848533 -0.01882639109220028 0.13251405673942307 -0.05406623019315904 0.05812670454551428 0.08515094555340297 -0.05367201103932173 -0.02920208379395851 
4 4 4 | -0.0793979017191404 0.01058889692949493 -0.1124955593157182 0.08565662441374464 -0.019951177801629538 0.00026629962412670795 0.10993484007264194 0.030715366845731375 -0.02839230158195454 
5 5 5 | -0.5680734511977779 0.00879182655690096 0.10295627905839237 -0.037537153373329864 0.0029585029741363822 -0.003808500928495862 -0.009492800704348577 0.012985903920855801 -0.010747989176825625 
6 6 6 | 0.5541888543629385 0.005724043161977414 -0.0792533611822817 -0.040622644247531904 0.27864725456986145 0.01051268795173624 -0.02797321211171147 -0.059296345684239395 -0.0804673453768127 
7 7 7 | -0.5154338762162798 0.011745633169592307 -0.04037131365685289 0.057079938536540566 0.19113994387642166 0.012089411420057379 -0.012412096031111477 -0.022243992948218102 -0.07196229050464471 
8 8 8 | 0.34483110982631837 0.002176879113150763 0.02109492498838215 0.016953512305437388 0.007288852867314598 0.002589403999162705 0.0007192075283527878 -0.016249537660027243 -0.004337599975088234 
9 9 9 | 0.10440373140204584 -0.05620650434585589 -0.024024444007725715 0.012407802331218673 -0.01791973697923662 -0.00522670541406254 0.004131283677923742 -0.016063642070056974 0.007945361357995546 
10 10 10 | 0.12458912766333952 0.009598541079572427 0.05929032057074015 -0.017521228664574895 -0.00480111409170528 0.0012207375185807644 0.009415978917419222 -0.018615270637906873 0.011677113364839098 
11 11 11 | 0.1282286321920708 -0.03486455876233609 -0.009024454263438324 -0.04588954286200036 -0.0072766082786098855 -0.005473342437189917 -0.005189313649622467 0.019954555880606645 -0.00765551788249683 
12 12 12 | 0.11142813837286736 0.05600092438220925 0.01714935848184586 -0.0005689005536238335 -0.014271715078854915 -0.01718441456166882 0.007183901428688058 0.010693595809037152 -0.002028389389399951 
13 13 13 | 0.3739171748656521 0.0022347222537841293 -0.028438712404491927 -0.01593361824520799 -0.015052401705391827 -0.0004443668544260172 0.0018388112700149508 -0.009519249047816931 -0.012439324292004617 
