number of atoms: 22
number of fields: 9
Multipoles
---
0 0 0 | -0.46175752995187036 -0.015214228397050208 0.04146051282039345 -0.06560500871506357 0.02682538468642712 -0.030513324300387664 -0.005878243083654256 0.04248191530049574 0.0474318727701864 
1 1 1 | -0.10467459392309131 -0.041462227272443 0.005598329169704838 0.05776009061332039 -0.05842350413062018 0.014370849031998591 0.03851354271626881 0.005423995896404591 0.05105163024166633 
2 2 2 | -0.2232862541187659 0.06704853714650746 0.010865406605029269 -0.022870661265046575 -0.06413078648292278 0.010701265407686641 0.08331340027949491 -0.03154383407635119 0.019265237134284866 
3 3 3 | -0.23631506614758635 0.0357163084330189 -0.05545834444159865 0.02385155283154432 0.0023448747381040833 0.08607709176439285 0.04670803417422172 -0.05784103985497255 0.04292320353429906 
4 4 4 | -0.06114772290923476 -0.0036819692317869245 0.06802220861965154 0.026118275853586115 -0.028389942655825156 0.035066990491818974 0.030084481836297573 -0.07874937980280532 0.06364644152153108 
5 5 5 | -0.4557074376003021 -0.046936061224544454 -0.06527069746166103 0.021917523671057874 0.019055913117178108 -0.059595101763043015 0.014944701198086167 -0.06777631813877331 -0.03644234761522538 
6 6 6 | 0.16495290995209455 0.005764456241064521 0.11397275715230092 0.12148723025510856 -0.04251477632806212 -0.010039493820243297 -0.05193955938439542 0.025059879498157644 0.09923655734983132 
7 7 7 | -0.5898414692348961 -0.07538046288563538 0.018062282677675234 -0.13098928580613875 -0.11370763273709392 -0.004936846035312095 0.10621650149999624 -0.054241238872077414 -0.07820545511065177 
8 8 8 | 0.12734734422779348 -0.004840270372657557 0.032539114848294734 0.03281360705452569 -0.0035794400031674265 -0.006421895264382514 -0.0030129778137280698 -0.001287772756246468 -0.02035415956544025 
9 9 9 | 0.1490378802911304 -0.04179018044162911 -0.020384312923825646 -0.004769006744069489 -0.00979123503705853 -0.011908718691162602 0.0075929022702959075 -0.0070940267011710125 -0.004219401460642057 
10 10 10 | 0.13267117898762615 0.036209719472690416 -0.029047994192970467 -0.007543685043736196 -0.011571253427384662 0.009522600703382464 -0.005783331795712536 -0.009004416504495629 -0.005026568554515222 
11 11 11 | 0.11207818685188664 -0.005639066241744661 -0.030685864858840055 -0.03543718362114827 0.010196841616547157 -0.0016451283881157173 0.0008641971040227919 0.00894689243033923 -0.029477997456761912 
12 12 12 | 0.1037713430659043 -0.03639826642544955 -0.023391420504013 -0.02924543663941242 -0.013633708845132417 -0.013199596029660171 -0.003614891113094657 0.005350334813318293 -0.009918662364600154 
13 13 13 | 0.11681843223310828 -0.001345484748224183 0.01741518394086291 0.04742373425794936 -0.001769836633829146 -0.00700124133398886 0.010401189575380821 0.020027411859666073 -0.014385829220319425 
14 14 14 | 0.10501661623273739 -0.026860412697427664 0.0016732584683798427 -0.04406484861261578 0.005767503617101041 0.010454065155621382 -0.018285586944244713 0.004100092621729601 0.002336237562259353 
15 15 15 | 0.1225261742762006 0.010611383412865747 0.03560028053298666 0.0347888592440524 0.015297370488896922 0.007335642505035876 -0.010048027981019588 -0.009484931811346844 -0.014041193236754549 
16 16 16 | 0.10429969805864914 -0.003312433290653362 -0.022554991978935304 -0.042869718353029204 0.015768383561926017 0.004973776034415532 -0.004803411232755113 0.007926887224030746 -0.02613692020241571 
17 17 17 | 0.15357048197227297 0.00016457509847146056 0.014578879350139988 0.04672713113997052 0.004891163062436966 0.008869286264544562 -0.005583003618131092 0.004593182181553187 -0.01228087568441359 
18 18 18 | 0.13306898524454258 0.03994799801958761 -0.020711142790682556 -0.01024330842135495 -0.01325306412471128 0.010743525526329888 0.005423775193761493 0.006144295271333341 -0.003896493293135964 
19 19 19 | 0.13487873572695974 -0.024674510060063222 0.02218875016181057 -0.03315866333439882 0.00928918871211353 0.013804507216014391 -0.00410523997778687 0.0038269167222239526 0.0088373579289705 
20 20 20 | 0.0533465980131731 0.05065829350901605 -0.028907466990340264 -0.018133437770488644 -0.015253875571823205 0.02617530375706482 0.009778332702926346 -0.0032839077346409045 -0.0008001516635338853 
21 21 21 | 0.4172929931102114 0.004527874185577621 -0.015062126173893882 0.017210963959842968 -0.015079886061144581 0.0023863127302211303 0.006962349575558835 0.00618021489049485 0.008866846878337092 
