-4.7924617963278315	0.5201559125426414
-4.373888115873585	0.5035380036322635
-4.796284697883838	0.5199078694406594
-4.209461496711027	0.49700490903423644
-6.736492223470838	0.38846706921488394
-3.928081441988803	0.4874216919644838
-5.921141184907915	0.4575974474947909
-4.313531789468338	0.495912150895448
-0.8608633951504838	0.384820010479998
-0.8558087647293561	0.38324071036654705
-0.8556608512304017	0.38275243868392617
-0.826623143011376	0.3760522044604371
-0.810661866055524	0.37210773249826135
-0.8848315437734346	0.3789856617298341
-0.9133221244337215	0.3833520158783555
-0.9071374355770372	0.38685743600504574
-0.8966226387824122	0.384801439799594
