-6.965251720096442	0.39904417701492406
-4.279591791828595	0.5018819341276806
-4.378577997547006	0.503669020984885
-6.766166552646385	0.3918678184572967
-4.153180921215102	0.49226334258438553
-4.854346869181413	0.5171729738333166
-3.87191451886078	0.4799892503205417
-6.846954574168515	0.39643437448357366
-0.5730481470165958	0.35216463159127387
-0.917305500006003	0.38577784805399723
-0.9074319385032491	0.3861458690762394
-0.900185479691675	0.38586929759868155
-0.9198414056669542	0.3836941637086973
-0.8087904357851491	0.37366299558891003
-0.8156289896993333	0.37429427144065014
-0.9620542220332415	0.39533576094781464
