-4.567093870535036	0.5091698752425496
-5.64478584691867	0.446990898398081
-4.484241964790371	0.5068620804052423
-4.536206037136378	0.509759762547167
-3.860866386272832	0.47868794306220774
-6.879606245677839	0.39648969220259395
-4.4550178369044895	0.5073103071428164
-6.952287701526336	0.39852347942631006
-0.8805036053964459	0.3869035243057746
-0.8764823546214228	0.38363168994312563
-0.8802994171811903	0.38386263154871764
-0.8605558376893961	0.37793265812371984
-0.8535073417637018	0.37882218717494237
-0.8479552904813632	0.37436271939137367
-0.8808624137597858	0.3843326691450507
-0.8811473775692811	0.38426778872868184
-0.5639180264231262	0.35858944195620757
