number of atoms: 18
number of fields: 9
Multipoles
---
0 0 0 | -0.42455988821863233 -0.004606857044497665 -0.0034669811290222075 -0.08019840190453581 0.055554389777041385 -0.025966234187043566 0.012520311014371408 0.11782708114922165 -0.015333563974708905 
1 1 1 | 0.06309007423130097 -0.02801997951404331 0.011972012991919374 0.061756520793299935 -0.0010785652959325528 -0.01555999702667081 0.0005020055923708617 0.16594201919721044 -0.03869653429564413 
2 2 2 | -0.3595771033453605 0.015992657792765427 0.019405812865436255 0.022975937231958805 -0.12071431508559026 0.16638586316145793 0.037963033359051206 -0.08162941819936348 -0.001358276028406987 
3 3 3 | 0.15006228479405248 0.08240861478414269 0.07178392178888701 -0.017897779209943582 0.08089096708247606 0.06319410759388389 -0.06071705008936579 0.10301419011138727 -0.05663558475242214 
4 4 4 | -0.3567722424102211 -0.02587321568324118 -0.051078911208506016 0.06570627752501518 0.10014134065988876 0.0657608342259208 0.15157402299766784 -0.02952296442391053 0.05158848198546627 
5 5 5 | 0.1304892629578882 -0.024625631192253385 0.01932271223418688 -0.10469516742549381 -0.04810873885337209 -0.0827480607755637 0.03676804242911261 -0.13419812908902545 -0.046740460171541494 
6 6 6 | -0.3255916311304121 -0.03474254485212387 -0.017677348152196758 -0.02202757285393657 -0.09697741142239691 0.17582533724507132 0.035748834518132794 -0.04991697542390719 -0.006166771166142422 
7 7 7 | -0.19093167982159542 0.0316169395954036 -0.04206178079661612 -0.0017867025009760252 -0.01830448756592752 -0.08791598055685505 -0.0792233817846573 -0.1452272110666789 0.03508240029205716 
8 8 8 | 0.1395559817292481 -0.0019718625901597214 0.048127979103990325 0.0059662909907549615 0.000933477469278059 -0.0007991770034130094 0.0018011723996813737 -0.012584485223522998 -0.014109854184232044 
9 9 9 | 0.13748497206126153 -0.0405092451652978 -0.02422405772472702 0.008347355159326292 -0.008464666148243124 -0.00781925430967422 0.011165722462447309 -0.00606072252212947 0.006214857029680981 
10 10 10 | 0.13581550208946058 0.04080836502365477 -0.02225576381407173 0.009214618050431195 -0.009748296903861378 0.009097234566930987 -0.009478480274600217 -0.00770042483276032 0.004815900799801373 
11 11 11 | 0.1453935176135016 -0.03341247841263418 -0.028916486730353415 0.013787151256058944 -0.011535269545551804 -0.012589529804230547 0.008160623872096947 -0.0033504580567361203 0.00396324227251682 
12 12 12 | 0.1399518566095045 0.0019600512691678095 0.045608425820029594 -0.009484393818486168 0.003744820622587497 0.007919123668254605 0.005595386031795026 -0.020489280549829392 0.0031630618494948404 
13 13 13 | 0.09918366881967433 -0.021396913780078568 -0.01195103055563168 -0.060554415670693786 0.009814769183047991 0.006989502585850522 -0.012513845745405417 0.013673098768768552 -0.0076620380683604696 
14 14 14 | 0.1003171448140372 0.04029340388599972 0.048063257473177814 0.011787932595936072 -0.007088979577800999 -0.014708563289229051 0.0009226312586343242 -0.016841609195389816 -0.009621696325241468 
15 15 15 | 0.13994903486700128 0.018731541613184084 -0.007202655647434741 -0.0439888780071784 0.0026462351135936317 0.013910413932584732 0.01335182589998837 0.009722787042955486 -0.00514678412133632 
16 16 16 | 0.1409663731015275 0.011641588208821945 -0.015491548128338193 0.0439269576630953 0.00672086182805846 0.004328128482454986 -0.010690432833445764 0.009707914123641654 0.0073791503021735025 
17 17 17 | 0.13332765441503946 -0.02374405973176888 -0.044800645954207 0.0091965679192944 0.004516221390465451 -0.015220101739578374 -0.00036752024357927256 -0.009726537862996999 0.0033203219453659294 
