number of atoms: 16
number of fields: 9
Multipoles
---
0 0 0 | -0.628222578616267 -0.10156866111144251 0.009462799266154327 -0.06203236043543734 0.09589106436993185 -0.09908729657803926 0.07067229162876532 -0.1200459746458173 -0.004960882828381361 
1 1 1 | 0.12662655903615505 0.037211784454451266 -0.06920508684548234 0.11791687606692446 -0.029992227636868932 0.04050948315707179 -0.025905716752998284 -0.1609734124344227 0.005922692171584066 
2 2 2 | -0.4049163109045244 -0.05706024358035644 0.060776479385284944 -0.001753001954433309 0.008176109966024823 0.037850996905787436 0.05711853378434399 0.01553117832843937 -0.12335970869291275 
3 3 3 | 0.26034876225161163 0.02338281618283472 0.1387443483804152 -0.005150325615765778 -0.040579200595034025 0.00934670897572765 -0.06029911136110504 0.12493757459025612 0.019191130753134545 
4 4 4 | -0.602789422081278 0.0014985872819907023 -0.041022535204546205 0.1267770209002656 -0.15720973986866826 -0.02741288636538557 -0.048860749881339094 -0.07623825260157054 -0.0679916660621071 
5 5 5 | -0.5469387109490196 0.013820878177234536 0.0025842675254949595 -0.023826201483974192 0.014213268399615057 0.04623662153296683 0.11192566443994034 0.08596988626143431 -0.06380288735890162 
6 6 6 | 0.6270551119978887 0.05765996980181738 0.01541911353683953 0.020124236591440296 -0.17366703459618568 0.057305093360137456 -0.048969046027662 0.2599936528214165 -0.1765347326795208 
7 7 7 | -0.5023875463904179 0.06995396719905168 -0.00014291993043792815 0.03183080208191782 -0.12199904837008675 0.050978319619185475 0.023388901071306426 0.17117466041919455 -0.1401394827268156 
8 8 8 | 0.44655222284275886 0.01959134476695183 -0.007003601245258603 0.0008695253814781426 -0.0068599675997668575 -0.002333836135293593 -0.0005552342051984258 -0.017085673953223596 -0.00038684935863722255 
9 9 9 | 0.09588651364387601 -0.06204762902388987 0.0029358771851844714 0.009001339568061846 -0.024010135224792478 0.005030013885703268 0.006407902395206836 -0.021598300641897838 0.006238072660062862 
10 10 10 | 0.08242045873959247 0.03538813741155979 0.047468524754512104 -0.030666097658097715 -0.009778534188223432 -0.006247042374645427 0.006789455120772781 -0.01601091329575789 0.018741202620005 
11 11 11 | 0.182644805128387 -0.02645939253166003 -0.03046085266299724 0.022091498519236672 -0.00016050521861737282 -0.013103974802756982 0.0014686648836613645 -0.0061492785606079734 0.01275303325809269 
12 12 12 | 0.060033268995824396 -0.05433729508858397 -0.03644831087443327 -0.024771377184381434 -0.008421788457614356 -0.017722315869183925 -0.008261390211024452 0.006981865221021936 -0.012203064553759744 
13 13 13 | 0.4245170227023768 0.0035579943866623524 0.00198041933541965 -0.022868067787666393 -0.01662760566277138 -0.0035834500359729375 -0.001922138882555225 0.011051512580351445 0.000466176391890474 
14 14 14 | 0.18933581574318026 -0.0032897216680708515 -0.044939104447109565 -0.003073613150981305 0.009832395208344315 -0.000543961909729202 0.003916434971999503 -0.00697187974015009 -0.005833196471706771 
15 15 15 | 0.18868882237771012 0.03168573127571331 0.02129792875388244 -0.021597583490773994 0.005490399019070767 -0.005079633954252994 0.015856532790702354 0.001214764322204563 0.0025927273132062374 
