number of atoms: 18
number of fields: 9
Multipoles
---
0 0 0 | -0.44579972874360063 0.01764072400156321 0.020365228541068085 -0.06793446036205529 0.09595861220726634 0.024952796649012676 0.02208933111496121 0.0656963995730088 -0.009466419990853178 
1 1 1 | 0.003141219634992254 0.0028474729554618466 0.03742052691161416 0.048674176394880406 0.05386660013390554 0.0025465840473763222 0.034355109424799725 0.035990712863228067 0.059400747791482064 
2 2 2 | -0.25522213149494455 0.043433679304128205 0.006856242220580321 0.011201784751304662 -0.1526407328493272 0.07274629669749336 -0.005021697704638187 -0.03606671369963171 -0.012189991168460883 
3 3 3 | -0.08841010893699242 -0.026294620957716303 0.005221295457087865 0.01880450902847985 0.02304106041976487 -0.12369827597207074 -0.011143237470005436 0.09102293105104782 0.06188771681464202 
4 4 4 | -0.3105904017700629 -0.018776142991751905 -0.03776776884828677 0.005274393294642829 0.028506866510954937 -0.08950460468659431 -0.048333776764993654 0.013097672594839486 -0.10615218279872006 
5 5 5 | -0.14560914546365122 -0.01033245178290102 0.029396896089330018 0.05262917889852502 -0.09084412322518992 0.04434436510120709 0.08975004824797318 -0.14637965719484622 -0.07704254991643876 
6 6 6 | 0.4357384243119604 0.061603140794806055 0.047219990129219076 -0.02007867125871148 -0.11172580191149711 0.025651469522766424 0.2448800519160964 -0.21833455769137056 -0.038100297720403985 
7 7 7 | -0.47865256103937526 0.024804255580787686 0.03605220352870517 -0.011446733637669487 -0.010516062633022545 -0.0010263694103385336 0.16980502837783323 -0.1966273235894457 -0.02892391651258753 
8 8 8 | 0.13569459269259365 0.010568089262603525 0.0418809430994648 0.015676627565725316 0.0011590982044364594 -0.00015230808303840334 -0.004929565669474197 -0.014444404747030303 -0.01296582606486686 
9 9 9 | 0.13874281528756194 -0.045895263318628594 -0.014337409598733123 0.00249023228934835 -0.011354411546018817 -0.0036755573907902074 0.010760676578787404 -0.009049367580386776 0.0008208159301187296 
10 10 10 | 0.14014651004191725 0.03487231084236265 -0.0314395502585917 0.00899689628807089 -0.0025902873331844606 0.007778904328302251 -0.011756550023960834 -0.009090746799149965 0.005581927544132692 
11 11 11 | 0.10505216780088567 -0.012072249617475318 -0.04586189722833514 -0.02317795523215635 0.008396608929322752 0.002671403279839226 -0.003101939858622502 -0.021948483344458418 -0.023311044065329772 
12 12 12 | 0.12764119302288468 -0.026539095879581934 -0.023383117349887607 -0.0393843576883906 -0.005808546011509868 -0.00036236449184874896 -0.013788841665203081 0.003962559166737848 -0.0088800277676373 
13 13 13 | 0.12519519882895103 -0.016364495097855557 0.032455077431347415 0.033777882869626956 -0.004996605503807099 0.012114913077438918 0.005339057695749681 0.004429048854742397 -0.020896817969505842 
14 14 14 | 0.14733947129272218 0.010960624553344804 0.01562587976682403 -0.056555290456897556 0.0175572706495441 0.0010375398446656717 0.0027950422261657183 -0.00020833826428523798 0.0025654208647875576 
15 15 15 | 0.18508362121415967 0.046227975015253546 0.013996247351887951 -0.021355654796907007 -0.010331272607296358 -0.00026255238855731576 0.008174306377631602 -0.0009327635292946791 0.00498426220808539 
16 16 16 | 0.15777219532281384 -0.021565611287518854 0.01275632704014893 0.04116848592990197 0.0064299143088044595 0.008922724020415183 0.009086025467702114 0.011442096899280328 -0.0055619960074374565 
17 17 17 | 0.0204792650841491 0.0017530710647380868 -0.06989009221479521 -0.0008458350349385426 0.019566757875737518 -0.018386949610264207 -0.014551934272008842 -0.025846523482024902 0.0028658635474451736 
