number of atoms: 19
number of fields: 9
Multipoles
---
0 0 0 | -0.4769267832524209 -0.004411130853436041 0.0006116055900845684 -0.06485121246806513 0.04613723923790141 -0.0005024171141735083 0.00915434240409051 0.0809134250339178 -0.023430095289080285 
1 1 1 | 0.20364739787575825 0.009345978781166064 0.05524409460348728 0.01707640632123945 -0.041528757540647464 0.09807429205223582 -0.018240457750547813 0.10997720867189956 -0.0351309347836515 
2 2 2 | -0.1901102428376369 0.012005150509159917 0.09672443731909759 -0.03598085164816766 -0.09771842559187525 0.13202953289449168 0.027908751403879693 -0.035458701350988074 -0.12180697680721687 
3 3 3 | -0.39410042733493356 -0.06730559700179145 -0.08297860841591145 -0.07857937179360212 -0.0527566794112207 -0.2633147418593087 -0.15466238051434283 -0.15856282165744448 -0.061178986070866775 
4 4 4 | 0.1306662206847662 0.06596421395163637 -0.026844166102444993 0.06147772945466899 0.018434555500670347 -0.08854485839745393 0.056902470487281996 0.019337849495533455 0.061816180410568924 
5 5 5 | -0.33634489070507545 0.012987306559588399 -0.01954973387437434 0.03130677975351538 0.08191899730971719 -0.004621557859522243 -0.05378664427032103 0.01155234346655719 -0.1468353311375188 
6 6 6 | -0.1132214982379578 -0.008053765818561516 -0.00014900395150928741 -0.005697087655693603 -0.06731147670450026 -0.06256981830200756 0.016157405585558022 0.026635805165730535 0.09614557706819161 
7 7 7 | -0.32160412253275616 0.013519348388116451 -0.02074965767795215 0.019893888061497503 0.049646005417742854 0.1418051513439402 0.03264471319492488 -0.05935907480930553 -0.10477594903381576 
8 8 8 | 0.14512657361247727 -0.028096632401316154 0.035195200553464964 0.004159280857962716 -0.0014704536685538922 0.009436209252774413 0.01019155259496536 -0.0147297856224409 -0.005765562104917835 
9 9 9 | 0.14174941967627008 -0.015169297351500195 -0.042477753676286506 0.01306005721164134 -0.00209504864453338 -0.005265557156756235 0.004545350348297519 -0.0082077797325873 0.014568050564092326 
10 10 10 | 0.15880577142009944 0.045231313746891426 0.011626631489440455 0.004639535515365876 -0.011094108170160457 -0.002382296619626519 -0.012654137568633692 -0.006436180015623142 0.00044368703403511317 
11 11 11 | 0.1409749398645177 0.04313272231378584 0.002162072477947697 0.033283754353703496 -0.011110414271942795 0.006402310138143841 -0.009661434017060072 0.008201953445038632 0.002412106464955197 
12 12 12 | 0.13188008333362844 -0.008832189072886175 -0.027139325758252286 -0.04663664820853737 0.0015543549952478542 -0.003917019060965853 -0.0016490204678038674 0.006440955113924272 -0.013696295928035318 
13 13 13 | 0.09611091333012078 0.030750586732568017 0.03757600449431102 -0.03948622203272316 0.008595916655810895 -0.008922127112500804 0.01683290641362819 -5.163168330604988e-06 0.011682592151949283 
14 14 14 | 0.14600125578094547 -0.03854636634216894 0.01680859648801775 -0.023703801166229884 -0.0066025301699818755 0.005600300285636657 -0.01518728428988504 0.0022696469576062076 0.002950107639204562 
15 15 15 | 0.12968858182873877 0.021992070963802 -0.03959529037036078 -0.011197050327192766 0.0019197006876337157 0.014654945713496412 -0.002098270450629663 -0.008479734178101578 -0.011792806177267428 
16 16 16 | 0.12287144138091821 -0.042065369709712905 -0.02431859171230679 0.02057921481312386 -0.009066380817250376 -0.01311539565730598 0.013576895615075848 -0.003520346330086562 0.006961563066979009 
17 17 17 | 0.14735249408536621 0.02198453938808199 0.022341985656757442 0.0373013063045749 0.009882549742271172 -0.00042450719447538097 -0.001903692469049741 0.004159383257847076 -0.018571881187799868 
18 18 18 | 0.13596364796338578 -0.038373200937205906 0.010751409138151166 -0.02784874883096961 -0.0056307817809719525 0.00929049850243643 -0.013167946858011608 0.00426654586588154 0.002706683410889197 
