-6.972468320884513	0.3987203878564585
-4.1886061856401104	0.5010721012803029
-4.405425225901279	0.5075837906194504
-5.96201638538481	0.46272740093028975
-4.4054765697401415	0.5075779626019875
-4.214427608141603	0.5035836405678535
-4.46339816149729	0.5053384188931459
-6.708916074610436	0.3907808494040849
-0.5470508498739575	0.34945192487863636
-0.8888089375272423	0.3768319236916972
-0.8618535906362125	0.3783224195029041
-0.6509717169420918	0.3460429212268474
-0.8618367551577376	0.3783148999503415
-0.8671493355784037	0.37842190755335553
-0.8671961223910958	0.37843504612457773
