-6.96032491839771	0.39867682006808963
-4.239759553757178	0.5035095091964228
-4.414575785561642	0.5087319425590452
-4.297607419523428	0.5008052716655853
-6.736385059428858	0.38934004652649234
-4.312352920175149	0.5006459298541666
-4.374815301761365	0.5046492742474513
-5.915834523874772	0.45917552079995094
-0.5817060684753915	0.35560561873040486
-0.929828451308343	0.3902498892645062
-0.8866986102402726	0.38226509323304647
-0.9067948344899566	0.3850237423182298
-0.9310024386368863	0.39260384030903034
-0.9068244326319937	0.3852809587369539
-0.9118723283146908	0.3869379233702373
-0.8876935579632137	0.38171540173305024
-0.6852018770432439	0.35703841268439557
