number of atoms: 20
number of fields: 9
Multipoles
---
0 0 0 | -0.3667960712323053 0.009646455534706881 0.015954626333286672 -0.026249094113261515 0.0637781711589765 0.019401884195154758 -0.030623374950822794 0.05445636344306335 0.10078221171959265 
1 1 1 | -0.10702896031961284 0.06421050323257103 -0.0005613380190798545 0.01009516832219086 0.0337445298162714 -0.04142183873708176 -0.06314277922605727 -0.061237868789237 0.0075975563753529485 
2 2 2 | -0.2831437027117154 -0.045383029394833185 -0.05853906031632971 -0.031947650607512736 -0.03435137352548116 -0.10125259125639692 -0.051163613588830925 0.04937426842478931 0.0530264245600407 
3 3 3 | 0.06743708705501827 0.053423285834233565 -0.1429616631288088 -0.037198750490533554 0.05408400531265063 0.0027504603649624974 -0.030368210042722797 0.07049563115482034 0.11632571248212366 
4 4 4 | -0.3703125541564738 -0.09916854592243325 -0.02668644428170329 0.04309609330817841 -0.0761560585052866 0.022397275630536714 -0.040017422508215016 0.05724820043302644 0.1074946999929146 
5 5 5 | 0.06698025177062394 0.05155460140564996 0.10034353938289854 0.10886758268549372 0.054396920225421676 0.024631733404842773 -0.016833098764002734 0.05625259020282373 0.12330478742861387 
6 6 6 | -0.2818878060784318 -0.045997350072858045 0.05537752107605514 0.03609441785565331 -0.036909185129317096 0.09189711303856653 0.06523795038068969 0.017320842132629077 0.07080749968885654 
7 7 7 | -0.10763760103241182 0.06423529777775076 -0.007991367255887876 0.005737993598031943 0.03194308591767013 0.07614550046160176 0.008232542658070571 0.04106928578828858 -0.04643974422433886 
8 8 8 | 0.1578840691775547 0.04326832445014625 -0.009159451952489961 0.015692426680410165 -0.013798898037574777 0.005911397725468863 -0.010016289059375932 -0.0014927618106211668 -0.00286078706393022 
9 9 9 | 0.15529271559225388 -0.04380188565741408 -0.012604509304462231 0.020448327248414777 -0.000439620983512434 -0.008260875289435159 0.013707622450704733 -0.0012122540760220316 -0.002040967247768755 
10 10 10 | 0.1223909540073519 -0.047747300333300255 0.02368075897469106 0.003693799632236608 -0.005899504782614947 0.025047028823746126 -0.0015406842652914694 0.013461863012960934 -0.00010247736133912616 
11 11 11 | 0.12287525937542965 -0.01746102487401624 0.03751896291040259 0.02586255868970808 0.00759160213288743 0.008058209066277067 -0.006145716712267643 -0.004598355154204431 -0.02143159678245236 
12 12 12 | 0.13508985374463522 0.036951599717090944 -0.02724905307250548 0.008881454701172763 -0.006707077242935139 0.023213670161571102 -0.013913304316565202 0.0007741376185978412 -0.0011304425892544043 
13 13 13 | 0.06474305159719074 -0.05237340080022846 0.004864079466771292 -0.02404325427166261 -0.019270886641161545 -0.001611550856697974 -0.03182609713666858 -0.006116228171121859 0.013132130832747842 
14 14 14 | 0.08848479007021648 0.04679720792692144 0.041151269299910434 0.004597250859872325 -0.00012951320550840702 -0.018967211490535082 -0.012008201395323931 -0.011630998720384377 0.011452636554589689 
15 15 15 | 0.06468085989935068 -0.0525692030422075 0.018515649919973665 -0.015961344166466197 -0.01971632711102753 0.028532269608484328 -0.013824423067027603 0.014698079360194972 0.002530946819304667 
16 16 16 | 0.08862515532694293 0.04717865160480864 -0.022813776275368465 -0.03387671015207891 -0.000619119535546071 0.019302832226362244 0.011238481898663588 0.01611472872896976 -0.0028764056987395157 
17 17 17 | 0.1226464180357264 -0.016952827623660547 -0.04064492305039987 -0.021184595964136608 0.007660490131952703 0.00206906872295814 -0.009829187879838927 -0.015041965083547434 -0.015953880168958164 
18 18 18 | 0.134941799141865 0.03671428657849304 0.005294354205905448 0.028463902755603867 -0.006330999747910486 0.001263711467319231 -0.027089633532999247 -0.001241572476504195 -0.0002572685779768515 
19 19 19 | 0.12250559980413178 -0.04743919800342043 -0.014806257055233666 -0.01944454602223409 -0.005507320106588873 -0.01041323161721602 -0.022985749185838185 -0.007626742222996066 0.010837325487945918 
