-6.8493329174076525	0.3965637359858435
-3.8730933796174996	0.48055845098466793
-4.795700589969821	0.5154494083181946
-4.367966589572854	0.501291096506105
-4.644384327837661	0.5140069310651874
-4.352159361687108	0.5056505571099852
-5.913501379811895	0.4584193706417603
-4.410275235196315	0.5087293206794509
-0.9805790361976671	0.39903627675977266
-0.8184946581799459	0.37739511844681944
-0.8357336351162526	0.37773500142126104
-0.884285190254508	0.3800624994118324
-0.866534787185797	0.382114417853545
-0.8644811693569093	0.3824424798379514
-0.8760019804634991	0.38198528751393634
-0.6684189456238281	0.3529284568152738
-0.8680493264944011	0.3808681434201261
