number of atoms: 18
number of fields: 9
Multipoles
---
0 0 0 | -0.4615621173959443 -0.0016479872870102206 0.005245631648944681 -0.06627461240530845 0.03083860031869248 0.013110914287862282 -0.04471517945827841 0.09880106083267094 -0.0036015936187404883 
1 1 1 | 0.15138051686839216 0.07039525331106618 0.017195629227672985 0.041716275742747735 -0.16089734609835896 -0.023088843280211425 -0.040680776555938235 0.18058644675340063 0.0036119198743024693 
2 2 2 | -0.3390494690673531 -0.03832093877212149 0.01007754542254473 -0.06908196331612938 -0.09225027439223667 -0.00040799372879382715 -0.09578571110533979 0.184226207550316 0.01830909078812758 
3 3 3 | 0.1053355434522425 0.13191432111948148 0.07397802138191414 0.020125320888016805 0.07907797034278904 0.016313274863086775 -0.06925475153073118 0.0949628479852016 -0.04781301009799367 
4 4 4 | -0.35066393947039565 0.01893388982182528 -0.05544889365604319 0.08778964207961146 0.13203677527572133 0.06981061672665355 -0.004637963182863638 -0.007457464877904051 -0.012920719289556183 
5 5 5 | 0.16157005081540632 -0.1340227197920724 0.06561960879436239 -0.027333767864251932 0.10233790548750607 -0.02319060874506642 0.00501845517920572 0.0010616513617736003 -0.0408316409607671 
6 6 6 | -0.4101611370978384 -0.013521653167257066 -0.018994064159956595 0.02065405645999262 0.04789047609488012 -0.07158392542045909 -0.02951110592542129 -0.07852847806089794 -0.08648640033267224 
7 7 7 | -0.2068863121716662 -0.022740714701174006 0.038995204696259424 0.038753908340454675 0.010829160747643585 -0.009934870797156447 0.07168863518066167 0.019444958929329507 0.04220827416102319 
8 8 8 | 0.14978944727158439 0.020794821122231983 0.04211771144495303 0.008551912571480176 -0.0013683753881810234 -0.004937672511730169 -0.010374456858398325 -0.008468595941982019 -0.012713980806810136 
9 9 9 | 0.14848500437933843 -0.04465157308484122 -0.003936314377533117 0.010386189142072889 -0.014629790230413239 -0.0025842172274003947 0.011650677888991165 -0.004587988177985665 0.0003230430276393733 
10 10 10 | 0.14234694729850605 0.02542265890637559 -0.03893812523775936 0.0063135298173280984 -0.005295463592129347 0.009667664139003948 -0.008588324208253026 -0.010296346249459439 0.00785159656812679 
11 11 11 | 0.15505167946127763 -0.04226205959644172 -0.0049983789930458655 0.02202102084817776 -0.0024253803392144 -0.0002129095421290784 0.01563872883454248 -0.012990138857095568 0.00025461279271055587 
12 12 12 | 0.06910179744314504 0.012437845040996041 -0.058595775610781664 -0.02004825295897033 0.014828739937029272 0.00601580235723646 -0.017165913866147187 -0.012642789432621678 -0.02113767581220439 
13 13 13 | 0.09538983333503315 -0.04679494561479469 0.04122956178338957 -0.01545818312160709 -0.0032728683548815013 0.019075025637093262 -0.0195368252065547 -0.0014535816595832702 -0.009617104732396221 
14 14 14 | 0.08762324779742914 0.03918898886777466 -0.027147567781252775 -0.04710589140292417 0.01141982826327316 -0.0007806309546355105 0.029180843112456428 -0.011068362413233777 -0.005789781817221854 
15 15 15 | 0.1653525700741102 0.04858016286084851 0.0021872232201014495 -0.0014774437742139511 -0.01133809258992492 -0.005711600492774666 -0.0009784802371831458 0.007519274764819087 0.002303028013885389 
16 16 16 | 0.1860902274496109 -0.03330095911766956 0.03446688304206257 0.007900640336614152 0.003222044572217384 0.01274408715203406 9.141791545238733e-05 -0.002352938167027051 -0.0040358875105677445 
17 17 17 | 0.14897727714820153 0.03617854728752077 -0.03260497990759314 0.013526639165762218 0.001844236406913283 0.015648726012747746 -0.018148411940629865 -0.006428955642155865 -0.0030252012580803587 
