-6.85617581157567	0.3953602202149207
-3.7590654243032526	0.4739641246711386
-4.684069172297571	0.5122174172832559
-4.350925841362316	0.5024661462282033
-4.350805027461333	0.5024523176735196
-4.684501061880126	0.5122631407727394
-4.215485090357819	0.49531987801768723
-5.74789973453691	0.4534947495639235
-0.8235885579615009	0.3734607224116632
-0.8563221776572594	0.3765598603855831
-0.8563754031134024	0.3765674706657299
-0.8235029991526278	0.37344023575705027
-0.882796780782587	0.38033394867223635
