-4.588462028941905	0.5136067646212786
-4.590244403002661	0.513772921995466
-4.372328465113995	0.5006599308538824
-4.538235931733171	0.5123247960878253
-4.540189300272414	0.5124782029166185
-4.372443436618759	0.5006812232373281
-4.539472459629341	0.5124313705550319
-4.539642854216088	0.5124436056539412
-0.8825699983437009	0.3841918657492451
-0.8825789728086186	0.3841954273875468
-0.8822624750312449	0.3841421366283987
-0.8822204294157721	0.384120408939912
-0.8938769660091718	0.38205595844259466
-0.8584064164368898	0.38189495697195436
-0.8580165116360777	0.38181633142116767
-0.8938395007647746	0.3820537292143162
-0.8580845171546705	0.38181299861269247
-0.8580218694478415	0.3817951345214763
