-7.003269270443171	0.40157102062671296
-4.254805719003426	0.4998235128568175
-4.61961487671182	0.5136125314603218
-4.335181044295956	0.5048904566566383
-5.9484886707255065	0.4610770702110769
-4.482499370248244	0.5119994065341046
-4.131833167113442	0.49505515787469634
-7.008436574778784	0.4004817056534388
-0.5559541115319373	0.3494998617470748
-0.9099877294918329	0.3838695285424751
-0.9302356020344411	0.3906050082464697
-0.8544711581051626	0.3776733750851597
-0.8738931848811875	0.3813172365939708
-0.6524982296699917	0.3487197665466521
-0.8509125859434873	0.3779115708019258
-0.9019056724596402	0.37940229057567987
-0.5458078356208736	0.3474005309028978
