number of atoms: 16
number of fields: 9
Multipoles
---
0 0 0 | -0.6184802003503496 -0.09667393215024714 0.0024213424994156264 -0.09012194105899392 0.09935814565765351 -0.08252123326064666 0.0874232496671417 -0.13123483388348628 0.02213069455524789 
1 1 1 | 0.08403964365288541 0.003263044171540279 -0.048784688518174954 0.14043439375247269 0.01716031307129699 -0.009100947567023902 -0.049880324746252744 -0.19636697959320026 0.02551423517110035 
2 2 2 | -0.21400620558905725 -0.01029822091958869 0.03309687750828404 -0.032358229489668634 0.0419594024875867 0.049333685409655416 0.07526969553911604 -0.024031051137576677 -0.08503416651189953 
3 3 3 | -0.21011029236899148 -0.0344588416979341 0.010627616042528211 0.020083992190087538 -0.08247318991740563 0.014182893078627763 -0.09149216488097431 0.08797121998770405 0.14902572987445045 
4 4 4 | 0.0874348661803328 0.06789089041502319 0.0441942265935468 0.08306849463114976 0.01549601843566369 0.09062986200849624 0.15291906069041267 0.007379033260603357 0.16510985144864515 
5 5 5 | -0.35595053545131883 -0.06714469030455442 -0.02912413221738284 -0.02328721087492969 -0.09338186142325458 -0.012409662442244495 -0.04517188406888099 -0.18957377978987353 -0.12897095251027438 
6 6 6 | 0.16161279222137637 0.06713969780089947 0.05928230715087066 -0.04738967865080782 0.025491180918606738 0.1404695377666925 -0.0835615166416452 0.1475596070526625 0.0024102483729207167 
7 7 7 | -0.257527833017658 -0.027478225232263565 -0.040889914657889104 0.0022864677343877758 0.08298765615020331 -0.027736465155542237 0.034681221158778905 -0.19164494835012696 -0.13473295759560783 
8 8 8 | 0.424921434235325 0.020972463700501418 -0.0044106098632612735 0.004453431982394126 -0.0012348514917954042 -0.004186328941945138 -0.007148187554018777 -0.01886347024662493 0.00477721315134309 
9 9 9 | 0.09429158377130253 -0.0582177561664957 0.017747973446962172 0.00039282535248204227 -0.02085500718024487 0.008812604593171852 -0.0023840008110493894 -0.024015282573537657 0.013698621171056259 
10 10 10 | 0.08033176459133817 0.05086137731802623 0.026374814360227938 -0.030968283756765847 -0.02043478463803229 0.001478025652705675 0.0098371273796871 -0.017256968133322954 0.01829174574758428 
11 11 11 | 0.15018479631237414 -0.03419183220614694 -0.026863921230850178 0.019016404998365714 -0.008137714731706238 -0.017702638598890697 0.008498157316588444 0.004115444437644255 0.017798344857913796 
12 12 12 | 0.15782502499476414 -0.04133627057105496 0.007628250256239076 -0.03537415962436755 -0.0026955504053502682 -0.007641911145033667 -0.012021289063896445 -0.004272724117953984 0.011129509066794208 
13 13 13 | 0.13572447201087867 0.028262637741719783 0.019087834366360412 -0.058430509768533666 0.008926126185330147 0.019564471030715357 0.016947881655496863 -0.004899106225623739 0.009628071843449009 
14 14 14 | 0.103450309988522 0.03156456723433061 -0.029246039638719083 0.05245726845083811 0.010880866097300426 0.014354810365290467 -0.010526986955559436 0.01089158059710176 -0.003478417691487996 
15 15 15 | 0.17409594304025922 -0.0033040855373889797 -0.05125978197681013 -0.018477693815460418 -0.006056186237142343 -0.0033216488807077563 0.007508103608785207 -0.008072928241566186 -0.006099324369347983 
