-6.9901433833142885	0.40136450078875824
-4.268548147938626	0.49935550789002675
-4.568757580271173	0.5124734745057273
-4.561100965447514	0.5142221205939553
-4.25613022718581	0.504378458350581
-6.741045209344215	0.3916530675529521
-4.182914177795872	0.5006312989001527
-4.6131181249934565	0.5134682483000839
-0.5750785657646766	0.351075823929034
-0.9057084162286992	0.38329827570187724
-0.9196682354086614	0.3888713468458145
-0.8498152036876275	0.37631866194607744
-0.8421749750052328	0.37766325798245304
-0.8642755279891219	0.37698155696941493
-0.8965496900114784	0.38148096732355086
-0.8259040569597416	0.3771556336803628
