-6.8486001179495535	0.39590180573859207
-3.8817560038678605	0.4826195343349001
-4.623758631992264	0.5135016893871922
-4.556605300878743	0.5127391496870957
-4.3103137071672	0.5017908527732035
-6.674282046905531	0.388294502744328
-4.298939686572964	0.500044701163657
-4.519152847783663	0.5102174181412445
-0.9664120759213644	0.39610873397110313
-0.8101449710215466	0.3707990889177566
-0.8393168724496735	0.3770686324614201
-0.861021764048085	0.3768862130021704
-0.8607610269309562	0.3768339415360226
-0.8408901358375548	0.37695537542843516
