-5.772005410910117	0.4526146090873239
-4.029355736440601	0.47490698896645117
-4.384352752671898	0.5015964287411072
-6.672036417538391	0.38806555897814055
-4.307434691501537	0.49916096809299304
-4.346768350370808	0.5015619116876154
-4.465124451301655	0.5062074374440817
-6.665181108565519	0.38776177834029635
-0.8431748580561338	0.3722397354925209
-0.8726260736225602	0.3775169086806376
-0.8709053257384343	0.37784365178422447
-0.8675100687725952	0.37828645876010164
-0.852964887550933	0.3752944090767463
