number of atoms: 14
number of fields: 9
Multipoles
---
0 0 0 | -0.591503939755702 -0.001461226635469075 0.0007854446305388175 -0.014527870168660544 -0.007901843809006121 0.009602347842381427 0.017405742886071555 0.07749140210016026 0.001106624619197453 
1 1 1 | 0.5616767782954204 -0.024109709420305513 0.003786576573793301 -0.021473389796870936 -0.10507313906960325 0.039013547499535534 0.0017750353559933417 0.19346694373709972 0.008011743788466674 
2 2 2 | -0.4425979042728203 0.055281843554518546 -0.0014137601046159385 -0.0551683402781018 -0.2650073017684814 0.06474677590307633 0.15637021851372188 0.2699948552501429 0.0014161928865330377 
3 3 3 | 0.005989527515352755 -0.045849888661875775 0.014248828005041887 0.10358824961475291 -0.13634912843001712 0.04410643394411735 0.03125719936423946 0.22636732440830704 -0.016473521235847707 
4 4 4 | 0.4770596965993281 0.07812814022807295 0.028022299862006834 -0.08861874909274933 -0.16012488732488445 0.05077088105765432 0.04106019707664184 0.13407195410851774 -0.024556642760902192 
5 5 5 | -0.8688497728145457 0.006664702948241635 0.0515526630589334 0.06895067458685279 0.09787690112156505 0.01753174602428808 0.02642033013376783 -0.13497889933323173 0.06864090847969857 
6 6 6 | -0.2934478678135868 -0.08558966548849288 0.02005144822296833 0.18879692460722758 -0.340274018266892 0.08310623125602527 0.21803377632524615 0.19738597173116856 -0.04712070383085801 
7 7 7 | -0.29945441801702444 -0.06680742791078684 0.01587443587786775 -0.20063701625428074 -0.315171905597395 0.09006788437118285 -0.16317920224799215 0.2168626455341893 0.028625421471865763 
8 8 8 | 0.17469600285129916 -0.018738496311937258 0.03903041710399612 0.012495604034492368 -0.0001449453692990215 0.003003027089685242 0.007027737758988325 -0.00704585893199473 -0.010423146365162478 
9 9 9 | 0.17433879641838557 -0.027153218447388487 -0.0343020535845419 0.010690084912921534 -0.0017319140358371518 -0.004651330709053543 0.00882582165671889 -0.007177786612153932 0.0078042851153949135 
10 10 10 | 0.18434192460880572 0.044402700469879056 -0.0051635935802723165 0.008236088905084976 -0.011665144447876221 0.002339764424540032 -0.004939184975611474 -0.001161638420933691 0.0004973111822028764 
11 11 11 | 0.1282311775316537 -0.05801359615999185 0.009234538786887457 -0.01640090478281596 -0.0021386364208114076 -0.0007115032791954282 -0.020840215932900683 -0.013610120441104732 -0.001682415706677297 
12 12 12 | 0.3855824052291239 -0.024853578709462382 -0.0017695969067376288 -0.01536938435049153 0.002746162149816088 -0.0009118837488027002 -0.011980098133757082 -0.018657838117586874 0.0011596878339656294 
13 13 13 | 0.4031299730636151 0.027515361467663618 -0.001841421195801555 -0.006820186942764167 -0.0035505901691347506 0.0021264685413426325 0.007959002959123608 -0.01586893677836387 0.0007143111375151362 
