-4.791533683338695	0.5213024852234455
-4.4880642201125145	0.505333009632449
-4.607348603936745	0.5107154375861928
-3.9222124694189766	0.4827927905344738
-6.228282396012223	0.46533627557976176
-5.652389557921806	0.4410865359721932
-5.704707202595734	0.45693532552881555
-4.319188293083001	0.502569416153962
-0.8682758326856773	0.3856263784552572
-0.8732360263879497	0.38706482147858545
-0.856107889971754	0.38239525344842656
-0.902502980079079	0.38867328734569184
-0.8807581972445939	0.3830226775355029
-0.6193853278706143	0.3446252787311931
-0.6347863534069115	0.3515744955587994
-0.6454631659013493	0.3464914034207948
-0.8696016333725956	0.3802995834972577
