-4.67467840633461	0.510632014895307
-5.224048424080486	0.4219570923673289
-4.442398762272483	0.5060051719270451
-4.625000816287614	0.5093338132187732
-3.905394388973299	0.48265938367491906
-6.849615880784389	0.3962747057279048
-4.2516799968086385	0.49479572313997877
-5.729077657520692	0.45365658885510995
-0.8537643437213726	0.378820706216118
-0.8457302619673556	0.37753172038380617
-0.8457391946018807	0.37752441501848055
-0.8376641635737133	0.37630684828963856
-0.9772577671225537	0.3993095730333706
-0.852721834323863	0.37632642559774254
