number of atoms: 16
number of fields: 9
Multipoles
---
0 0 0 | -0.1652626321823547 -0.04909747838857914 -0.026172625562080387 -0.15875145859816378 -0.03391582657900531 -0.00032760416826938454 0.028208922528959825 -0.01367300462257695 0.039321277596092365 
1 1 1 | -0.6219024189133009 0.059670654737517745 -0.02717725489464727 0.11187462599953116 -0.15628141988961944 0.052079920055698406 0.00874577095058527 -0.011722028931383296 -0.0422842170375536 
2 2 2 | 0.7567269501212408 -0.01788438190964026 0.01403495368591276 0.04307577692852765 0.10150682851893285 0.036671875759155606 0.009078779868252541 -0.033493248599946124 -0.014392498375965243 
3 3 3 | -0.5689423276295935 0.005954305187235483 -0.13671757792689776 -0.030999987422129824 0.11700560928238427 0.010984950030844473 -0.08088903638634498 0.09129871229172513 0.3177112041245732 
4 4 4 | 0.09426623038254345 -0.023787532343176675 0.11167300945371121 -0.06913327678863987 0.07672551227941837 0.013399761770873942 -0.012181030044630527 0.04545713658020503 0.008744520390154236 
5 5 5 | -0.2897027500500826 -0.006249682540033976 0.06227943990693734 0.0982577001635016 -0.048151456015418745 -0.012145909999151524 -0.011248452695198894 0.0012349379735400433 0.08203676173457018 
6 6 6 | 0.15406597082326812 -0.009216069900563357 0.059976733003042536 0.060670926413819416 0.1575997753306226 0.05082044489972137 0.0007205697412477808 -0.05920432117800018 -0.07733921212222536 
7 7 7 | -0.617449474734598 -0.006936324544054983 -0.010158058443503318 -0.02620795102219795 0.21079530154595597 0.023885779848210453 -0.05306513439746807 0.22123563057982132 0.13455307296547706 
8 8 8 | 0.11055624540998499 -0.027555759556722417 0.04902502619388948 0.01594721092558388 -0.0030800601702156687 -0.0023517052779129604 0.018149412713133313 -0.018451227494506978 -0.0028613331152576313 
9 9 9 | 0.13790816161113906 -0.021714245999831093 -0.05320829366450217 0.017947095961711974 -0.000666422895795215 0.0047074948343848325 0.018920990119842072 -0.01391521776105746 0.006805683629523273 
10 10 10 | 0.08650018328017683 0.05644284202330668 -0.0036164728459452742 -0.0075468776395402615 -0.021298608086273065 -0.0008052075093956115 -0.004646182458677132 -0.02095863432074497 0.004155657729711234 
11 11 11 | 0.3620046838634132 -8.915750985142223e-05 0.026061461325506765 -0.017958535074655505 -0.017468671860249967 0.0005974951785104708 0.007237087282806212 -0.007395314759030739 0.01777490607602945 
12 12 12 | 0.14028250671600873 0.010046801853737363 -0.054880424939417125 0.00319993584836735 -0.009651175866562289 0.0004221809233556074 0.00010826688975170567 -0.016194535630933437 0.009276038233376036 
13 13 13 | 0.14623962334874818 -0.05053289007309824 0.01649793575527146 -0.017647900506782225 -0.007997376110014033 -0.003481945895716801 -0.012693387196192297 -0.008810984952110926 0.012466294013699487 
14 14 14 | 0.14565515722510702 0.03929402352297609 0.032721384094342276 -0.022515291875603215 -0.008027092085279562 0.002510141709264121 0.00988444736353685 -0.006776613214503128 0.016157667901512247 
15 15 15 | 0.1278085011459812 0.01296722186265477 -0.06998693629022801 0.01739021354379247 -0.02443471445580531 -0.005417837173884368 0.003552103388338764 -0.012223869564128992 -0.0016929528908047962 
