number of atoms: 11
number of fields: 9
Multipoles
---
0 0 0 | -0.8391898411098477 0.030788964384850584 -0.027029809188740206 -0.06515199075180882 -0.09375079777965736 -0.016569470365138422 -0.0216632905617118 0.009961195655248884 0.04019571109342379 
1 1 1 | 0.45565153002315206 0.009866764626283095 -0.06428680353596085 0.10870777209443956 0.20784944571512703 0.014520329815444178 0.023988899176811376 -0.03765204185064991 0.005237579589735477 
2 2 2 | -0.3376904159205427 0.013302576998384594 0.06378205295671023 -0.16256587438980635 0.10794817405054913 0.01718766848604632 0.00120199081815265 -0.3536367746036625 0.05817354709925184 
3 3 3 | -0.002927756416685412 -0.009959783001573975 0.09247837494557232 0.12012274790662643 -0.09085352551892942 0.0033915546508842785 -0.006707736552533528 -0.024473616441333206 -0.11787511453357544 
4 4 4 | 0.06637090887301333 -0.016540121874009793 0.002795915897503004 0.2381540429000321 0.27252596743312185 0.024319179099292595 0.05483896498792417 0.18401258610445267 -0.18843770911283503 
5 5 5 | -0.2699019421482891 0.0024868209084022708 -0.12665854990702202 0.04640189769517856 0.3581305853689938 0.018098508697752286 0.03168695895540998 -0.08014501165377182 0.1635050836731331 
6 6 6 | 0.4127226933514194 0.004250781458595744 0.060363566183138616 -0.058932074561183836 0.2803402966746768 0.03368874445955199 0.03233881239198184 -0.09919450216875607 0.037710636991737254 
7 7 7 | -0.6970518045092264 0.005969520568893361 0.03841772097671457 -0.024105518320843455 0.32800388916551243 0.02386905664035023 0.06678279167903649 0.18569827226277114 -0.05555929584961436 
8 8 8 | 0.428875834495945 -0.002664835661875615 0.028122829677378704 0.010780770169719001 -0.013509586003934239 -3.063076692324385e-05 -0.0021426109376521305 -0.011094610956547023 -0.006037931889961565 
9 9 9 | 0.41713836078401045 4.8407733500311085e-06 -0.026345787191566238 0.01122841803855183 -0.014021833081177817 -0.0019350522969761213 -0.003037802359927516 -0.007184479681827842 0.010329810472036407 
10 10 10 | 0.36592876268187324 -0.000634389505496788 0.02373355334922206 -0.011019423839681639 0.007668881592829094 -0.00041612524177211973 9.807045555764722e-05 0.003615549409175335 0.01571627478466573 
