-6.84200020455855	0.39589124367062495
-3.8684201307682717	0.4802848224276657
-4.854868417618734	0.5166680439153775
-4.020694371658984	0.48310883738647464
-5.746355226679182	0.45650329850840105
-5.538736220969685	0.4372741357810111
-4.3918227685911475	0.5070403582670571
-4.740601012135616	0.5180694635918068
-0.9713955037344371	0.3983108031119101
-0.8172695231401484	0.37429204190063525
-0.8055418275159397	0.37372227454361884
-0.6508970427457661	0.34633756043736824
-0.8415764526889202	0.3759764279301869
-0.8013847852119091	0.3702084483843778
