number of atoms: 10
number of fields: 9
Multipoles
---
0 0 0 | -0.5645182709364853 0.09928342575352955 -0.0036555907382868976 -0.03214047620992862 0.06282595258298072 -0.006877338376795124 -0.05020785613845611 -0.09222698950246436 0.00812959494024115 
1 1 1 | 0.5200286318472074 -0.047341771768649676 0.005935982027641379 0.12915504340184877 -0.10429772051018098 0.010804066425194173 0.10811007994233565 0.0929317219351307 -0.009531185741736444 
2 2 2 | -0.46591490327959484 0.058583756319131625 -0.005516179914018423 -0.11125875346538726 -0.3284486304464003 0.01697465731724197 0.04001092464036288 0.05636866717333854 -0.0052545149909092445 
3 3 3 | 0.040911723421067414 0.054760373506556485 0.0030362112947143567 0.1186233270917351 0.006109152261114313 -0.0017357609360639174 -0.07187282284998996 0.05314213759831574 -0.0021166046831632836 
4 4 4 | -0.25934633602414525 -0.06483161122201374 0.00590357310392886 0.11609834647937635 0.0864594807628859 0.009895665885448641 0.14211210459063195 0.33810587378209545 -0.0287307156902306 
5 5 5 | -0.04342239059508124 0.05673718259698481 -0.004836520550095928 -0.09463257386306571 -0.17917625853637142 0.011056654150335292 0.02934477785162701 0.09997950734400475 -0.00814145277455813 
6 6 6 | 0.3547682250749977 -0.06371562641605306 0.00034714820797121786 -0.0313371561679228 -0.2986068627933839 0.006431944786559418 -0.13815661796495143 -0.037484676865002634 0.006103334289661659 
7 7 7 | -0.4092726968504019 0.09301480917210181 -0.0013093966586655325 0.024199582008489467 -0.3602008822509759 0.007806134502057817 -0.18912900012133557 -0.0096557946268679 0.005303126640698452 
8 8 8 | 0.4708265297320766 -0.02130417466300988 0.0009204001747241678 0.01041879058815628 -0.0002136098524610296 -0.0001511497299315961 0.004883558827545478 -0.014423929775053999 0.0009450663986962888 
9 9 9 | 0.35512852537364914 -0.030906878627703995 -0.000713972095733743 -0.039653218767147363 0.013249490625280285 -0.001444362541309092 -0.011355604700929134 -0.01813288404522171 0.001633281053268669 
