-4.783257632849044	0.5208765349081194
-4.512005126457225	0.5070797618443841
-4.689860812300071	0.5151537119253984
-4.003354834262927	0.47946352382202245
-4.705444823664364	0.5148106134367422
-4.512386546477573	0.5077584504739308
-4.782179755286131	0.5204730607962625
-5.672455106603271	0.45559338840390307
-6.82119982550923	0.3966786357494409
-0.8727433631622473	0.38684316895080034
-0.8722109969974727	0.3867116513001257
-0.8651191679210238	0.3846831243832841
-0.882553923796989	0.38389123362451394
-0.880475617245452	0.38345075671963214
-0.8648455592654539	0.38419676518711976
-0.863713897704713	0.38348549382187114
-0.8417306790792503	0.3784484583531966
-0.8669118203642664	0.38254834330965426
-0.8977937908621351	0.38668603951293323
-0.8738443235551483	0.38149534850980144
-0.8658968920232607	0.38511497619993257
-0.8716365256590283	0.38655432906719484
-0.8653009913765505	0.3848501010371836
-0.5707177724191	0.3483077422234503
