-4.759109731102379	0.5187547523996107
-4.658813063758034	0.5114160671915133
-3.98617212914569	0.4774112548240625
-4.702790109457063	0.5162752667882973
-4.612589096451359	0.5106826468823211
-4.267445818738316	0.5038407812467826
-6.98161677181207	0.40116556971189143
-5.6874153571057695	0.45733617882873573
-6.814395530861438	0.39616379315881567
-0.8507682139581606	0.3815367282429751
-0.873504323099671	0.3862807973002056
-0.8661303723630311	0.3846220104738091
-0.8468384973535452	0.3787010320043501
-0.8696276810205632	0.3813825758739148
-0.86402639289248	0.38289305269482654
-0.8434728407166068	0.37805309549653143
-0.8602015627776907	0.3796143031629689
-0.8721794760443735	0.3825209780983639
-0.9402498913229489	0.3923560343673087
-0.9359417457222285	0.39118044735467383
-0.5812824581773235	0.35447193305889374
-0.5700616600231845	0.34791624250243836
