number of atoms: 18
number of fields: 9
Multipoles
---
0 0 0 | -0.5413630086733452 0.010131059565511271 -0.00873599979422529 -0.04967912889060348 0.010900674816011334 0.007567887913332541 -0.01154586454732994 0.03711980033498674 -0.040004604803743564 
1 1 1 | 0.36523079204461784 0.03034832988022092 0.02752348872874875 0.03478810697839278 -0.08138375678671264 -0.029883880583108178 0.026339486402719207 0.209965180522528 -0.12954183662886168 
2 2 2 | -0.36096809828966503 0.13055115786373858 0.0359821097388793 0.23046406164636946 0.0058734739669153435 0.09485866392428975 0.2795849502741099 0.19621570629286197 -0.12672869911472429 
3 3 3 | -0.418459560109822 -0.18189582242372881 -0.006294853361513147 -0.028952694022947607 0.22037561936448738 0.0025398456481803295 0.04470086545222721 -0.12403956039834874 0.05534162228654952 
4 4 4 | 0.007028749203908724 -0.08544128223078985 0.08896544247662032 0.05526499265416065 0.02221399998959229 -0.061968839802896664 -0.14943275903743472 0.0569930713861032 0.06348045219461174 
5 5 5 | -0.36287557225907463 0.04217865429611206 -0.014669275843055093 -0.0704531715605571 0.00797287059402164 -0.15419580281086254 0.15866867038187524 0.03208578788305548 -0.13338929401406474 
6 6 6 | 0.001341943641916643 0.009514510217779016 -0.011861836144696712 0.13049240696356282 -0.07702052594924139 0.10893237109578771 -0.08345398473519063 -0.19089968727256287 0.009065611073987867 
7 7 7 | 0.12926568488855583 0.11612560209000294 0.09842673435821268 -0.07241983229525871 -0.02323085951455041 0.056173364424033694 0.009402106939716734 -0.018955405575156896 -0.06745864182232954 
8 8 8 | -0.6148914642477621 -0.11909456457524446 0.010695448043979103 -5.7876392056906606e-05 0.1667339080507446 0.03229861709619244 0.046321676966032496 -0.01241254896929532 -0.08817239990112918 
9 9 9 | 0.1845197971004764 0.03780943141613815 0.02818169136991285 0.0048818703514296935 -0.006544995534488552 -0.007278801771815311 -0.0059112717639948 -0.008001617153313132 -0.0016835527816107861 
10 10 10 | 0.18526275061884723 -0.04482156920092609 0.019769586115968265 0.00018337941521303375 -0.0077229013074669225 0.008805388048358353 0.0025941268907032147 -0.0040960153389144 0.007001652200056511 
11 11 11 | 0.1722722135106407 0.006954525218015184 -0.03886320121213136 0.02570710213542171 -0.00017484345455904122 -0.0018979636099627135 -0.0020312211625740846 -0.00174738247117666 0.012254811401206175 
12 12 12 | 0.43175616410873285 0.017851841159874208 -0.005454805516765037 -0.018374195386859252 0.006867096167318711 0.0014479620032096796 0.01038538688358857 -0.017089892526068896 0.008850446803218094 
13 13 13 | 0.10833640685282853 -0.024862221265092795 -0.05119330004325745 0.011787946891763003 0.013153106132208449 -0.020941007294730654 -0.0014363416758237403 -0.01501197568504307 0.010421102107055017 
14 14 14 | 0.08590507689916216 -0.05637370435131384 -0.022308118406222623 -0.013981124752129252 -0.015313829150107663 -0.001014167372553169 -0.01559532702651674 -0.016175750318338386 -0.006321223154923199 
15 15 15 | 0.10930404245713887 0.02279578327774918 0.056742777464749185 -0.006814196500182332 -0.005439756075695311 -0.0028669076433112325 -0.004205942968763006 -0.02672291704274261 0.010872214177325043 
16 16 16 | 0.0722515236293858 -0.010881861691080194 -0.0448186158212988 -0.04317419416231523 0.009895769830317655 -0.0017751202076669898 -0.01750014329153939 -0.007567495980248327 -0.02291171863661384 
17 17 17 | 0.4446575249276148 0.015695400783727345 -0.00337152579385977 0.010209125058105598 0.0025684917854730026 0.01743484967751502 -0.009680802027850658 0.00035584173162816205 -0.010304535865654243 
