number of atoms: 19
number of fields: 9
Multipoles
---
0 0 0 | -0.40735243408502786 -0.0058874875228188605 0.03734643436852209 -0.0860001734088804 0.07608458368682183 -0.04096569640281918 0.03811111338627055 0.06085554892643069 0.009472970643115029 
1 1 1 | -0.2196516464852989 -0.04833486152463488 0.001473952896111759 0.07504098320067451 -0.012551865711733189 0.016309104677382856 0.007065432613809908 0.06935110087870858 0.05791353378740818 
2 2 2 | 0.07822930338534562 -0.037997252599522816 -0.07961364002313742 0.07137297628510726 -0.0065047077240797885 0.1719452068441545 -0.10143445979589921 -0.07242094360452239 -0.022756894232806538 
3 3 3 | -0.5540436223527436 0.06168219526090524 0.04284478106240647 -0.019072659225887356 -0.23995978889884398 -0.049118969251260663 0.26582080263151375 -0.044994905039391485 -0.026791474829378235 
4 4 4 | -0.02276387352509346 -0.1094705805174652 -0.006930297723892428 -0.004862749052917294 0.13146100640759092 0.09145635489705961 0.03503513036857435 0.025715619204675782 -0.09762657272487575 
5 5 5 | -0.35206384556165293 -0.008352117174179236 -0.030739641686186037 -0.005901980827707563 -0.010395671346363084 0.14302211104039786 -0.058933161830261885 -0.06620805375079428 0.1327562675344367 
6 6 6 | 0.34735823730766846 -0.02546471552480497 0.03212276150660013 0.016289552169193044 0.17061891960311606 0.07128831009935428 -0.1475207008329918 0.0421261004741699 -0.13024967670331597 
7 7 7 | -0.3188231932221006 -0.1263657672950049 0.1805626665513873 -0.1018734366745008 0.07093903156554258 -0.06968715431381242 -0.24752370209157648 0.270755526810038 -0.10151060357933074 
8 8 8 | -0.4382315991692298 0.020718450074230562 -0.17315605034125173 -0.05588109207537046 -0.16138759190444604 -0.09643092450710812 0.10047866056392847 0.11500576320383697 0.11735746505107841 
9 9 9 | 0.15217326885563875 -0.010494511667186365 0.045797878414204796 0.020147020832949062 0.0004280351204918875 0.0004286678916829915 0.0019360263177686712 -0.0055804966725528935 -0.0167599861383344 
10 10 10 | 0.13585008139943078 -0.04216823045183817 -0.025574089158494212 -0.004404969832440913 -0.005350260685755148 -0.00929077188898779 0.0059489017320906645 -0.01331276805430735 -0.003568885705786707 
11 11 11 | 0.1294776749242481 0.04399985268429096 -0.021605839050207187 0.008529135338671499 -0.005923836678631925 0.0075337422288327795 -0.01253859359881054 -0.008868928900274069 -0.00013431171420067776 
12 12 12 | 0.13370763341007685 0.03591434304507622 0.036600134471910926 0.007018761750173798 -0.011802548714414753 -0.01588876303101496 0.007906267960827017 -0.008793397231758033 -0.006698640260826484 
13 13 13 | 0.11551004798971909 0.0066700702716348224 -0.042731294214191584 -0.023924408359475173 0.0013161657757927187 -0.005866773248992424 0.006688959437840515 -0.008674743897183231 -0.025654428931087464 
14 14 14 | 0.3303371501841428 0.003801898474427983 -0.02740890935349488 -0.0025322038183719295 0.0059787793150145 0.010939813646402752 0.006742469179650665 -0.012194940718787768 -0.008811669446787193 
15 15 15 | 0.13218514304728124 0.018903989532502278 -0.01957477621278908 -0.05754066613777109 -0.0035476811284911335 -0.0027768731398418625 -0.0010938629509069091 0.008012743831317306 -0.009247664328811592 
16 16 16 | 0.16169061978805777 0.028031924585987703 0.03507694894710118 -0.022452041211505496 0.0012715849191144775 -0.005503159284615238 0.002783786141921712 -0.0021597960557583 0.014450460627075879 
17 17 17 | 0.16539012692053612 -0.04988806662408401 -0.0022711759942710056 0.0029967186317424307 -0.01477464845285336 0.005640723258209837 -3.9332642282211075e-05 0.0010454248343119785 0.010141149132327323 
18 18 18 | 0.4290976898856267 0.009177567724081258 0.007831673157095464 0.022711938366101393 -0.009939480431973222 -0.01467452474038334 0.013372950149327848 0.007128695996766024 -0.004416027448318161 
