number of atoms: 15
number of fields: 9
Multipoles
---
0 0 0 | -0.44157781404041785 -0.01178425280963581 -0.06374730749942614 -0.16310453718528345 -0.20965535607413505 -0.005204182308883389 0.034294319258816326 -0.10210122636833645 0.09174050491784076 
1 1 1 | -0.2840361691249136 0.03001607859340533 -0.12072303386401861 0.21379072113562123 0.21659182372031976 0.03905702461054609 -0.017843576244812295 -0.34268078755911857 0.01704631848018861 
2 2 2 | 0.3129005032575325 0.016300412549511166 0.025784805288685497 0.018412576336685388 0.2865177603632166 -0.0012646409661770288 -0.018732977400958067 -0.09298206874137743 -0.05255701134938007 
3 3 3 | -0.06934433041000787 0.08760616559612366 0.006752724832818046 -0.02577773199168291 0.18462297165197178 0.005128070196704537 -0.07424510611388445 0.011407304701649414 0.06643358936943727 
4 4 4 | -0.5672013643494909 -0.10299351577559926 -0.028883034159014585 0.03136232985698124 -0.29777978984739073 -0.29235689189869063 -0.020877955666911377 0.03402463582721918 -0.11060516657185843 
5 5 5 | -0.015495246970355758 0.10561154803833141 0.05229754469140421 -0.0165625521066435 0.0589324658348004 0.17990402207042214 0.007975103306437909 -0.03219991294326499 0.003996025772332609 
6 6 6 | 0.044612854992411854 -0.10467548882392837 -0.004519765831477408 0.0807394314397321 0.043013684384632794 -0.06533647326807578 -0.18690200731868403 0.001318734554496267 -0.03415121037660321 
7 7 7 | -0.3380977809081216 0.05007073521428217 0.019319436010614446 -0.02575138224416994 -0.08072151110316621 0.0399768098878296 0.16860459812493866 -0.1790587966445204 0.041086404564644255 
8 8 8 | 0.0393273875177691 -0.08566352997897095 -0.03401808577393586 0.000681749704094344 0.2424461564821728 0.10274192664137007 -0.024037682641941817 0.0577560089085117 0.05263829821534489 
9 9 9 | 0.4341728417580273 -0.0011475865109337644 0.025045443735487574 0.004489042643343675 -0.019252226180384642 -0.002333259061820701 0.004084950418469349 -0.007491511040664842 -0.009017264845241285 
10 10 10 | 0.14906063774769895 -0.010943721980932183 0.04695464008661545 -0.035052589450832256 0.015177889470183864 -9.52307355253546e-05 -0.006811726655599927 -0.0031725349474147177 0.007725681080260289 
11 11 11 | 0.3286420183722062 0.006753563409415929 -0.006446527847618662 -0.026142884954393698 0.0030588425424229186 -0.0077611728224643356 0.0003513039514540098 0.016617370591458975 -0.015738810847868982 
12 12 12 | 0.13278095034249338 0.028153499671586927 -0.05269013036999979 0.002954122487737796 0.007657135316972174 0.017402656096569703 -0.008202676370361692 -0.004743573391065212 -0.0039389292065004815 
13 13 13 | 0.12706018920481776 -0.03812490908806476 -0.02630687813081163 -0.04223636654391307 0.004823360308083642 9.84967422553529e-05 -0.020999245172661347 -0.0023330608580729197 -0.008647466198878904 
14 14 14 | 0.14627267121230458 0.008548762754510523 -0.015336355675125386 0.06295363988411379 0.016694970339859488 0.008581916028096706 -0.0014532926131336009 0.0056131248409265035 -5.136462634010541e-05 
