-4.274679926770327	0.4981897262775807
-6.765034869120588	0.3920993605263116
-4.274086214874648	0.49812594634547624
-4.629963026522118	0.5097452998703427
-4.1431966281942785	0.49193670832744485
-4.4718462437879545	0.5076266675464062
-5.806648021739519	0.4534082957527955
-4.03956758143422	0.49094280123699907
-6.651474587546008	0.38548437706599076
-0.9130279163362361	0.38564979977545877
-0.9186267865024316	0.3868067101120265
-0.9187946571631628	0.38684173956166923
-0.9131391410126588	0.3856650570856231
-0.8396287976130898	0.37318080124392805
-0.8353803456163839	0.3738656983447394
-0.878063013363052	0.3785114374198478
