number of atoms: 11
number of fields: 9
Multipoles
---
0 0 0 | -0.5055203969344291 -0.0003606742228182252 -0.017558160095815088 -0.11361636413209497 0.18714398502517662 0.004640755270631032 -0.001211181215696866 -0.019798782537650467 -0.026365524095787376 
1 1 1 | 0.7803376453324811 0.0013115739187512063 -0.09683078222351721 -0.009555261856427296 0.20557136823364583 0.0035985689865121926 -0.0007232807723449053 0.0464662059176338 -0.11340679164749243 
2 2 2 | -0.3687645359409206 -0.00011891960610600149 -2.1327453222199073e-05 -0.014170195275465876 0.05790602911508176 0.0015644198209347896 -0.00011777202197242496 -0.029692661158369205 -0.016337725111821164 
3 3 3 | 0.5827502085817784 -0.0008922861205062839 0.03304213390412287 -0.08781127166046572 0.21962484006646668 0.005950037081633124 -0.0014003915895709424 -0.06482253843541134 -0.011786914297598029 
4 4 4 | -0.5034720550925167 -0.001555443697732731 0.09582851906997371 -0.03750618959928784 0.3273137693515448 0.006547062647124549 -0.003495723024485804 0.10028841999065956 -0.0037401346657264566 
5 5 5 | 0.2324229441994623 0.001688159004258892 -0.09676076924087793 0.07289864784383172 0.22781375292599906 0.004988568045763036 -0.0018795921035926653 0.03058574390388164 -0.026894485707535568 
6 6 6 | -0.48658423665203987 -0.0008237149372479227 0.039518122561797576 -0.042639026102612075 0.32035120228065295 0.006623268638723752 -0.002038239153548336 0.05289918263348853 -0.08625190220349405 
7 7 7 | 0.21745584450608746 -0.0003601333156684815 0.029776388134258584 -0.0028687556089048156 0.16818606743466913 0.008537740547334161 -0.004069791169205538 -0.22551934300108595 0.2704892488638716 
8 8 8 | -0.3114900651221708 0.0009459437833921546 -0.06018134791155198 0.03245496123310539 0.22538047347071896 0.009840740014488559 -0.00473927247694985 -0.22534022628761113 0.28448701851472613 
9 9 9 | 0.13233559917695548 -0.0005227602904007153 0.05490749775859296 0.04512757216148191 -0.014768233007641681 -0.0003579780086545147 0.00037609230738940784 -0.0034903580087285685 -0.01509383767151327 
10 10 10 | 0.2302204530780133 -0.0006963713360156392 0.041177031200442075 -0.024577768459795323 -0.004073797722028838 -2.2881241604452187e-05 -2.8497595815225023e-05 -0.004065331964646947 0.0067797061683968545 
