number of atoms: 15
number of fields: 9
Multipoles
---
0 0 0 | -0.45839031509039607 0.006008268821712149 0.002545849607958726 -0.06537336763170055 0.27290039523079446 0.10421801752866455 0.03643358778235969 -0.021303245135797774 0.066745780735041 
1 1 1 | 0.49969658310136555 -0.006412969121578978 0.031367624143963095 -0.06782681013226714 0.3392614755302183 0.11217651611431634 0.04920709082372907 -0.012767782897283244 -0.01772546825529151 
2 2 2 | -0.5805706384690783 -0.011426095254014333 -0.002151205450258524 -0.01408002876225522 0.06767508872788566 0.042234129027493905 0.07173905242729893 -0.015191696583829326 0.03775677894025086 
3 3 3 | 0.6683645593747292 -0.023949702889423267 -0.0005216307465365618 0.02076112673455569 -0.074419021050312 0.12874409041876145 0.06848936753041392 0.10217615802568124 0.12959322426246098 
4 4 4 | -0.5382188236728114 -0.01873116616098009 -0.028703667457276955 0.07370251770975134 -0.008598085769906116 0.18818740981326418 0.01819579983824715 0.20754747681479047 0.28556940999426295 
5 5 5 | 0.2436511989880321 0.0693607893503798 -0.003222443600610043 -0.06616108231832492 -0.04105101280092271 0.12587360955588445 0.062171702419203896 0.12907312346807573 0.14554242314643012 
6 6 6 | -0.3794720150940982 -0.010765657181443773 0.00039647748419167813 0.011628413233241115 -0.06116131007117667 0.19694868944483504 -0.03245271903607581 0.09742002118152207 0.1822926123277598 
7 7 7 | 0.24582858881269498 0.060356347115185824 0.007317436480737057 -0.07420457155823965 -0.08649200038714235 0.14994256679968523 0.06670419273943694 0.10176415904265582 0.11664888787369553 
8 8 8 | -0.5547700536840452 -0.07144233293672839 0.029406892716879764 0.02527292469684058 -0.16700046040847188 0.26778003404404893 0.027795225243640833 0.09591908821862774 0.17052444666025737 
9 9 9 | 0.03771919934814305 0.005549438521285803 -0.05494719184843722 0.05534202607267697 0.0036506831254499803 -0.0033877417249667838 -0.005320120692634081 0.006381286172664306 0.024321423796464764 
10 10 10 | 0.20363381605683029 0.03770105118433084 0.013304829925323941 0.018817048651790656 -0.007611251098932548 -0.008175235223109317 -0.008146624017413345 -0.003350885935828927 -0.0007669095401402432 
11 11 11 | 0.21050612593579887 -0.01791922920273005 0.020597290032855268 -0.03434767374556994 0.0049408891985445015 0.002314968797736228 -0.007066636656398695 0.0022385585630828805 0.012484696564057823 
12 12 12 | 0.10716359775093087 -0.057285227039595245 0.035525092228309844 -0.01999265712605105 -0.005787309948240007 0.00035847394467943683 -0.011180944433467656 -0.01568916605535032 -0.010781206745147903 
13 13 13 | 0.1872373307275529 -0.03407480525663503 -0.0006849478066399217 0.036574214445602146 0.0014196963133081292 -0.007957389349305023 0.0072191424623607005 -0.0007389965660730964 -0.0073442896788487415 
14 14 14 | 0.10625144742280734 0.024424078783797647 -0.036573690484261706 0.05474129624092202 0.015157651681447884 -0.009790986950004727 -0.013722507084658397 -0.003971931354543591 0.0004870602934632159 
