number of atoms: 17
number of fields: 9
Multipoles
---
0 0 0 | -0.4582461002509035 0.040393546908740016 0.011185235445834323 -0.032360081789722994 -0.0827084416105351 0.09724617801356877 0.03714079115883152 0.011361291900391672 0.26707991744963056 
1 1 1 | 0.4213183251076815 0.04822547739835338 0.031763430372298805 -0.033637825297000934 -0.18162824919396067 0.07194263029723981 0.023224533738753012 0.007978678253379681 0.3094867235762516 
2 2 2 | -0.18371932248429967 -0.07008730337540545 0.02994457488128336 0.1248426179030404 -0.03791897424614144 0.036219101761961865 -0.04320998438394226 -0.010449013406329085 0.13473130252632515 
3 3 3 | -0.551915482147467 0.09046334642073194 0.0964717705225715 -0.042169310850247506 0.13026598256045582 -0.010938144139284763 -0.03773353575861083 -0.14856820926565892 0.13886328238695747 
4 4 4 | 0.27443844757718594 -0.029774204138000283 -0.10158225340240842 -0.04845351000148727 -0.04506955209883409 -0.08336829977256673 0.05473020271667371 -0.0033998738378920807 -0.017466859936568838 
5 5 5 | -0.2675168332337048 0.02246468538738993 0.06798176561620754 0.09907405049734984 -0.07988546416491733 -0.07498088954049559 0.017863486164885874 0.01827319007890821 0.10217515201335862 
6 6 6 | -0.31682430503878756 -0.04384459670765725 -0.07110661724449756 -0.044239857600452945 0.0027368762318430062 -0.027154354241462807 -0.004323986880206917 -0.001759593037357367 -0.028447367728593933 
7 7 7 | -0.041475627414799376 0.06586849680438617 -0.0008368475217769728 -0.05359366948612739 0.04881263677290031 -0.057977871429864124 -0.060935276542791614 -0.02439275645966794 -0.10763736112688682 
8 8 8 | -0.39547790642349057 -0.006861759107929885 -0.025979309660425807 0.003835413003247759 -0.031001044538207918 -0.053725357672266834 0.04375463758576022 0.029654205552914814 -0.052529487286236 
9 9 9 | 0.04445515692764079 0.0027270092934535786 -0.04449580345030695 0.05555878416731485 0.020845323741780664 -0.011679883645954322 0.004724258918464273 -7.501498887605245e-05 0.02169706228099277 
10 10 10 | 0.120769223122974 0.008231858882102526 0.04866648759185033 -0.015598806157113152 0.014749547604246706 -0.014479641185237618 -0.009345123796951947 -0.01380418105166069 0.017996456250499462 
11 11 11 | 0.14932437272537247 -0.024127219082392067 -0.03799381148692205 -0.03012915355018658 0.004303888458462855 -0.006374635543016251 -0.023406586972053493 -0.006766772645472419 -0.002553181381890699 
12 12 12 | 0.34549786025084495 -0.03207428695794869 -0.002972685286955205 -0.003812953346643001 -0.007519785653288806 5.3420333907705136e-05 -0.010606586510155166 -0.012810174806394587 0.021253992388908703 
13 13 13 | 0.17801725354979392 0.047726921102099674 0.001999588923187019 -0.03592974766322713 -0.0006542343075854653 0.01768474680745501 -0.008068762919677664 0.0032052361947701663 0.028127459370861484 
14 14 14 | 0.35248307725174266 0.027385854189909246 0.027565450519421077 0.008863476676936122 0.0019183188175797355 0.005782858749963628 -0.019693271663071738 -0.009251301858607544 0.015974903168993762 
15 15 15 | 0.1449434065936488 -0.020492070069031882 0.0300898156073903 0.05409998586647124 0.012286996044771343 0.022631805903686436 -0.014410455897169562 0.00013952776337878444 0.01086105852280614 
16 16 16 | 0.18323133565237693 -0.040923930890975006 -0.020905615719841557 0.016626309453715758 -0.0070580042889868445 0.0030151143953952007 -0.008289670703225257 -0.003754577443101936 0.017818590075302513 
