-6.249788379907674	0.4684471617389268
-3.9494332377068044	0.4860400941284029
-4.542739642875028	0.5074382083969047
-4.4937190687305675	0.5109474706597016
-4.549506037325738	0.5156419900184009
-4.569442621004711	0.5081245014634611
-4.336114118272081	0.4981944030305055
-4.509447045515184	0.5170305840806333
-5.796644678039248	0.4467534456296414
-0.6399331258875797	0.35243616180507853
-0.6309516654953642	0.34843484330766694
-0.8584577463185408	0.38091100081583434
-0.8550688499385046	0.38085089112261666
-0.8683326292873915	0.3856821525423642
-0.86795299926326	0.3856223713401192
-0.8442288960651457	0.37800464838793535
-0.6350136395503635	0.3474784559321222
