number of atoms: 14
number of fields: 9
Multipoles
---
0 0 0 | -0.6160415264909407 0.00027562777423064327 -0.08493827710362498 -0.03948263008786721 -0.09144017823630297 -0.00023295087672409905 0.0005904783018066438 -0.03961270732658664 0.08167456404098067 
1 1 1 | 0.6443103355825501 0.0009981961050939386 -0.1200776933409355 0.07312656694476047 0.09576233801297258 0.0016219344468111462 -0.0005465804522082795 -0.10662589835000429 0.024100503353021205 
2 2 2 | -0.698811862285666 -0.0009998395235394913 0.09118856081505762 -0.060525719238209215 0.25048584023861664 0.0019601596524016144 -0.002868474269282527 0.12082539579246356 0.045307479775420746 
3 3 3 | 0.7205375698335761 -0.00037936325203748574 0.049106418505807665 -0.02866198329826213 0.2285496236292558 0.0024007610723060825 -0.0021400347433410765 -0.009369011869080797 0.016948313145832773 
4 4 4 | -0.5979409445705226 -0.0006134477972108231 0.040167893707704176 -0.02334337909603408 0.1956759298976449 0.0017606339499227563 -0.0017920100572004815 0.017610007686818654 -0.030513159538569364 
5 5 5 | -0.6995268767359137 -0.0009437428745087486 0.09768708374531647 -0.049525803088032144 0.2517661815246868 0.0025757073011067615 -0.001278645736430554 -0.10077138627324084 -0.08158888488320605 
6 6 6 | 0.6445912680814434 0.0010119659396467557 -0.12287694561650243 0.06782710165511802 0.09557895783659275 0.0012484276734960828 -0.0014633059471979319 0.03348395144086783 0.1040567102087018 
7 7 7 | -0.6158060985949447 0.0005444020884956037 -0.007311712363306249 0.09348299787500025 -0.09218454962949067 -0.00024322598835658312 0.0007536103019036106 -0.049057569500343005 0.0761741184774716 
8 8 8 | -0.5838071185635414 -0.00037650949934642713 0.04191025941037101 -0.024309518190708455 0.033388964865818105 0.00033309037544044075 -0.000454519524492472 -0.007742016928535636 0.013521547077084892 
9 9 9 | 0.47477659039585474 -3.094340921856312e-05 0.01795241835829888 0.013049660978035168 -0.010428581449213409 -0.0001130464856986339 0.00015371526033347785 -0.005034961724959769 -0.0071501206773041445 
10 10 10 | 0.2243626742798437 -0.00022070557905351325 0.04262264053944887 0.005913848556454539 -0.0029465036640926806 -7.666337209824902e-05 9.274508143365808e-05 0.0010098723354340833 -0.011091458392436696 
11 11 11 | 0.22454273368014188 -0.00031813587049806706 0.016057926950085802 -0.039873060751489865 -0.0029452203599871635 -0.0001034174310151694 -8.844412573457428e-06 0.009021660417827983 -0.00636208047109629 
12 12 12 | 0.47473417346200475 -0.0001102305513723154 -0.002409005508249445 -0.022062004702978866 -0.010450636520212785 -0.0001419713168718622 3.072865937282297e-05 0.008705777752241935 0.0007005444255359195 
13 13 13 | 0.4030183246279605 0.00024201720601555826 -0.028920862114838113 0.016777255320696495 -0.0172929435230409 -7.607179080297909e-05 0.00013025488681280722 -0.006377515522982976 0.011163717604762926 
