-6.249748163606486	0.4624901220224201
-3.6470076876562767	0.46901887401210535
-5.104781432812167	0.5289802255943306
-3.513296934616674	0.464939931112857
-6.979656111198026	0.4006048508761229
-6.131545820605023	0.45420613567382645
-3.385439663045679	0.460674113568926
-7.026191186002509	0.40199121339816285
-6.090424470123462	0.45241972337609004
-0.6142374620346595	0.34598949556954217
-0.5944014284871826	0.33818279234474996
-0.7616868248841494	0.3645345157407717
-0.5829028540965897	0.3380500018504836
-0.5963240192838032	0.3403228890414036
