-6.954240984606233	0.3970688124119698
-3.955502229635016	0.485015705257616
-4.731350331651619	0.5164637004901617
-4.20352228942516	0.48888082347383893
-4.581949363490394	0.5101832215697859
-4.4457896023083645	0.5058301898969461
-4.639486758405064	0.5107623967332404
-4.35321273962151	0.49970269778143317
-4.7275747697387445	0.5207962373109573
-0.5572596087740502	0.3466495361598324
-0.8303794060870433	0.3769760217776541
-0.8378998434803562	0.37530608226946366
-0.8572027919892431	0.378013501508948
-0.8264758617963188	0.3739869785091165
-0.7329940145015221	0.3588674657643224
