number of atoms: 15
number of fields: 9
Multipoles
---
0 0 0 | -0.5724423487660015 0.0873178225137761 -0.0030453451633643664 -0.06992172776942389 0.04949289223014715 -0.004774289001966959 -0.09185820152454226 -0.08262422520825075 0.005488431879578607 
1 1 1 | 0.3948875685657214 0.027705306034748002 0.0026872993217581863 0.12821938048141954 -0.20518107236011346 0.00801967518980845 0.06370108845649779 0.06445746545604644 -0.0040136133394739785 
2 2 2 | -0.37389312735720104 -0.03143896810816105 -0.000683485042492653 -0.04858015138950549 -0.0386401170547024 0.003946284256560057 -0.042977583927900354 0.25861863559354065 -0.011961534309344334 
3 3 3 | 0.16224156511953414 -0.0202516761771754 0.0004122847550373796 0.0064014980330511445 -0.07845184211785669 0.006337970673353289 0.05391122273438825 0.20939434279649027 -0.011043084107119494 
4 4 4 | -0.2247379818426829 0.0019923827505121754 0.000441182872632367 0.019628915876061966 -0.18065344538903041 0.00740538043518311 0.020534322031351304 0.1388211702699466 -0.007001136995229368 
5 5 5 | -0.09140851423763507 -0.02314983420329594 0.0008126888042953299 0.01957401886780404 -0.061849995451316656 0.002940873467553168 -0.07785078108354714 0.20863677764223484 -0.008997873400813624 
6 6 6 | -0.2789871098981491 0.010394977043997857 -0.00048618061737225966 -0.01340711049750498 -0.10545290190912467 0.00718067051553599 0.07444728544374918 0.17015493075925486 -0.009611794833018963 
7 7 7 | 0.00354668822382731 0.12126180939556244 -0.00015951606866754255 0.06807112435847318 -0.2570488294610491 0.0011507760326542082 -0.2821850744187979 0.06826926201321858 0.0010618314155971234 
8 8 8 | -0.3784339798450471 -0.11857479636443025 9.138318222134934e-05 -0.06986496653420826 -0.22018734572051116 0.0013364536366586377 -0.23628008635157902 0.08552651061409107 -0.0005970457578328765 
9 9 9 | 0.44274039122594944 -0.019601662118820116 0.0005782856843482268 0.011379072357808098 -0.0009878943510106299 -4.8148850590979006e-05 0.006190478054413167 -0.015119991823506831 0.0006364162990546247 
10 10 10 | 0.1696205939129587 -0.04919191187187201 0.0010253539035415668 0.012197886486813088 0.005468186018212881 0.00010161898152119309 0.01416769329646137 -0.004458730377198709 2.2727204525097207e-05 
11 11 11 | 0.1621001565196437 -0.0027742600288350803 -0.0012841383532430943 -0.05446067514024293 0.01889718806502571 -0.0005519060434782567 0.0001149676121082458 -0.004749787883224589 0.00022439333470973956 
12 12 12 | 0.1427972080107599 0.049517514488342365 -0.0014447728681793123 -0.028843852785066144 -9.163020532145742e-05 7.371352553029203e-05 0.011943999156386945 -0.013980086279603739 0.0005065713179757831 
13 13 13 | 0.1735241382036803 0.043791262464536386 1.0494110342534431e-05 0.027579596040110167 0.0005441668776869156 -0.0005161391132537149 -0.012934488919675496 -0.01275044374264783 0.0008183056262621296 
14 14 14 | 0.26700598549847865 -0.04828028813359781 6.454426146923501e-05 -0.027241307873512696 0.00929833530423405 -2.7264094914655317e-05 0.01063609203282003 -0.002953143384827229 -2.3981538879468625e-05 
