-4.974814052889643	0.5208633654109488
-3.7116064705236633	0.47028855939606334
-5.996745438552333	0.45836903298146303
-3.87600049998169	0.4795988764122419
-6.210155741380104	0.46191184688976944
-4.3745292419961865	0.5003634879888946
-6.668359192862419	0.38543326648422077
-4.3395973501013465	0.49906656340753675
-4.734002435308353	0.5223962495212863
-0.8165371921121415	0.3769777715675978
-0.815486381056632	0.3767511591549464
-0.8004135841655806	0.37141386479056004
-0.6081914351530086	0.3441856777149056
-0.6121125524374503	0.34437033016128465
-0.7318281282768703	0.3590607378328664
