number of atoms: 18
number of fields: 9
Multipoles
---
0 0 0 | -0.6172910843853892 0.08241539623978567 0.005322821816609927 -0.07534426607687852 0.027489629510703443 0.03705779798255254 -0.10709643440521552 -0.10686088381991876 0.046604127695683485 
1 1 1 | 0.5169340298133642 0.11365621618710063 0.07263762314537352 0.07038076170057024 -0.07627139677637683 -0.06091931018452599 0.013182241726261845 0.001199575033954635 -0.005243916521799544 
2 2 2 | -0.5041296842424163 -0.07052773075548957 -0.06908151647511906 -0.10349935697240796 -0.0018569965307456409 -0.014334923051923179 0.08315617935861576 0.09129860753109832 -0.0328258162495654 
3 3 3 | -0.25567523605075504 -0.07435643866623552 -0.015224488868309164 0.06533367743369836 -0.002617872427210139 -0.04695314914111913 -0.020895241688288744 0.07306151130506087 -0.059550142428330975 
4 4 4 | 0.1902513860779571 0.06956081945773548 0.051935712597233535 0.04540921325285402 -0.12322480635224813 -0.06794711475124854 0.09559890294873845 0.03742971714890603 -0.024230690267070334 
5 5 5 | -0.4920693573704469 -0.02712869150983587 -0.02336989556426194 -0.03560515198479785 -0.06701318583534809 -0.039957695063742624 -0.01919206675072744 -0.01929691399480952 0.004375254980618945 
6 6 6 | -0.16642413811493206 -0.03059553532327175 0.019263979941767508 -0.0163554584215883 0.010228305894596782 0.009766284577345227 0.026986381059611455 0.047730813814350105 0.05530339162498286 
7 7 7 | -0.2992480510950797 0.025256919842435416 0.028138897232318175 0.036819151160004115 0.016777341036509262 -0.05289099999218559 -0.11076934871983314 0.016635655989187703 -0.06782904907216791 
8 8 8 | -0.34084445022514753 -0.02765697757803229 -0.04395069444150745 -0.00717207531602464 0.03548024333157126 -0.08782588961565896 -0.03647144959899454 -0.08339101736131285 0.024748439774165444 
9 9 9 | 0.4616734625904233 -0.01743653510938146 -0.0021401441181586626 0.013695776381947224 0.0011691635722924682 0.009058983056327853 0.005643552208422127 -0.007257248473210014 0.010621785322289523 
10 10 10 | 0.19106138760082914 -0.043535769321554264 -0.014027108151074242 0.011463616830910137 -0.0009175731786453839 0.009875434603214092 0.006588624077599197 -0.010625675286610422 0.013426722897142009 
11 11 11 | 0.16444007005395567 -0.030814224711187065 -0.027789629051622758 -0.03231522900299079 0.008314156059699995 0.0069026287186984584 -0.01780958033874005 -0.01195502195034187 0.005533406596797364 
12 12 12 | 0.37547574177655163 0.030447963487848072 0.016199787118970386 0.004222989896326297 -0.002964037246366182 0.005495968838547141 -0.010831685098771759 -0.018302722802112224 0.010772097595386864 
13 13 13 | 0.14057392687399728 0.04074364163503519 -0.03193937506149666 0.0021752094776742574 -0.013689952293601117 0.011418821102042346 -0.011240428784479431 -0.01475061410877812 -0.007154341917050091 
14 14 14 | 0.1522206531279945 0.028150668601163133 -0.029181985289337534 -0.03271034627671041 0.009428150574424692 0.0049300845170639155 0.009165676389823121 0.00012136867582669485 -0.004323892975779881 
15 15 15 | 0.1615800150525577 -0.05042771204425152 0.011537626635880887 0.0032797785588717073 -0.01227308587747261 0.0010154563259799308 0.00038484023802278297 -0.0029406785026878405 0.0045107109351987815 
16 16 16 | 0.16525449687381388 -0.03242607161672016 0.037006366346728096 0.013822815889383677 0.004233685335932177 0.011892290337858977 -0.003978902855618911 -0.003376255134569034 -0.004906470408160419 
17 17 17 | 0.15466042997423524 0.04645141205816868 8.173572331490929e-05 -0.020545780205853525 -0.010124828738677052 -0.005206917845897841 0.004164030623778855 0.010959470551391083 0.0027660550376474107 
