-4.772593757472589	0.5182864301216815
-4.426114103020602	0.5037811986366008
-4.479583662717779	0.514169522579723
-5.6946522775009685	0.44265880639276084
-4.546158261276678	0.5151573935317466
-4.160712863015913	0.490824565978274
-5.922169816863041	0.44900172246266823
-3.806173574084994	0.4851644149381284
-6.913425478506044	0.3979607210113842
-0.8693489832454414	0.3874055461051385
-0.8458583418537828	0.3803990830464846
-0.8692661165231127	0.3873583116496761
-0.8472870967185306	0.3787591895940369
-0.6448479099504533	0.34707043510601726
-0.811496078221803	0.3735867778582952
-0.6391379643099447	0.34884001445474827
-0.9807699340264594	0.4006816944228936
