number of atoms: 20
number of fields: 9
Multipoles
---
0 0 0 | -0.22470599586495243 0.011959486782923455 -0.005442777598581745 -0.1490435750808576 -0.010714854499638377 0.018660526170090033 -0.005828474726008027 -0.022309616106180975 0.0013580954518774347 
1 1 1 | -0.15396609994303745 0.0330626469943154 -0.0019673205048106475 0.07311725964833775 -0.002886435229543029 -0.002071978185307129 -0.011967208564429264 0.09135794500408691 -0.0010091205472377949 
2 2 2 | 0.43825069842713305 -0.06828180339401393 0.01910636499897972 0.10361072977019516 -0.027673092898319835 -0.03329915006116003 0.01700718048756008 0.09152958067362445 -0.00817213690504543 
3 3 3 | -0.8796514691855757 0.10979684105080696 0.014735588658658037 -0.01886905275270059 0.08068874774417598 -0.005500459154619124 0.05981200567608893 0.12859479404473007 -0.24988891784225203 
4 4 4 | -0.6104771549954178 0.010220285676856277 -0.00464890751746651 -0.09017959259105876 -0.07114626757039996 -0.046900285872759614 -0.0947521572527925 0.11151991390776766 0.06458988902375172 
5 5 5 | 0.2533738752087187 0.050167397145745404 -0.030146119600143333 -0.15906187804910912 -0.01291247096525824 -0.005422654361350725 -0.02016754796413373 0.10262079045516029 0.06674723151046195 
6 6 6 | -0.8335027639307686 -0.08044929409023925 -0.0336083677815787 0.12168871906123827 -0.006810136694360052 0.3210456617656956 0.08239710510130042 -0.12589223115145856 0.02190848492487308 
7 7 7 | 0.023866091463770722 0.024530657836678002 -0.01024176286373141 0.12345133806685744 -0.05711815006537571 0.009715935692781445 -0.1483079542640438 0.09205426651848396 0.01737171298097795 
8 8 8 | -0.4424071468016022 -0.07945847312963776 0.0026669629459607842 -0.027026148852690397 -0.07845323862297142 0.014383991941972847 -0.072217235857554 0.014986538179222597 -0.010650915779747342 
9 9 9 | 0.12143949790681385 0.03888930950251828 0.0402907665674072 0.009392637191135277 -0.010597730147162445 -0.00025081196268536885 -0.009239004011286613 -0.01685074429162485 -0.011730512108883664 
10 10 10 | 0.14644710204996747 -0.0565372609125745 0.01435022251369245 0.005769511262304833 -0.015914475124068513 0.002494712297714958 0.0024756419396836566 -0.014626218603522935 -0.0009588790907327139 
11 11 11 | 0.10428463798027299 0.01468954932997627 -0.053308896669285184 0.011745591652164405 -0.011361466991384548 0.002362749715003918 -0.003461445099725478 -0.016135840314397257 0.017147116919953225 
12 12 12 | 0.3703538898005393 -0.012850058928739907 0.021070965525820013 -0.014216164678791164 0.006123342337729532 0.008383876966235555 -0.015783465485495644 0.0034912854832281548 -0.011365619645557346 
13 13 13 | 0.3535322664219972 -0.0037543368027550374 -0.024735636725925214 0.01330433126470566 0.015386829292615081 -0.018521346002555398 -0.0013999371018590897 0.0021422575839368714 -0.007204328348730869 
14 14 14 | 0.1981643868774986 -0.023353375698358575 -2.3557127901404814e-05 -0.033625357642046515 0.010670704698164113 0.0005929958703628697 -0.012367988157794874 -0.008133452104343445 0.00012269240882103707 
15 15 15 | 0.3568479563626181 -0.017609355889145206 -0.01262000678591075 -0.019391913151877858 0.010375566884441077 0.01587840313051409 -0.01768843622825492 -0.0036041682539303993 -0.0011380317463826556 
16 16 16 | 0.34646915504036546 0.021831879999042503 0.019263803462754935 0.007678095623806486 -0.006723886794796039 0.005133015854759422 -0.003033941531297049 -0.022577518931623422 0.013022898282608981 
17 17 17 | 0.1259238379793478 0.007214110055123966 0.04413809166759127 0.0166043850240813 0.009605574016129274 -0.014527878779948378 -0.0008775115835229092 0.00012970892582262895 -0.012460910229493758 
18 18 18 | 0.13743065570740498 -0.003561615276315963 -0.03732921579851502 0.028508044530018643 0.015769676305093943 0.007450036388889225 -0.0006558247993226153 0.0025152324937479406 0.012319048990689748 
19 19 19 | 0.16658693887179155 0.018890199764123972 -0.011111444995160017 -0.04376120734874969 0.0019489292862262097 0.0005158829498060991 0.01914984699832559 0.003788756718117837 -0.00395333312234418 
