number of atoms: 18
number of fields: 9
Multipoles
---
0 0 0 | -0.4863214621099523 0.016092319549689593 0.005404628530608425 -0.0577310064589826 0.062310969625058645 0.006207147151883149 0.027490367805408512 0.05293778459741487 0.005263744358534935 
1 1 1 | 0.09257839363528753 0.06870110318630729 0.030430145844574083 0.03504575231401547 0.13287368064628297 0.042472994900663315 -0.012587016581965257 0.01049238931722256 0.029593455182097907 
2 2 2 | -0.15961680854536198 0.111451669503966 0.00630541035949185 -0.009969004034273424 0.11862824365965549 0.1205797947172576 -0.09261173996011446 -0.05185622470384582 0.04797018556466726 
3 3 3 | -0.4976578658995292 -0.08473190022518069 0.04452963951316993 0.04564375557212873 -0.08971094633266442 0.006959702453549376 0.1591115922066702 0.06681769636734364 -0.1953901769765894 
4 4 4 | 0.7344097181520342 -0.006419468442034705 -0.015395835441475844 -0.02394806614228206 -0.017829936486240476 0.04698188220849062 -0.018493549232235534 -0.048001939977536184 -0.1202587968280363 
5 5 5 | -0.5914427079875733 0.0925116218423947 0.05098853873121138 0.05029301092382096 -0.20837531639046844 0.23110494740105372 -0.06199837648388936 -0.10648855603648784 -0.0675612359645512 
6 6 6 | -0.012257650350909977 -0.1307226158346113 0.00011406822448647252 -0.060943882578772875 -0.0009828417817593998 0.020050330514698803 -0.01732697703861742 -0.04138209705959483 -0.06864647137655662 
7 7 7 | -0.16177286671756352 -0.012266336139432382 -0.10916166022926557 -0.07679155741507547 -0.07203669133548103 0.09392226330174912 0.013099086317418155 -0.015560969821176848 0.030596676508940355 
8 8 8 | -0.48801667354677125 0.04724708925213291 0.0531362802317185 0.04961435082112994 -0.004992205393662601 0.06303704812892334 -0.007878578015873964 -0.03466040127780553 -0.04726911439777158 
9 9 9 | 0.1759387859723185 0.008175619109987604 0.046736792696670346 0.013988416147687326 -0.0010981742350138525 0.001083981221587779 0.001126092334595206 -0.010598002339104254 -0.006982461150667645 
10 10 10 | 0.1529573128998285 -0.0449010096681936 -0.014656446300715009 0.0012951062455231201 -0.010477153428863444 -0.005342348261537546 0.0071048048193153805 -0.009586316685163418 0.002191642546983223 
11 11 11 | 0.14416484071488933 0.033021361242652376 -0.02897973229694754 0.01472656936890886 -0.004416911211589439 0.00522448437607115 -0.012003829038105068 -0.009047437971065062 0.009913939655897772 
12 12 12 | 0.11156875245836129 0.00014752998238413924 -0.05146642147953588 -0.03183697800295763 0.0022453876712565835 0.0038297643356711717 -0.012480962055268526 -0.01757093202773387 -0.017235488662468084 
13 13 13 | 0.13682933958238697 -0.008046503507372554 -0.008134050228352539 -0.055390788664890944 0.011712254634400038 -0.005802379937758674 -0.010440974639451095 0.0078093617399807936 0.004671600598503128 
14 14 14 | 0.16006264913715185 -0.00885604924364136 0.045893711765317105 0.03512702251906544 0.008383369677468232 -0.0009606563128179981 0.0024065783033431327 -0.004170728501927111 -0.011498531606644383 
15 15 15 | 0.141188777015259 -0.006798353799094745 0.05438681028597146 0.030218085647774177 0.021998237914611713 -0.009644612397733504 0.01712200802515671 0.0036957985769773202 0.008431875643791855 
16 16 16 | 0.16709954505359936 0.05620729478628726 -9.543977270754085e-05 0.022671025300282498 -0.0025807394318609783 -0.0025903544726782516 0.009481224186518443 0.012299848652822262 0.02527354607948027 
17 17 17 | 0.3787502100240995 0.01653876953248057 -0.027113343894676588 -0.01376483990357972 0.010802053529702408 0.003389605294033129 0.013551517593087146 0.0003387896738874575 0.010667279795732931 
