number of atoms: 16
number of fields: 9
Multipoles
---
0 0 0 | -0.8530832637073296 0.04903844138023788 0.022565357939743767 -0.09397873854553292 -0.15562406194340234 -0.24904258623271508 -0.1786111209800588 0.02930954073258997 -0.12261944652787007 
1 1 1 | 0.3665613334161675 0.04856892292125388 0.13692275714491142 0.1132990395467745 0.034100914958457004 -0.05559379500637549 0.050980005597102473 0.02850765635843839 -0.08653460633680356 
2 2 2 | -0.05264982139966623 0.053534527143632646 -0.05275788161554817 -0.1711787482668936 0.11540445754236019 0.025967266713991525 0.05351643855160189 -0.1365882169633106 -0.04577471138877885 
3 3 3 | 0.07230097371545163 -0.05926333279277065 0.006415472973081584 0.1211751154664849 -0.03304210590567657 0.08910268412921005 -0.03277354716289781 -0.18382134700290848 -0.1042040953630789 
4 4 4 | -0.6234148536369251 0.11700574656030245 -0.0005830804448878708 -0.04904442682455975 0.13218585840638825 -0.03523720533419766 -0.0683175085978875 -0.05787542548460311 -0.054628679098142764 
5 5 5 | -0.6671657668914062 0.003977679401112336 -0.12007068700497932 0.12064454727797537 0.264598532045245 -0.016343315438997186 0.06006938136651912 0.1774469910893915 -0.20293048680314926 
6 6 6 | 0.7941707526995199 -0.0033289253564085007 0.07671114313758019 -0.018691293055480937 0.0842250086186484 0.0036245216082747677 0.01531926870124232 0.021191872711741038 -0.04486468540946986 
7 7 7 | -0.657940525005273 -0.005435505371274365 0.07233880971067609 0.07320691206465936 -0.12813781173083597 -0.0008518855771726501 -0.0188955181172069 -0.07956858051916484 0.010391080989796986 
8 8 8 | -0.6131582874928379 0.0096236782123623 -0.018631848775049562 0.05271528611902317 0.02243197632966997 0.008443468953535392 0.020700045128297727 -0.10902978242852611 -0.08038146621849941 
9 9 9 | 0.3514032500264511 -0.015753806201275814 0.02136650493978961 0.010446874543395468 -0.017856440222279533 -0.006226084049537142 0.004791278282562489 -0.009369015648708465 -0.015458401594332599 
10 10 10 | 0.39542671514959093 0.008817955759298312 -0.027344820766874403 0.0064646107459064945 -0.005425286831220306 -0.009680296121725872 -0.010363561512287563 -0.012967961250967977 0.008634567689071986 
11 11 11 | 0.09046790872890753 -0.026729177286405243 -0.02168969792415604 -0.052315613202987735 -0.00019818646299256412 0.008235767114603361 -0.015530603034000815 0.005671244323140068 -0.028322070478524322 
12 12 12 | 0.10121138542266706 0.05553462598392939 -0.014739466278027056 0.02020389077239235 -0.011882033229876536 0.019442895104717896 -0.020979067566084843 -0.01498805234112451 -0.01298986128193345 
13 13 13 | 0.4202963876755953 -0.020396444957402254 0.005329785145693947 -0.003174649212155886 -0.004066589766696012 0.00023847074165322 -0.005382868695807738 -0.015098109248280207 -0.010491005612998296 
14 14 14 | 0.4768070681549931 0.0013721866291067698 -0.008676206126965574 -0.01947646544981684 -0.010575575660053266 0.00019307075008498172 -0.00078732968337232 0.004950903337776624 -0.00894324699924251 
15 15 15 | 0.3972502117578469 0.002943252100725435 0.0292316963230022 0.011722516134458833 -0.017101601725731237 0.0021290751373783862 -0.00173632056159055 -0.009567728371200627 -0.009945635467265455 
