-4.756507555917996	0.5185552569353834
-4.662531281678521	0.5124275667637207
-3.910985248102673	0.47672617070393647
-5.8779996757646185	0.45491348933505793
-4.145869952995356	0.4928339103787923
-4.786797936969147	0.5169588749475202
-3.8613790793888354	0.4794416447935926
-6.954862655081339	0.39656996494311664
-4.884000169640679	0.5239499864939989
-0.8716520460806709	0.38581212854051644
-0.8511340395131041	0.382409973608376
-0.8698378781846061	0.38551476764209347
-0.875315237675064	0.38251912482388783
-0.854803277342711	0.38024738979097017
-0.8997294119174992	0.38270402485601673
-0.8064269479419108	0.37131805014147523
-0.5561109042699272	0.3464181080701405
-0.8244065043811465	0.37823301176320195
