-4.903727581905551	0.5204294238302883
-4.045381351752961	0.4822368635650126
-5.775956494192921	0.4505956802975709
-4.30504395003782	0.4984572158593005
-4.3223228298018315	0.4992567081717415
-5.7520782082537405	0.45128451921924495
-4.241435106241796	0.49249025902312227
-4.353130517152186	0.5027154611897426
-6.972728150459965	0.39997845098041507
-0.8175988256769631	0.376941331950227
-0.8217363889315167	0.377128327814585
-0.8415364111165274	0.3833730004179823
-0.8762465792814754	0.3798132455178543
-0.8752575832312758	0.38000015045646396
-0.8834347038339602	0.3790167875922901
-0.89913342556023	0.3856118804404344
-0.5736793164558787	0.3513514505196048
