number of atoms: 17
number of fields: 9
Multipoles
---
0 0 0 | -0.5393551039173055 -0.011135297808489148 -0.0013381335393484802 -0.043142293844580994 -0.004773380953241796 0.013378279018473622 0.025939713873650072 0.06715237191102999 -0.00967466299357114 
1 1 1 | 0.3181175951911728 -0.09613165138447939 0.0048735696987373825 0.023486709541475265 -0.1602884154977728 0.007896618416238703 0.04689715861977111 0.2180150703696878 0.004450215710439217 
2 2 2 | -0.40883013258328216 0.08996132116344023 -0.0031447297272935064 -0.06936089352932723 -0.30449425080449644 0.011479438581414349 0.17456272625446978 0.2746986396017943 -0.009868455512420188 
3 3 3 | 0.050289958416625424 -0.016235383278983165 -0.0002638041180177875 0.12559119961379847 -0.0848717371462017 0.001825741489403389 0.06356854110899966 0.22652825381776678 -0.003245922173032307 
4 4 4 | 0.03292390913000265 0.12004814409822034 -0.003416912127444883 0.04707149075252716 -0.17793552416099112 -0.00020002270101210525 0.007873919611782956 0.15931457504476002 -0.001381842968555289 
5 5 5 | -0.38829417698883795 -0.12112317508006641 -0.006210538303727703 0.056811721567080205 -0.28954835726581474 0.002423683777927087 0.1853383900830508 0.28724467718252394 -0.005577055150709024 
6 6 6 | 0.11990943045524549 0.03606490917975016 -0.00516450913945132 -0.09364677012849679 -0.1953234686810187 0.0021677197671457803 0.07016819567099823 0.22925316507778448 0.019620967258248315 
7 7 7 | 0.0003997387491265769 0.002975698982927104 0.1370655564315749 0.08287087068856838 -0.10830338688495865 0.05797513254491069 -0.002363594779245943 -0.02629582401281751 0.09316280004263579 
8 8 8 | -0.5979390439247396 -0.021173975502586068 -0.12313183723533007 0.027682829865869025 -0.1571862665959626 0.036742310754552705 0.019337433513721667 0.0709675929991226 -0.037009287891010365 
9 9 9 | 0.18240117432303893 0.033535093090445174 0.03360748548506247 0.01161579005859873 0.0005876318451087957 -0.007731695590446811 -0.004283294113487432 -0.008043650641325263 -0.0024585637572211035 
10 10 10 | 0.17826361106848387 -0.04496424088125366 0.00854345777241178 0.006112872004483113 -0.013366279731848214 0.0015632088755037584 0.005979421535620446 -0.004164249359296262 -0.0014894133629613985 
11 11 11 | 0.15846358888347134 0.010491730978362958 -0.04255762017526721 0.014024606180963295 -0.0036320919588836435 0.0052439553636339535 -0.003720530423978558 -0.008613168908999293 0.010104972641231467 
12 12 12 | 0.12375342071852935 -0.06047953422731292 0.00022737809174089014 -0.02046066966160417 -0.0018353539661394294 -0.00023542365418929552 -0.014834116461930566 -0.017251870602076287 0.0003445245010444225 
13 13 13 | 0.12474241676872666 0.010126975335279495 -0.00045655600677505935 -0.0627183387946463 0.023313146090717843 -0.0003564982068731137 0.0007070656694630925 -0.004120871848943838 0.00011285934377724094 
14 14 14 | 0.11656529616603972 0.0009918065297782397 -0.03254125479598638 0.04999483120419665 -0.001617912893818348 0.010155664877710772 0.005805440922763326 0.007216482893929699 0.025786565815579345 
15 15 15 | 0.10086657443976876 0.03958148449921419 -0.005104406417315094 -0.046780264330164315 0.0007727881349272067 0.015168079809749992 0.019112334939868855 0.013851460284344029 0.007624776925358516 
16 16 16 | 0.4263206835441202 1.216590077026068e-05 0.016901225458260876 -0.014580388034877047 -0.01491586174375253 0.004793319579355027 0.006151057168797464 -0.0027288712162066445 0.012092725234571559 
