number of atoms: 18
number of fields: 9
Multipoles
---
0 0 0 | -0.49597197058044795 0.0025214273969744925 -0.0008164670836357316 -0.05079186433523805 0.0008760783159089903 0.037855829226535645 0.04174140587387393 0.04785265137332429 -0.022534753202414156 
1 1 1 | 0.06640810848739687 -0.11454315599201244 0.06491146145164518 0.0057407089702960065 0.0032830950289977055 0.03656418950986331 0.10088592923858475 0.05241676415477394 -0.05599367531932196 
2 2 2 | -0.583919823405826 0.0902962417908064 -0.05136774718320706 0.018826424775137306 -0.0011527112661312215 -0.006159816563053112 0.01064665839446367 -0.01002155420962619 -0.006582508908022773 
3 3 3 | 0.663179703991088 -0.040206336812788936 0.022305996161685545 0.04695790871147189 -0.018997062473844067 0.12885996260396412 0.06999687897861981 0.12444124387817668 -0.03576180105426528 
4 4 4 | -0.6593909220995506 0.050479851016561994 -0.027946845003230927 -0.042389620719636895 -0.04511413633582634 0.25356675448183236 0.13601880391383825 0.23089081911358145 -0.06967611030457167 
5 5 5 | 0.48543684396093933 0.0746662769853293 -0.04246610581326032 0.02570786871473948 -0.01327141807108147 0.13966006527538355 0.004950595611688047 0.14547267655509405 0.0014151006252807363 
6 6 6 | -0.5808737467027223 0.05498701539817309 -0.031955080241941276 0.07910254394595549 0.02474490610252465 0.19780382136070127 -0.08073529843065715 0.2789609535688543 0.053180629523324266 
7 7 7 | 0.27772559352656145 -0.08574447177992847 0.04855729935146294 -0.014491069565025294 -0.017483117018802855 0.1513761912509909 -0.030439718965579027 0.15111491185981032 0.021578602559380333 
8 8 8 | -0.5357008739320888 0.023103385024639104 -0.013087977050167376 0.01373795806985699 0.010374841579539452 0.1247606272994707 0.04620308668240469 0.16933490548777622 -0.021457892966713257 
9 9 9 | 0.15025868262476105 0.002277707300141001 0.04604455573550707 0.010494327932870045 -0.0031352154570794045 0.0062317466384276795 -0.0020508173982249256 -0.014176349152336162 -0.009523732758518822 
10 10 10 | 0.15021160038219927 -0.03841311872909629 -0.02579690090625144 0.009650961405530506 -0.013637993868565573 -0.0011065382175507645 0.006759835184045394 -0.008579261909639846 0.00633093913340175 
11 11 11 | 0.15991085351816237 0.03930710835807199 -0.022430915280728745 0.014680950700833376 -0.006541720543915509 0.003806311014855408 -0.009955315102684558 -0.006945112384551351 0.005471181073316099 
12 12 12 | 0.08657614600604391 0.04576647919493341 0.039609706517054886 -0.010625113526004284 -0.010603721177319255 -0.016471538654211828 0.023020431376034337 -0.0039946569428701475 -0.0078536773468026 
13 13 13 | 0.08651283743378724 -0.010334003406431673 -0.05938413731205757 -0.011810595181542717 0.010778263309703915 -0.0015091096094838124 0.018580988605862516 -0.016070150584236827 -0.016325180626692335 
14 14 14 | 0.37291636969461406 -0.02307460400183469 0.012788019769004563 0.01890198174978793 -0.0025425712532729833 -0.011183739459138156 0.013869549047586343 -0.01741542264822217 -0.008330105174735097 
15 15 15 | 0.06699925131929207 -0.06663942686306916 0.03785141388218327 -0.018859642275035587 -0.009978137095414643 -0.008859738897043662 -0.008217194856629495 -0.02821729323931592 0.003945171151443168 
16 16 16 | 0.0961189878857387 0.03426279846762366 -0.018716223063636073 -0.05734420840223443 0.003277990962741947 -0.0128743563181274 0.01790278480246631 -0.009411292828410193 -0.010438820216395054 
17 17 17 | 0.19205840625132542 0.038290087079489804 -0.021677998240428084 0.005601204623172591 -0.005127002572756057 -0.005103303069621538 -0.011252885035456907 -0.015289267954435156 0.005982464996229231 
