-4.873728702842525	0.5223936665915849
-4.236502850095357	0.49614100994666677
-6.73574921363872	0.3869159876843998
-3.8378173460397953	0.48202002753410983
-4.684866913912278	0.5229118803062234
-6.681044032155242	0.38626917761275004
-3.466296008881527	0.45982160660353455
-6.317592863063841	0.46498721047012886
-6.103022469008066	0.46254654957297836
-0.8437665664398538	0.3807160277578683
-0.8442621787874465	0.38084693448216506
-0.8463234470396099	0.3818638655317423
-0.9131399452088611	0.3844197214038327
-0.9145749374220326	0.38481249069130785
-0.793826151938683	0.3677601374294234
-0.5973045712797975	0.34206007268742833
-0.586616538318861	0.3382046114141146
