-4.861311317219247	0.5221188598033976
-4.2381171535577105	0.4999529953262799
-6.735020366267015	0.38940954856362403
-4.369139735715263	0.5060302111112728
-4.20075687764468	0.4944323835673679
-4.656927025531557	0.5189536559304495
-4.582176602751814	0.5164349770818774
-4.427771448350832	0.5132615169237599
-5.7344468257339685	0.4428699180317658
-0.8497155132971659	0.3823267765478136
-0.8430272344042358	0.3805458496636105
-0.848182010794233	0.38213899078072516
-0.9436040804447196	0.3938549206928413
-0.9381237640109765	0.3918766674479989
-0.921197128622012	0.39195142729702515
-0.9035703741042661	0.38643766155673975
-0.8330172626400372	0.3773236845117877
-0.8373853372687045	0.37736461174156205
-0.8531843404270631	0.37929179910399774
-0.6405986174880254	0.3490713399754734
