-4.750664476857286	0.5220378381124328
-4.310673181747628	0.49781693512834824
-4.3865706593487195	0.50416368873062
-4.3100919218063245	0.5011020522619228
-6.7862129198659265	0.3921078851058252
-3.92388406328731	0.4907214542761709
-4.771917103441238	0.5176261154981127
-6.78551671079028	0.3920475498341041
-4.310815581501322	0.5011847630299444
-0.7269752781229704	0.35716759510875296
-0.904176739496805	0.3842037812913194
-0.9033702091273953	0.38342489112124156
-0.9061978912774131	0.3770743276983221
-0.8278429152587854	0.37382442855599
-0.827796005656978	0.37380453741937497
-0.9032169965524788	0.38339387265716035
-0.9040419840703482	0.3841794790029533
