number of atoms: 17
number of fields: 9
Multipoles
---
0 0 0 | -0.4132227573832026 0.010325781473658447 0.01277026382250268 -0.15198344782988607 0.16337843850319014 0.0003359196294880895 0.0018304699695884472 0.28277908422717934 0.013016897209132893 
1 1 1 | 0.048670655732305335 0.01368649584611382 0.010310382406473938 0.16100251083901798 0.17716593863613395 -0.025818348855637115 -0.003942660237887448 0.3085842310109659 0.008741014626546853 
2 2 2 | -0.16862872935718354 -0.011952623965244945 -0.010708836192624853 -0.04409475878912932 0.019340203574235496 -0.09420593060297365 -0.05098301071199947 0.040933535515718274 -0.04627958626720719 
3 3 3 | 0.17302407184742208 0.019027545678511597 0.08411129212142428 -0.004177176638240947 -0.06899631863865244 0.16515802465889434 0.007679138185869844 0.13049646682501292 -0.03893676957742322 
4 4 4 | -0.36953210097138367 -0.035907791976471974 -0.035207763526304114 0.01994756215156541 0.045031162085145404 -0.23167857806282233 -0.019989810703000283 0.09263575940485357 -0.011761471118774727 
5 5 5 | 0.17285652024836384 0.08450985003384501 0.016604405341527583 -0.005744312823194282 0.1551433845932821 0.15831091200077166 -0.040919922926757155 0.0006272648467351734 0.006462003279591356 
6 6 6 | -0.21452449304847665 -0.014437758244019881 -0.018418410719198055 0.002391675755109013 0.10407486300204764 0.020322333635942998 0.08021017183129991 -0.014758338310769484 -0.011867053542035455 
7 7 7 | -0.298827948095747 0.022992069744584828 0.02271358309257642 -0.02077140171913754 -0.014837469752493017 -0.10032284976661247 0.06621593669647301 -0.022853675937425363 0.06527875957380054 
8 8 8 | -0.21378379493528055 -0.019313139922745883 -0.013385348496809411 0.0020298028254875727 -0.06435651747458912 0.02708170377861196 -0.00885891605421135 0.07833317446544932 0.08218622868158532 
9 9 9 | 0.26978004111995035 0.0008750111105723977 0.00192934554680784 -0.053546373592714185 -0.006515498524097912 9.90821870875194e-06 -3.202250320170024e-05 -0.011284178587916823 -0.00045989207921697987 
10 10 10 | 0.1538938185814499 -0.03406528031407489 -0.03330381212485468 0.012538385939212582 -0.0046361165906729776 -0.015306763969401485 0.008831151986681328 -0.007425418165401601 0.00858430480360454 
11 11 11 | 0.11312721623163613 0.05211755430855444 -0.030940588364277394 -0.02757969536816705 -0.011215536096377267 0.01764073656102207 0.005200461750387864 0.004895422610565881 -0.005678309587239962 
12 12 12 | 0.11309536347067106 -0.02993741756820594 0.053608015638115916 -0.025994663859588017 0.010581611221671122 0.017208622380331624 -0.005438482240653526 -0.008117723361464713 0.004800336193136249 
13 13 13 | 0.1602846733339599 0.004938209572975383 0.04036960315700713 0.03494503911240146 -0.006193731275733465 -0.002420336069361544 0.002290949815201852 -0.003996762121739355 -0.01854957905939586 
14 14 14 | 0.16441909504723917 0.0022281026817428983 0.0011772272582317661 0.05147986536159896 0.006756271071096535 0.006742371560842912 0.004078752671392253 0.011126781691187452 0.004303565086077101 
15 15 15 | 0.1481037907137971 -0.031014116380226164 -0.029606140642975887 -0.02619468167601908 0.0006640104438518462 -0.006994720410550204 -0.0093517007746471 0.001926691377000661 -0.008897321311361624 
16 16 16 | 0.16017729778614676 0.041132002293123526 0.0030702331694344685 0.03421721515378837 -0.0010619085526691328 -0.0021925024413558297 -0.01827437863955922 -0.007829387350715299 0.00258647450977654 
