-5.8280718298635605	0.45585445310321965
-3.9707002609201543	0.4748282006486331
-4.657097831630001	0.5099764303337707
-4.739516741192559	0.5132659635470568
-3.987651961666064	0.4891845075721444
-6.728633301841801	0.38930119874762853
-4.22101367960473	0.5005173931403215
-4.732254079046754	0.5168029574001602
-4.641293689144454	0.5137893489595678
-0.805741809283057	0.3691522908413361
-0.8218179287470654	0.3739547808770527
-0.7996121075659561	0.3693636125083436
-0.8702611468538484	0.37829344691747174
-0.8203394162028448	0.37332776811493107
-0.8135344671144904	0.3721506217929768
-0.8243723431411907	0.3741654832770758
