number of atoms: 17
number of fields: 9
Multipoles
---
0 0 0 | -0.43905775936040126 0.058657143953646754 0.03684155153367641 -0.08672651429394823 0.01634403941422295 -0.1022341103706335 0.2883937374918025 0.19585225532123454 0.15046223892895308 
1 1 1 | 0.3608469103548675 -0.045751141461328915 0.00502063794689091 0.07004856489257473 0.015688491413912257 -0.09889139753770834 0.23579259990361476 0.15122455511252278 0.14000407393619377 
2 2 2 | -0.24230140036035408 -0.0054758245554279005 0.09203591688890513 0.027068810048987164 0.05634651198300343 -0.001688572211665271 0.047577422076417096 -0.033326626562256864 -0.039079127310131384 
3 3 3 | -0.08402156445822762 0.054036804390557455 -0.1522757322944799 -0.13078063371502716 0.16064265577703948 0.13010249348192005 0.08837362779728733 -0.07912882877275729 -0.25977613561996765 
4 4 4 | -0.14591142569061866 -0.03975214418007013 0.14814177219673164 0.09988809450260527 0.14461482934015135 0.18594652126141129 0.11955105783646436 -0.09882881877157973 -0.2927259985902777 
5 5 5 | 0.0395292106731322 0.1353769120242036 0.008664338237284765 0.00469787887492388 -0.03979039835806949 0.051739344925402456 0.0351632604962552 -0.025769610747784867 -0.07088988063676324 
6 6 6 | -0.348179088561797 0.03789270960281822 -0.11395739561179113 -0.08444479941296561 -0.03521886697810543 0.13457075714899874 0.10128484281969245 -0.06485624148834107 -0.20973470947081257 
7 7 7 | -0.1639786804129244 -0.09215592797706777 0.040727566985531045 -0.005845111181862112 0.12348104223879794 0.059026595444676234 -0.046244250607392144 0.05157512766476851 0.08185434749945761 
8 8 8 | -0.1632793156328649 -0.0917151310010346 0.007212175154049112 0.04070761982329828 0.12333614044458525 -0.02568766487803827 0.06949139849281005 0.0015106895595967261 0.09203833307166238 
9 9 9 | 0.1881743203103955 -0.050450282203956635 -0.01829682549942569 -0.01671707395360253 -0.005052021446223456 -0.008545267812241925 -0.009419806428884528 -0.0068501241667222905 0.0011452794036100227 
10 10 10 | 0.1846074502030135 0.03155952730446389 -0.030490851682701055 0.035056974754502195 0.000613762906004213 0.003018071908130253 -0.01063227306851382 -0.006984710185913362 0.00862985546934599 
11 11 11 | 0.12769802794431917 -0.023262739536888583 0.044038407232557385 -0.03714558623979522 -0.002151633731886357 0.019921824123207955 0.0019483050979499997 0.0045977444794608295 0.014948489345362208 
12 12 12 | 0.12562556317930607 -0.023189962935356502 -0.021543109733127317 0.053213160506295855 -0.0016915677618425295 0.007946214138286802 0.01839054439248372 0.004720514923184154 0.015470418221308957 
13 13 13 | 0.1388549030972438 0.016030981874679034 0.028254780145499946 0.046980878044503585 0.00422243761217208 -0.010353690498299756 -0.006500370415303341 0.012874116199350137 -0.001098692427853208 
14 14 14 | 0.1363805830910889 -0.002109069364114804 -0.05515929765434386 -0.014930464941792594 0.01146775352384817 -0.0017009699769588431 0.008740946980431118 -0.005118076181514446 -0.004097907224875849 
15 15 15 | 0.1441940779606874 -0.0019933793921342183 -0.03066034816934471 -0.04959839944661761 0.0099859233898464 0.008042644906919385 -0.004244833160592536 0.00032233054349608035 -0.0047820041355642945 
16 16 16 | 0.13981612065973004 0.01584558553559345 0.05349689338469097 0.012016394098154994 0.004202185896479415 -0.009031240607725506 -0.008037206343109636 -0.011249064116538024 0.00600799668547073 
