number of atoms: 18
number of fields: 9
Multipoles
---
0 0 0 | -0.458812478488551 0.02097292311452865 0.004231606127963053 -0.11221309906146196 0.17880720969382846 -0.0004099545365943677 0.08283091369309517 0.3350681880759962 -0.022859583452600304 
1 1 1 | 0.3890369490627945 -0.0020216033050292374 0.02276279663877202 0.08401306875535082 0.13416109668791865 0.0011616524830152135 0.06626539857878547 0.273568494169553 -0.006391404454412938 
2 2 2 | -0.4231576020681489 0.006619545814738232 0.036184787325999605 -0.02984970844871615 0.07327154215009608 0.08552744668074277 -0.005143725346441547 -0.011673970759691264 0.005089781255862873 
3 3 3 | 0.25046117923193023 0.10112745966183817 0.041252493287286224 -0.023017598023097493 0.03866759307060835 0.08220077511014587 -0.07547538694121202 0.020528012213753725 -0.0796761318081489 
4 4 4 | -0.40801221403465604 0.004368978015942185 0.0015687402943529887 0.013641128954887383 -0.009363794106933616 -0.046732835449853 0.09913941756991351 0.051263583292134936 0.10731978326983514 
5 5 5 | 0.3579051781770808 0.015789517857178057 -0.0013416239482589533 -0.0923166291330576 -0.06211434765159645 -0.030511881784279958 -0.09934668605244062 -0.15012749523984215 -0.05154906866242208 
6 6 6 | -0.395406878739994 0.045886081531119886 -0.010197651067662345 0.024027539293328518 0.038395283676123444 0.06143692338701124 -0.0034591238941569847 -0.1365283770460908 -0.04996855288108055 
7 7 7 | -0.4043075843869355 -0.01712167303281345 0.05244462180240366 0.011630137685056757 -0.10832129002656583 0.0333799952334817 -0.11462002944167475 -0.024792204498219696 0.006285305247906809 
8 8 8 | -0.3803945058702034 -0.014211397980318242 -0.019801163657097855 0.03929249679718715 -0.03646023637166806 0.12953578292824175 0.12145216322277952 0.03553462874282561 0.18575106965110497 
9 9 9 | 0.18688751108844104 -0.03750518014946015 -0.02963333280392697 0.01132418712089453 -0.0042374257464017386 -0.009889976949289506 6.586347566833098e-05 -0.0035054878349771988 0.01225167458084976 
10 10 10 | 0.19390919477301094 0.04454967454235383 -0.0022581245683458684 0.020787546847720134 -0.007165467375019115 0.002050241201467026 -0.008885153882326921 0.0010754034592301025 0.012614499047968686 
11 11 11 | 0.08630486190018027 -0.051857499269504885 0.02292443642129304 -0.03540016491214081 -0.01543158817226277 0.011205132447967654 -0.01751567527172832 0.010765639172290046 0.005493398481038393 
12 12 12 | 0.1550974426752384 -0.040600706693692354 0.022832676428770102 0.013756513843133976 -0.008344406374487913 0.0065291924824799905 0.011698866555790565 0.004567346674149099 0.0009057355387917304 
13 13 13 | 0.15198466710484793 0.020594503650637704 -0.03509943238724292 0.022133941336313762 0.004003268812831725 0.007703965375624422 0.0013349399654906768 -0.0036483247328185715 0.017651320675277055 
14 14 14 | 0.1816418916301734 0.0127121394094773 0.029742447781882075 -0.038019957866240614 0.0036507074785292947 -0.007648826841702099 -0.004576178697850974 -0.001318375478719276 0.01027395972764452 
15 15 15 | 0.16566950441183403 -0.02472298885898186 0.008688697116369083 0.04106727937901275 -0.004650928149911249 0.0016908613346774634 0.006773595039221373 0.007789152618700837 -0.010806153428398286 
16 16 16 | 0.16691399564110765 0.0008063502041837654 -0.014466473261102482 0.04621246890102141 0.01257023406926526 5.058482576073795e-05 -0.006944698130479696 0.004172009341626989 0.005301709126481492 
17 17 17 | 0.18265019099466262 0.03638184103232674 0.008123308816227057 -0.03288346465980098 -0.006288177546844952 -0.00464524028754249 0.010646380602457907 -0.0028106621334884774 -0.005145136800130056 
