-5.8236859437355095	0.45552812982445867
-3.9885790996833204	0.47696121137343517
-4.73922636340066	0.5137514771155022
-4.330809327651059	0.5020303083050962
-5.943791502631789	0.4569381189325346
-4.390121346715445	0.5058604535104786
-4.364768888627838	0.5046693990309079
-4.523786272233623	0.5110484147945916
-5.916852124271853	0.45872924787210995
-0.8253788995174665	0.3750463809456132
-0.8105986179182116	0.3725603536283794
-0.8857224656549563	0.3804504403823066
-0.9266121728371701	0.3920777773769934
-0.6678886715543659	0.351266794127668
-0.8857580230386752	0.38255804240026864
-0.9343318224211823	0.39710275916302545
-0.8607963310440007	0.3755630029630172
-0.8547333144373952	0.37629031398193047
-0.8748884523550268	0.3832418455044297
-0.676204706468115	0.3552704871012993
