-4.488509265521956	0.5080935465194704
-4.214714047277185	0.4989076357285902
-6.729431576534651	0.38993184492211386
-4.273054074978745	0.5047115979058412
-4.606716370110012	0.5133642063810225
-4.3788775473050014	0.5076580176130089
-5.709498593957376	0.45230192613833425
-4.416275312694981	0.5067942271571128
-4.516261354574608	0.5101566989067376
-0.8874076362943106	0.3834525691911792
-0.8627869860797097	0.3782459192849759
-0.9029994065171241	0.3820364238332124
-0.8672236015315321	0.3761188405784779
-0.8421823561377548	0.3783781997593117
-0.8689790257234454	0.3796659107434604
-0.8946297932439597	0.3840015711105515
-0.8785277345065476	0.37927977902553317
-0.8688781916065935	0.38121072002672957
