number of atoms: 18
number of fields: 9
Multipoles
---
0 0 0 | -0.13414026179316885 -0.01882470973409223 0.007734611366289748 -0.11908520675514257 0.07022538182271357 0.005850908543228495 0.01942636835937265 -0.09511247097175558 0.04441999817570891 
1 1 1 | 0.1351587747739007 -0.12219012819226518 0.022392541496851697 -0.01617175561503956 0.12251004187674737 -0.05708679014820319 -0.014536545837288702 -0.03854465249269494 0.006094086074496297 
2 2 2 | -0.3405028351264008 0.045922531518090635 -0.009689784188266848 -0.08290977031082844 0.09977421854165562 -0.01881997480130686 0.13582083445531357 -0.04390127604343412 -0.0032858438437370564 
3 3 3 | 0.07093464867979993 0.05693964151900104 0.015382196928915463 0.13361325284998715 -0.042434793410877 -0.03809225716683348 0.09167338871684745 -0.058126365247462085 -0.03554492825232738 
4 4 4 | -0.2518135687021301 0.045892022457603085 0.024290809767946037 0.010325487322852992 0.004734997990145299 0.0017099980697225811 0.025288433790473047 -0.015424895852009771 0.12187239309144512 
5 5 5 | -0.03165616733955279 0.11544361493359376 -0.059218433187338285 0.027659150437692428 -0.02656472755706296 -0.0491649425126635 0.04075810917214452 -0.014367514539323632 -0.09279668185315242 
6 6 6 | -0.34953102999043484 -0.03327982340689179 0.13468898306928234 0.06885102993728269 0.16791915816840103 0.039468458329378814 -0.0035782482745857305 -0.17593387489714163 -0.23761887274923585 
7 7 7 | -0.06493625759559762 -0.08221683704344918 -0.047247916450775695 0.026238672149572394 -0.04493812348203501 0.08381516858788088 0.12044042215020023 0.03022305235829295 -0.05067121266247282 
8 8 8 | -0.16115540514260562 -0.03670611485986364 0.0023891850914792546 -0.01852628579904495 0.033991614711379306 -0.05855672957781159 -0.01763281227602934 0.008564843363256256 -0.029923304750185408 
9 9 9 | 0.11259236370568837 0.04926560945184233 -0.02159966919308638 0.004651437736995634 -0.020070135448141697 0.003512427919049966 -0.005162031203387905 -0.011023553538916209 0.011858685577366844 
10 10 10 | 0.13721301392029095 -0.04873308657434842 -0.022801240498650663 0.01402320084059912 -0.008827603779455604 -0.005331715337934614 0.012795724228002705 -0.012482799899082174 0.01288029532946466 
11 11 11 | 0.09700059348287637 0.023436352943656844 0.020501245305009776 0.05595498408128945 0.01745564698689823 -0.00984584447194048 -0.016248061426038688 0.00694938196903662 -0.005664414746554452 
12 12 12 | 0.13277639846846745 -0.06341856842566394 0.010819638503502083 -7.937533183657823e-05 -0.01432799771634179 0.0032050887653648557 0.0035308646607491623 -0.02324163644260427 0.0033160741424016586 
13 13 13 | 0.15781764386224395 -0.009486308621907611 0.035748200747394925 -0.037453490545970115 0.012706587358045068 0.01019406501464001 0.007426956947535778 0.0006850451721203654 0.005306862923850052 
14 14 14 | 0.13102097427655834 -0.028822769500097233 -0.028636909718445066 -0.04603801188663639 0.004356056295863379 -0.021916752099191198 -0.0006889832995945132 0.015576520558811544 -0.0006464031054850751 
15 15 15 | 0.10537020675604214 0.043783444833818436 -0.021860359746187795 0.02649814434627454 -0.010770923250750998 0.01624889001025718 -0.008831522146197637 0.01198563492256901 0.0060988281773620414 
16 16 16 | 0.12147226549345436 -0.01061230382612766 0.009105068435280552 -0.05529445438105221 0.005108689339027473 0.007570772069644198 0.0066426406358072706 0.02024491803160648 0.005712686032170359 
17 17 17 | 0.13112180839340892 0.02379825839127416 0.047579014402153195 0.0033786640925886503 0.005512521144006448 -0.015131402630253532 -0.0006770338046966009 -0.010531065513271841 -0.0015436520542719452 
