-4.423281639523636	0.49890144624998867
-5.842254236145761	0.455850324555075
-3.9611472777471817	0.48351041765042974
-5.808651561216181	0.4550089663470758
-4.384463288785568	0.5047117414849449
-4.271925957318241	0.5030967010604034
-6.75703588527053	0.3934558603644611
-4.15873619326024	0.499155960119568
-4.384270288344269	0.5046855989694007
-0.8679291688491133	0.3800240125735028
-0.8678333276449621	0.379986534232462
-0.9159406177494321	0.38517506281793373
-0.8576529153277695	0.3780970013907194
-0.8649309276912552	0.3770822988873802
-0.8577229626821802	0.37811444358867363
