-4.62500248296812	0.5143893167752752
-4.378261593371088	0.5041485842728455
-4.6327841267411	0.5151319127061916
-4.48352825328711	0.5076892593687671
-4.13689743479417	0.4936058892227734
-4.763409931559941	0.5171432607670767
-4.126537688419538	0.4944645093943793
-4.690680267325189	0.5153802740173394
-6.77676151017786	0.3922508826066671
-0.8754081701810574	0.38390355716041136
-0.8879867059923625	0.38556840721133945
-0.907771458504275	0.3860842567296614
-0.8603185330809093	0.38161746304200517
-0.8780922479925735	0.38449771857096093
-0.8997835940262103	0.3861022780052496
-0.9286660169714386	0.38574055627570614
-0.8541773673974912	0.38012653540823604
-0.8570528219602083	0.3795721575153084
-0.9279411137413757	0.38545065184131033
-0.8716298850459784	0.38491869941916035
-0.8669205447608842	0.3829962931835989
