number of atoms: 21
number of fields: 9
Multipoles
---
0 0 0 | -0.2703140082460287 -0.021418142316809836 0.024304647882451094 -0.04271897427628173 0.06658677031484748 -0.06736849210537262 0.07091007101156173 0.017648574536507023 0.1077305227965631 
1 1 1 | -0.02372176571737139 -0.037008448841739296 -0.0035511964044619916 -0.04187523386838418 0.005201105921398705 0.08775226670006894 0.011117402203482405 -0.04961178891867098 -0.03982566476459995 
2 2 2 | -0.2787598277229675 -0.05385329708121777 -0.01393519288058844 -0.0010694520038094977 -0.047354359142568 -0.0980868968132356 0.10048900491932897 0.011973438015324873 0.08319600008087917 
3 3 3 | -0.1268225878004019 -0.00801837212015136 0.028126557065947955 0.021175302041303225 0.023847504365753624 0.019468770807225436 -0.1087779999805726 0.04150592952455543 -0.0882836236571059 
4 4 4 | 0.21630367589262267 0.01879316499781344 0.10446283794976785 -0.003218204092393986 -0.10892525155402619 0.13561840757462035 -0.07557098801091658 0.06803786961537694 -0.0998354255126522 
5 5 5 | -0.40345021322409025 0.017158003419902975 -0.00861857747229669 0.030631619764930233 -0.050002767845196756 -0.11076245998429186 0.0762719204859845 -0.001329572378677007 0.05716755571538539 
6 6 6 | 0.22409527998612244 0.09089639481773382 -0.024536110863479763 -0.052166290695540504 0.06892928928801118 -0.011870744386056327 -0.13803652923486073 -0.08016763077346986 -0.09927855883412524 
7 7 7 | -0.33233238379719676 0.04855043697570616 -0.07628506378047621 -0.02234779497840947 -0.0249365662014941 0.079915920880095 -0.134365572131618 0.006037113208460408 -0.05052951154217119 
8 8 8 | -0.3909559892764385 0.003385751466940146 -0.02973931174401894 0.07781196319884565 -0.0251499381908478 -0.1556147665839701 -0.030492939034938826 0.11044836374385353 0.12626179546202207 
9 9 9 | 0.12459182981894379 0.04275904362501387 -0.01506574124623467 0.02070771268539052 -0.005101936000999711 0.008954923812899564 -0.012547989227569502 0.002366811988603394 0.012051614549688717 
10 10 10 | 0.11201329400763926 -0.04541746917865376 -0.010410853942159806 0.01125326090150505 -0.015563922390665228 -0.009202867534244256 0.008191715569911296 0.0029792187305725166 0.011725197570609889 
11 11 11 | 0.09222854149572579 0.022167274323154674 0.02552075576415667 0.04088344354450569 0.007831291674369958 -0.01134183276841846 -0.014445684086819373 0.010295088577391486 -0.018657531188383942 
12 12 12 | 0.139681466919092 -0.009566659299766234 0.030728328460809983 -0.04183246146104586 -0.004752628914371068 -0.0029727032546252017 -0.0030882270016992152 0.004966351129244815 0.022073274794524787 
13 13 13 | 0.12190775200742643 0.04090821192271275 -0.016304403947384083 0.022920415293079498 -0.015820887155831236 0.005727196818355533 -0.00827238770461117 0.0012974266079286622 0.0068350407714264805 
14 14 14 | 0.10021640597379056 0.028039008744831638 -0.0420781538106833 -0.011457639277943686 0.00531139569421639 0.017494971005154805 0.002769973738254209 -0.01399435433638808 -0.012832563538518032 
15 15 15 | 0.07133398302856386 0.0016274598971861287 -0.03491831045017093 -0.054853524233477606 0.006013507076678313 0.007540426665577313 -0.0004146249823071243 0.008937653017245903 -0.026919269980054044 
16 16 16 | 0.14582263260250805 -0.031053280345149637 -0.0020253898838035168 -0.036848664909216206 -0.00939180584653146 -0.007318411210523564 -0.012338526321722987 0.00398109005421339 -0.003018500363856705 
17 17 17 | 0.14294717803979373 -0.003438643684154188 -0.018650347605317103 0.04084119196207951 0.004511726408649167 -0.007060644217576455 0.002764908415693319 0.011234491829796522 0.013069256663380446 
18 18 18 | 0.07205888625862511 -0.04138403862147412 0.04327279294606353 -0.020715544521328268 -0.005494698090149231 0.020659305579122655 -0.014563255314407752 -0.016605619213108973 0.007523564503163756 
19 19 19 | 0.12837011495402284 -0.02813749813263097 -0.0068617060971292625 0.03771720875943305 0.0023718343427064845 -1.3773982531528068e-05 0.024480462029706346 0.0036239405152613184 -0.004269608861282331 
20 20 20 | 0.1330794552391159 0.022721078933758885 0.03941747886512226 -0.017427081510479416 0.012602170000698147 -0.00896353996181933 0.009137136962124606 -0.016647673604185516 0.002484789056068474 
