-4.519371538269078	0.5114641165341172
-4.406207120321348	0.5073192000485605
-4.316231680425619	0.5014064258333268
-6.759018986499465	0.3911381315002318
-4.2922371775921215	0.5015048584218144
-4.660100508469252	0.51535162119044
-4.619173461523501	0.5129451121348293
-4.357692372190288	0.5023749872065966
-5.721222634045271	0.4501745750904821
-0.8827717866568269	0.3855769563106296
-0.8685919466465121	0.3804087183677979
-0.8730359215126771	0.3788624468509425
-0.8959346315031358	0.3827216947883693
-0.9221092681798595	0.3866488078700508
-0.9110994319073803	0.3839444355040028
-0.906005577435296	0.38399256664653275
-0.8738431338905032	0.3847596392999748
-0.8688792745803797	0.38290784680809686
-0.8797991195394896	0.38494678524368886
-0.8890483929185481	0.3856666660514465
-0.9065546906605323	0.38670964210672865
-0.8989136728705408	0.38465260828190434
