number of atoms: 18
number of fields: 9
Multipoles
---
0 0 0 | -0.34325543873976905 -0.00031284636826528646 0.028758040124733965 -0.02916196635669328 0.09823577288494714 0.0014640819424891127 -0.0017170287759209633 0.0666045010568552 0.09322047836585043 
1 1 1 | -0.3364510254830302 0.0005534894065775658 -0.042906771386164326 0.005485256959026715 0.12260498284377447 0.0033728675479123425 -0.00017119544561695497 -0.12297696514474502 -0.022148169456946715 
2 2 2 | 0.08583046207637857 -0.00013265217659599675 0.023449232383804954 0.011448279745412415 0.11010426400932925 0.0008137768329431795 0.0003473640010169743 0.05508682345855868 -0.15292128052103027 
3 3 3 | -0.17932118912080242 0.0319671637391423 0.03268406898299312 0.0017771815686943276 -0.1530877411428658 0.03312830289451267 -0.06496558148147456 0.06932269271358218 0.028543310944403898 
4 4 4 | -0.012713680927288529 0.022153920872634365 -0.05933535003761472 -0.01451250889244311 -0.07537010762122141 -0.047154355472938426 0.08538733269233574 0.014725713948643833 0.1941825797129165 
5 5 5 | -0.012699495322293863 -0.02105465086666665 -0.05975550125053394 -0.014195989764791273 -0.07801744184335148 0.045465957897783606 -0.08849794080198682 0.015113717782614212 0.1912571637835646 
6 6 6 | -0.17979223184337645 -0.03276759371300949 0.031887619337491416 0.001841430240636855 -0.150805367802385 -0.04003230090503382 0.06526899133783365 0.06917763218355809 0.029633757879011124 
7 7 7 | 0.11612561315989733 -2.466777676860011e-05 -0.013683919914323845 -0.08888999485962598 0.03994860093156458 0.0035006593747651978 -0.0004336846174816029 -0.19437559064886212 0.10172626527621967 
8 8 8 | -0.4036756578622738 -6.196986924381154e-05 0.03349416646982733 0.10108615018852204 0.20893564301604084 0.0005027717307570074 0.002409584534669379 0.18387539319483248 -0.40337900691857914 
9 9 9 | 0.1556274329435574 0.04592087221333461 -0.009142061730872274 0.01808946205212194 -0.00472188711570648 0.00732860679014412 -0.01386427515432284 -0.002509753654368523 -0.0027923184465074536 
10 10 10 | 0.15568469018416786 -0.045570857949720635 -0.010082676693171434 0.018314935718442008 -0.004376218533539856 -0.007417414833246876 0.01385410741161328 -0.0026838360608131017 -0.0025297737815726585 
11 11 11 | 0.15610244290115338 -0.04662514880631485 0.0196052558040288 -0.00010918868981572617 -0.0035952872208691116 0.015535146226640834 0.001882584657621383 0.002946393597185344 0.0005390053268716792 
12 12 12 | 0.15610506095172894 0.04621127672363854 0.020558122593624804 -0.00038676689761234717 -0.003120447661011503 -0.015681646914634036 -0.001911653004545503 0.002647126233742663 0.0005361199462128412 
13 13 13 | 0.1358524377557856 0.049445605643319734 -0.00865972642380443 0.014486271164615237 -0.01636537585907043 -0.00018404283140113604 -0.00835633876981862 -0.0033688548351664288 0.005602825221907269 
14 14 14 | 0.13189672670387365 0.034733717653479594 0.027628381235753705 -0.04313396982669679 -0.003123511823919129 0.005004789664000891 0.014841250176401904 -0.010232473110176317 0.011908021518714642 
15 15 15 | 0.1319052646524158 -0.03555621961297825 0.026877068892731337 -0.04292825541443171 -0.0029861915910609125 -0.004890339005690314 -0.014986982664353474 -0.010373607129266889 0.011660210838306238 
16 16 16 | 0.1359674553610135 -0.04912555987856329 -0.009680850114056542 0.014791418140438491 -0.016254674914740943 -0.0003001315791215296 0.008447957245045313 -0.003308738589915344 0.005783504810512751 
17 17 17 | 0.10485185758459004 0.0007196998306380317 -0.06406529860871474 0.013013817165939114 -0.0055167775185395685 0.0001640164444046065 -4.608058512199613e-05 -0.01868672193023008 0.011197056117511671 
