-4.531503650987443	0.5101707587953621
-5.904682701576594	0.45680075713633733
-4.260093182907548	0.49924485952826936
-4.2870652731761245	0.5002911211330298
-4.383381124123637	0.504640490272298
-6.731234025783586	0.39056614662219297
-4.3211542693898615	0.5048892800501512
-4.370425386355816	0.5038131689760604
-6.734099855184688	0.3904239664076395
-0.8553249447092786	0.3768612224865636
-0.866983978237491	0.3809654836446279
-0.6717030113805346	0.35410960566242206
-0.8660762552634754	0.3749076261727074
-0.8917727627818368	0.3828731270178532
-0.9040543171974321	0.3852367781929464
-0.8729041293048904	0.3772642546592042
-0.8937691604419876	0.38342261720943643
-0.9072587066324972	0.38617844187515327
