-4.5518238173022345	0.5123511331989471
-5.925935639130512	0.4584039968284589
-4.207204990834302	0.4968283345465195
-4.332848136548714	0.5001683279470543
-6.761653842503196	0.39134160421785613
-4.143186749364981	0.4937057121386779
-4.681880659309789	0.5142703048264081
-4.575233322263752	0.5105143482647845
-4.549812459722853	0.5081101363641873
-0.8564840696879973	0.3773450989039359
-0.8669739948946412	0.3807614444517696
-0.6730440764387006	0.3543601111585264
-0.8793609273328431	0.3796003191570624
-0.9309192675584222	0.39103116934410365
-0.9208030181089895	0.384603249056702
-0.8729406054949442	0.3845014564667896
-0.8618821478874829	0.38281013129955593
-0.885282749889431	0.385521204005354
-0.8824306766405564	0.3853234293678844
-0.8817163502527926	0.3845748756383909
