number of atoms: 20
number of fields: 9
Multipoles
---
0 0 0 | -0.18100628030697852 0.03238192486560568 0.10002486034975765 0.00897790474315089 0.005888318727833591 -0.0011128625563168772 -0.044570610415224345 0.11240948260871961 0.11946305277637921 
1 1 1 | -0.5651484073083308 -0.022351866430917418 -0.0874712123889429 -0.012086241342951923 -0.12239999318730191 -0.23346491822551588 -0.10679966675120926 -0.2006490382129197 -0.1152053811493173 
2 2 2 | 0.013916340644198222 0.05402135531999755 0.07063433098841874 0.010847044101872094 -0.10031648934175003 -0.01302140953990907 0.0692159579848966 0.08814006794853005 0.020954449217848437 
3 3 3 | 0.02223532340976586 -0.054352483082890764 -0.07529354403185494 -0.006732296815812455 -0.09300640840168228 -0.025241215757894658 0.0923107536427777 0.12499090175411165 0.022825157405626326 
4 4 4 | -0.598855709150671 0.008693097035951503 0.08212318317346394 0.017180047382073273 -0.09019561167743015 -0.23702174424856032 -0.07769456790435496 -0.2339662191845283 -0.111116025382032 
5 5 5 | -0.03792556091240229 -0.049474757977864894 -0.08236800334097989 -0.021384811335499587 -0.03517810672880797 0.005304040295532663 -0.10648167815346955 0.14008843783235378 0.05817733110161227 
6 6 6 | 0.023888503791845928 -0.0645015570092705 -0.054170161931773445 0.04574161852687988 0.04599684309240012 0.01231220892902678 -0.06208658719671831 0.009471868591944316 -0.04482426025630844 
7 7 7 | -0.17473654902291713 -0.09651429413263786 -0.024970805607519173 0.06165861434933064 0.140763948019964 0.010752938486753967 -0.014004178241435825 0.07244083829500221 -0.06960745874311443 
8 8 8 | -0.585307705841239 0.09428757184841333 0.011153037927242626 -0.05796075729917225 -0.2896650422561169 0.1029167096779791 0.14578729594601844 -0.04536061397167048 0.057605127034126256 
9 9 9 | 0.1401576230512428 0.04785760649957799 -0.010985148002601954 0.022530728804178328 -0.00847933131714333 0.012773475429664989 -0.010650483597937493 0.008375465999524923 0.0020713208509363333 
10 10 10 | 0.1288400976580264 -0.05283998306817914 -0.015040162785250706 0.01753485440138485 -0.005047279920874282 -0.00901854223477341 0.008700145140011006 0.005211500150315503 -0.005422547896554883 
11 11 11 | 0.3346224240251242 -0.023837975208046286 0.01632873546359089 0.0022255206768130487 -0.01352220885436215 0.009923319099297435 -0.00046893698700873737 -0.0038699692445539296 -0.0028785381537115885 
12 12 12 | 0.1426788371297345 -0.047175502262005294 -0.005377076090350268 -0.04108380155678798 -0.0041933884461977005 -0.0054651009927775916 -0.013989511260917027 -0.0119179521495874 0.006077809880058034 
13 13 13 | 0.12154648579535576 0.0425662394194104 0.01627227701823422 0.03760781646640318 -0.0016253975653200518 -0.007765972400583082 -0.0227705461613485 -0.004753162288425133 0.00805649429457044 
14 14 14 | 0.34039810381105773 0.02416364074391288 -0.01568563911032942 0.0008565886844166702 -0.0135818836792323 0.007210198182827424 -0.0016454504319200942 -0.0048936013851638635 -0.0011140243656845702 
15 15 15 | 0.11914203132812096 0.05055057765424075 0.01996176028519275 -0.020959342485303664 -0.010823926909546587 -0.011968490489882492 0.014389266720995603 -0.0003065890456676015 -0.009682433033301935 
16 16 16 | 0.124073007522291 -0.020531632529332572 0.05430561550040109 0.000854632349305471 0.01912395419041128 0.008518507200356669 0.014447196650179088 -0.013630440343177364 0.0011736438951358244 
17 17 17 | 0.13704438648452688 -0.031552638604185876 0.028717019706935538 -0.036865201965656486 0.009790995844974172 -0.004053184181629426 -0.01600076830607105 0.0038769203272238572 0.007677230115075812 
18 18 18 | 0.13229420019909466 0.03325826236389566 -0.046237651214053585 -0.0017625007675534665 -0.00047917411319936125 0.0065643766330020625 0.00462178880728228 -0.011524834245507315 -0.005265324915422978 
19 19 19 | 0.3606109699700979 0.00853830372127534 -0.02225190213866841 0.01433607133109376 0.005086675967038943 0.010055499368163771 -0.0007589495225078071 -0.00833150085863347 0.015052807622994532 
