-4.530478947069385	0.5125428059109649
-4.520114894339186	0.5117199314938977
-5.69410751479205	0.45034230745354953
-4.355113396819114	0.5030116608060402
-4.331264868029102	0.4995218487755235
-6.747847269061322	0.3895642644335856
-3.930602219968124	0.48832036955385627
-5.9134062783453185	0.457704186383155
-4.362701625547905	0.49868765448356717
-0.8726144915977246	0.38398037050267375
-0.8537127926159621	0.37641015360161056
-0.8544130457941991	0.3764133349650217
-0.8713636734630714	0.38330970059338754
-0.9088203994341427	0.38753990183528275
-0.8919987024526638	0.3802872469132334
-0.8963811036374788	0.38332090930696366
-0.9112327489239918	0.38300480617969657
-0.8876952272995328	0.3846855246109619
-0.8967167955923953	0.38379125170981715
