number of atoms: 21
number of fields: 9
Multipoles
---
0 0 0 | -0.21584313623299778 0.013885872576953975 0.04184397993231995 -0.04410144987703579 0.09693507219682022 -0.04834666145056381 0.0456539736487899 0.00043553056604112326 0.10187996001838845 
1 1 1 | -0.24203111874507055 0.006385201560266138 -0.03935425987382726 -0.02942400339832209 0.10375380352036492 0.008826165173295356 0.03758588927157079 -0.026681158278145985 -0.12093720263876545 
2 2 2 | 0.09179506337800536 -0.00124141636975123 0.0012862126762895718 0.015164986313587937 0.026579962027859887 -0.06665439307127319 0.08252328030006396 0.018527742319278527 0.05085164765912855 
3 3 3 | -0.2430856460405586 0.006093685356951903 0.0248717467485053 0.04302337034367705 0.09903583237695474 -0.05057846926975763 -0.022695218947058515 0.019647075791687802 -0.1241025385025923 
4 4 4 | -0.25754078494441046 0.0032255914904371786 0.005626712805212836 0.011246143102236018 0.0750474221022748 0.004737293688521971 -0.03905048974096718 -0.0026924048811100454 0.056603237611805954 
5 5 5 | 0.09448915735193797 0.09683968909105893 -0.037497568431633044 0.09719481891897228 0.07016065034708352 0.06279087005409426 0.050493316850223326 -0.11041505626625377 0.015661923303299265 
6 6 6 | -0.3641959040783096 -0.005806641864878588 -0.08165985652265383 -0.0699323281142557 0.08732926618804851 -0.08379325280806164 0.08070382968325343 0.002341251481861276 -0.04513318007012103 
7 7 7 | 0.08727627900944501 -0.1221294481253262 0.06908173304264428 -0.008316407308530099 -0.03775391674948201 -0.12737019515031794 -0.05480369970788326 0.03866276469895684 -0.047535984343699524 
8 8 8 | -0.24499092699025127 -0.004819866061310422 0.008163352394892461 0.010177635581934793 -0.08287566671319219 -0.027528592829397264 0.03485949237915434 -0.026924089808870323 -0.05438215745495655 
9 9 9 | 0.11465573357825387 0.043537831207252214 -0.02111688195254709 0.021333982145823615 -0.001970527320596045 0.009885116436473005 -0.01007068686699296 -0.00017121906630412814 0.013397707667134025 
10 10 10 | 0.10784529452050018 -0.051987033579821054 -0.007569932022733303 0.009795934575374622 -0.012098468001334899 -0.00699220736377853 0.008110839842692284 0.00021533701105063655 0.012485825926394556 
11 11 11 | 0.11946436989875941 -0.04401209486357127 0.02364671620898498 -0.006206337854437456 -0.010141965164692719 0.01850585977075245 0.0013844520546318325 -0.007614939849170178 -0.007368233077487848 
12 12 12 | 0.12210339818428884 0.03956104405842924 0.01352127799890317 0.030382052800623286 0.0004177275963199978 0.0007137388272407777 -0.017639768352660536 0.0020476523079861002 -0.011735572960697027 
13 13 13 | 0.11067895297628894 0.03777333207277931 -0.03319458162836108 -0.008050101271909223 -0.0006714458979894058 0.016499498672382623 0.0028321556066805533 -0.0025394521912591498 -0.017520409210856635 
14 14 14 | 0.11571844248996299 -0.04658737170330619 0.007161054970730044 -0.020037568920561136 -0.008741665884780854 -0.002852638086842373 -0.01790405530236307 0.00786405318851219 -0.007517204549449561 
15 15 15 | 0.15388060195048325 -0.01608672682791862 -0.016255346837002412 -0.04476082368804668 -0.0054751635525910275 -0.005030102099831692 -0.0032927049270057027 0.019195193387591056 -0.005537799833960172 
16 16 16 | 0.06286142639864045 0.02864979306563896 0.028472536040803555 -0.046408339404837635 0.012786188187484365 0.00409616913821202 0.01897519184732957 0.004499968712301999 0.0254277305271861 
17 17 17 | 0.0854499651052647 -0.05244523054215732 0.015057160024054387 0.031495930795482796 -0.007265276959692551 0.014053608725159084 0.023032428203712634 -0.006558424478380158 0.0058740777386121655 
18 18 18 | 0.0649647557522971 0.03780067156278475 0.023933840796382964 -0.04158340402604209 -0.0162313646426934 -0.01843692255372607 0.01606068053586648 0.01674679627046497 0.00882741872383451 
19 19 19 | 0.08436166221931429 0.01078360939603782 -0.014318737785138478 0.05987040675722159 0.0005801781151619739 -0.01289525570016032 -0.008104220951002352 0.023525207969034106 0.010247927302293293 
20 20 20 | 0.1501336397016454 0.025572325280013145 -0.03525875554205251 -0.025650344163012075 0.006994816856599655 0.016215159775407544 0.010578339929171383 0.0004478738362043981 -0.00022484252894209157 
