number of atoms: 17
number of fields: 9
Multipoles
---
0 0 0 | 0.036193895470846726 -0.004801654214670473 0.116009270569849 -0.00501028526958208 -0.04206599800455807 0.012970406141453155 -0.04375733151821921 0.1534967146237311 0.1757354257697024 
1 1 1 | -0.36666429653570276 -0.0123784756125501 -0.04890124401291174 -0.0526666049930952 -0.09217514326484828 -0.11484307002994769 0.11936757523847347 0.032386505837860305 -0.20831365078803832 
2 2 2 | 0.1063527715698811 0.07844330015159892 0.036810719690544946 0.10256609242506139 -0.00933295547169164 0.08866493095336654 0.06712850629086539 -0.03498009138404969 0.15256138408064276 
3 3 3 | 0.13697931808417163 -0.016977246625934965 -0.04067256797349571 -0.0659093991369228 0.03321246151416034 0.07939743439158242 0.22942375240966745 -0.046821251029052054 0.11324898181734255 
4 4 4 | -0.38870612159871243 0.002045996291289335 -0.005818391601463614 0.027185612189028506 -0.12370865188261376 -0.10261914964877684 -0.02167743604405854 -0.015097206367259199 0.040582903771279016 
5 5 5 | 0.2287265370956728 -0.09423316576795927 0.02645369565589753 0.030929786251536875 0.19305299853633315 -0.04983671718641601 0.02269138038225718 -0.005359192231302221 0.005317545030015193 
6 6 6 | -0.36873882834094474 0.05359594794938817 -0.013270746906513644 0.046668959434454364 -0.10878091853173442 -0.10479306003653135 -0.06174831438179409 0.05169340817929233 0.17448083629505928 
7 7 7 | -0.2766325257899327 0.010990095891816074 -0.0014366696242088125 -0.04798577887201575 0.10321135698531729 0.11547911943457234 0.1430864091635013 0.021363555405567745 0.022031987414921298 
8 8 8 | -0.06300124314865929 -0.016318570768544878 -0.023689827668216618 0.031162220690783508 0.1374770467634612 0.13302623025087207 0.04548305679843896 0.1651933278527212 -0.12974883210759144 
9 9 9 | 0.10145159701759165 0.06121896543899036 -0.008562564758156383 0.010581210960125797 -0.01597364270569458 0.008808105926489649 -0.00577067917256556 0.011686983361233923 0.016969110889896763 
10 10 10 | 0.09264339729396343 -0.049516102332552624 -0.01932581854620185 0.034014636917420814 -0.008229798562145712 -0.011545836880439935 0.008003162375013683 0.012458303053999786 0.017683024685107077 
11 11 11 | 0.0987479557906269 -0.05960974184062248 0.002708384171070546 0.01102282139523676 -0.025963733924318732 0.000906734769335131 0.00958478142337432 -0.0056962938838724195 -0.004718558831711773 
12 12 12 | 0.09804010573215804 -0.021793707705398964 0.05949678213704834 -0.0013868418810261242 0.007815644647588249 0.013451538218836918 0.01261385215555283 -0.02081494659165174 0.0043845198419816475 
13 13 13 | 0.15363777165668757 0.003518353724989379 0.03221858989531398 -0.03686054733835583 0.003948785052119054 -0.006836029437776556 0.004974369619618886 -0.0021995436955039075 0.013792615481035926 
14 14 14 | 0.15974904881172491 0.031799923080568844 -0.012538301991720718 0.033771911052186104 -0.008582487969078546 -0.001680529940118923 -0.011635196108582865 0.00575944568784735 0.0047284944313449075 
15 15 15 | 0.08702756870277362 0.006069554387775812 -0.01864362650114319 -0.06439182782288355 0.017599174428570223 -0.0060338634670150295 0.008504282829949581 0.012227711601621276 -0.012222417664042669 
16 16 16 | 0.16255304406412852 0.031340535463204186 -0.04078413458251665 -0.004307800390770846 -0.012022756528225303 0.0012886948586349146 -0.006828763292911671 -0.01054989383938149 -0.008516248097129737 
