-4.55412337550461	0.5092631022761909
-4.5532557366702475	0.5091839084129607
-4.573913037059189	0.5117372607404942
-4.573151050346111	0.5116760553094827
-4.106731794087045	0.493149937707938
-4.402106109907092	0.4988445681170231
-5.901134308060691	0.45765333021278864
-3.9426468519187314	0.4863091616375625
-6.735055666152451	0.3886804324335166
-0.8749617486660708	0.38239876594755845
-0.8948379189420539	0.3881877513965165
-0.8950431237940849	0.3882302576909331
-0.8750745677878063	0.38240618255730585
-0.8424160519766289	0.378193752463876
-0.8425890856858639	0.3782355821247109
-0.8906028953460435	0.3837221788250852
-0.8905985256825455	0.3837192079964528
-0.8966286083863705	0.3804452999719755
