-6.870627811612783	0.3961710133065748
-3.745180056174299	0.47333937606779874
-4.690354054146946	0.5169723888454985
-4.517771594434258	0.5114689996903314
-4.393041496412718	0.5027865993663151
-5.764127762349191	0.4551746605405646
-4.246148692314676	0.49991547473951575
-4.700983009129529	0.5133130621931684
-4.2405630592912456	0.500831407411799
-0.8276486892748267	0.37400990280727586
-0.8619502698208567	0.3792591217835476
-0.8936365325689726	0.3836120154593992
-0.8844375581113866	0.38241033986154543
-0.8857484069664537	0.38061182261316273
-0.8202398552705057	0.37306787636963706
-0.879419124477094	0.379370356828755
