number of atoms: 16
number of fields: 9
Multipoles
---
0 0 0 | -0.46839975192639827 -0.02760215372853742 0.003159517521178878 -0.062314960654929016 0.1470136475359342 0.06917024692198336 -0.1886910210696204 -0.08888703038608987 -0.045726155854866564 
1 1 1 | 0.5707276277628424 -0.028928019051933665 0.01289266530932123 -0.050010000368996964 0.16703609762856725 0.10462385986802898 -0.293770052111227 -0.10704266796727657 -0.05198248747209953 
2 2 2 | -0.16817495971750507 0.008352522116361963 -0.01798908689814867 0.08951976691996207 -0.02408598178212885 -0.036552606688949746 -0.12774519127995207 -0.12240055557326066 0.04106056958161085 
3 3 3 | -0.14027922822259686 -0.057184795104489934 0.014013536969876393 0.07729691504876185 -0.14767125843182102 0.019980542200751867 0.01352625025272125 -0.04280351301006876 0.04400744183721617 
4 4 4 | -0.3344143564432889 0.010834278047080191 0.09355514328152384 -0.08766747145276056 0.19120629768056324 0.0035304801095961524 0.09441383548389329 0.08447763838638116 0.21581050105257502 
5 5 5 | -0.011386486330018819 0.023654144446326183 -0.09968884700678146 -0.060828003689410666 0.04724839417876901 0.021192858530012154 -0.00794544970953087 0.10310450636193873 -0.04169524018881566 
6 6 6 | -0.2628837491095908 0.06001632243285836 0.03843448113959731 0.008628792440945962 0.0019342560147994354 -0.022530380807468293 -0.004234530055550954 0.032339020436600065 -0.010079656365255204 
7 7 7 | 0.04183452593718062 -0.1338746043338862 -0.08528271630006395 0.06006834361863311 -0.09776094612921046 -0.2439934865173601 0.16982915318821412 -0.057214326048278114 0.14697330126258246 
8 8 8 | -0.40428405173446613 0.09087398105958315 0.09789644474860777 -0.07913510606718727 -0.06585693054670155 -0.22892433475514717 0.16940429863819675 -0.04912615005311591 0.15194623876289984 
9 9 9 | 0.17331986510741504 -0.020156451290977304 -0.0515058450557371 -0.0037694845973227347 -0.0025131161773567765 -0.007561105368975064 0.005295352300273659 -0.012160026429357073 -0.007053294187267171 
10 10 10 | 0.151994451197057 0.023866495479098585 -0.05137072299204232 0.015756173791980098 -0.001863841258986783 0.010692627053397765 -0.009951502305827264 -0.006855440382598279 -0.0022984173722239132 
11 11 11 | 0.158892830382938 0.0232407194718725 0.051708830024638955 -0.021076975141786226 0.0034643804648366314 -0.011000167789722785 -0.005172106583225378 -0.0013806845382642729 0.004825649480012064 
12 12 12 | 0.11097981325730377 -0.05043606676591899 -0.010457386142588187 0.03325674975856607 -0.011971367698096105 -0.0020893619494862605 0.011021492332875514 0.014455750703400874 -0.005373776810631259 
13 13 13 | 0.12227665476112526 0.05256231375832186 0.024756104455640252 0.019294404158562414 -0.009712800110787446 -0.016029153846060833 0.00042777106445324967 0.012231243313970833 -0.012069473764681099 
14 14 14 | 0.18591919919079536 -0.04232559244003333 0.02880477746217835 -0.0010270676482214232 -0.009818907449427679 0.01463046172572674 0.0025334278497882905 -0.0038605170492138703 -0.0048393918613937525 
15 15 15 | 0.27282296650259874 0.036757728871780984 0.03190853060373123 -0.02396607424545767 0.0032232111958736573 0.00933629189622789 -0.006666638311604841 0.001468500827393277 -0.005564267508297124 
