-6.802567154987674	0.39331944379264766
-3.8913665301349667	0.4779488407144584
-4.324073607439758	0.4999978757596429
-6.730899682802881	0.39050635907363496
-4.288654654420233	0.49856739812022405
-4.615711987704872	0.5089651121115443
-4.276698637670068	0.4991072895032191
-4.45422745653736	0.5050227472397738
-6.671635990062434	0.3886326001868798
-0.8775432250411295	0.38000640891931
-0.9102341344610482	0.3850243001834502
-0.9109711266693219	0.3850948247261498
-0.8357945931352909	0.3752781293516237
-0.8662587820275732	0.3781103461377761
-0.8552707862734997	0.3758246267939898
