-6.08736049125192	0.4603687709205563
-3.774201781611477	0.4828787062957521
-6.756932865174887	0.39287728253439563
-4.262389725233746	0.501047302801696
-4.301587423355326	0.5065491268082142
-5.910998459880766	0.4607836552535182
-4.284435153217285	0.5001747552490159
-4.569974440515331	0.5145258538275267
-4.562267095992806	0.5124635798968569
-0.635131034151855	0.35259990827079923
-0.8708266468472887	0.37581710177584965
-0.8739103700887905	0.3775511220687882
-0.6634372345746941	0.3519781442838212
-0.8168835995150183	0.3721605680907443
-0.8247042147369867	0.3744968763953996
