-6.093813413077082	0.4607816872589547
-3.7770856925301985	0.47689976073409124
-6.772540818272379	0.3913523056166048
-4.195520671557912	0.4931017332818585
-4.912469747242554	0.517576290681056
-3.5603248161787686	0.46856035517806754
-6.912616240079155	0.3961768778003041
-6.739826101583099	0.3876166771342378
-4.391576337496108	0.49973241452054323
-0.6379544979602519	0.353311992702663
-0.8893690532949978	0.3782225988212765
-0.8000586269659217	0.37168791702610504
-0.7835137983560604	0.3686150001732073
-0.8519909312010651	0.37294673078980956
