number of atoms: 18
number of fields: 9
Multipoles
---
0 0 0 | -0.8062643637114277 -0.03326202884823212 -0.007875554358860495 0.06705607882316265 0.14054372912850097 -0.11488238708992796 0.15753561709207123 -0.02864411509238228 0.15378888932271126 
1 1 1 | 0.6645358037363556 0.008637546795322724 0.06329895956148425 -0.025932966439912577 0.13420881135287158 0.03273151673012237 0.1490232025583038 0.018401438948827318 -0.1019655176001714 
2 2 2 | -0.4088108271490123 -0.0020304813433294536 -0.005771214213213935 -0.05243163494237105 0.06864353504557016 -0.0069353132917126335 0.010556761535281489 -0.08000720820436222 0.034409551663527334 
3 3 3 | -0.016041507762603047 -0.005915428641791754 -0.03951695905920783 0.07444981586706818 0.21015626955882868 -0.1178267768155692 -0.05235913748603683 0.1462618423835235 -0.03344452238034359 
4 4 4 | -0.1997602316765814 -0.008989089659982531 0.027153037651680246 -0.08023662132547375 0.17003843520506748 -0.09170139015536713 -0.10289886479747147 0.030303380580943375 -0.01779163449086829 
5 5 5 | -0.18616970406075506 -0.004663837617652063 -0.004364907067906883 0.07057837678797414 0.09686440754431153 -0.018422762012038046 0.037910963304321026 0.0792339257614084 0.028973963471064283 
6 6 6 | -0.3126439351017156 0.004364035252895738 -0.048285911783322706 -0.025974201005137174 0.04666673743767671 0.03279560365752316 -0.025488190081294673 -0.05108338067204361 0.01813620771070764 
7 7 7 | 0.20924164260432043 -0.06966461865505229 0.05878728170198334 0.0828181733287446 -0.015989501325788146 -0.06505317415237827 -0.10656910596266068 -0.05697588034761668 0.09781059007978911 
8 8 8 | -0.40747301421556514 0.017013019940948816 -0.012624915519892688 -0.0638331164992428 -0.008356997699003875 0.03889438645211837 -0.05795212260821763 -0.08685053897222426 -0.10244531893013718 
9 9 9 | 0.35475492586238844 -0.005692864895469574 0.018196406452884305 0.015625901231674115 0.006898854839681813 0.0002699068735645848 -0.0025809387227609198 -0.015438710617144538 -0.006407573740802291 
10 10 10 | 0.17411171456173735 0.040164085276308124 -0.019926620174064255 0.016848684840422217 -0.007205610536656998 0.008783994802037166 -0.00941866355954535 -0.009278106590076841 0.004380838276437487 
11 11 11 | 0.18733345060673068 -0.04084735350719067 -0.025770253862170103 0.001118948207776541 -0.0048261025624708985 -0.008387134920255295 -0.004835219008767361 -0.015327259212152772 0.0030262458772293906 
12 12 12 | 0.1531688641755551 -0.020837760004395908 -0.04510835665367532 -0.022449593581118917 -0.00930817418706667 0.0021804198725168607 -0.00021070920509202312 -0.0074065458523354865 -0.010747291163259426 
13 13 13 | 0.11517662128606254 0.050089170617376305 -0.004918891345148894 -0.01755574181767999 -0.011464088159081382 0.00019221889727846276 0.01450790041734829 0.01243154633244535 0.005228077517013775 
14 14 14 | 0.11961998415768371 -0.0452599759653059 0.010017895730782432 -0.027587826608211335 -0.00704499273940806 0.005421596252460725 -0.010925816019149485 0.017072722747756466 0.004823504465884892 
15 15 15 | 0.1291876343068008 0.0331890453113025 0.03605444141248052 -0.013782962259246133 -0.004839541985942358 -0.008532121076139407 0.006317511856340494 -0.013375923649173381 0.00714782668233897 
16 16 16 | 0.1507923668604252 -0.04741545641136814 0.008072040623997754 0.010875779563084774 -0.013023974323757433 0.011094807428204883 0.009546879886719251 -0.005696055128091275 0.0003932955170302401 
17 17 17 | 0.07801935033463103 0.06182357849067368 0.004864213746589263 0.008516976635623369 -0.02814031696233605 -0.007633119813120521 -0.011992688220147442 -0.010339192774055274 0.0027934931469296796 
