number of atoms: 18
number of fields: 9
Multipoles
---
0 0 0 | -0.6111542435955037 -0.011687111254813814 0.004346298687876821 -0.07707561276044289 0.15908982251295403 0.0384102627280808 -0.03325125312101335 -0.057001777805450494 -0.0373516257711841 
1 1 1 | 0.7475958356523478 0.0037266627004596763 -0.04683369696780926 -0.03582800751310646 0.21033227099698174 0.03939705850033559 -0.0607179038715403 0.018577976880499836 -0.05912465935735825 
2 2 2 | -0.6333067563292536 0.011911513051923468 0.020071451543046907 0.09532393970871084 0.00012335942190696905 0.02044769389226618 0.018347592889720998 -0.07175741409668823 -0.01910305043758501 
3 3 3 | -0.024725878338449192 -0.012529176540499346 -0.010998088504982953 -0.12835939158467569 0.05656040686173292 0.03620506212204198 -0.027027177828396812 -0.039625080968401276 0.1184848660310617 
4 4 4 | 0.12100575074853648 0.011128452823297086 -0.006612954481576637 0.05413136427686439 0.2808055177971477 0.05525070743647383 -0.08282802056992279 0.043219291692942155 -0.011177594122977183 
5 5 5 | -0.4311969094664434 -0.010631821253270009 0.04980379082758817 -0.03957416988305032 0.26599250352285114 0.06274545063642485 -0.07020228011399224 -0.007917504315014617 6.792007779485521e-05 
6 6 6 | -0.13306395431132056 0.007164112986833202 -0.03362746026468962 0.012491155045552824 0.043482386851732883 -0.0005793453227707585 -0.018425345292596002 0.05584010472615173 -0.018943083909839772 
7 7 7 | -0.30868345098745564 0.03621699656695286 0.005421938372822382 -0.02202849585164451 -0.061196982608025995 -0.03066464854545529 0.08906895228069635 0.02398231376923703 0.05384901102051232 
8 8 8 | -0.30755938449579645 -0.04091481268307961 -0.005434891883354303 -0.010048927766982869 -0.10868703381565632 -0.004969162088017181 -0.05672799852167071 0.0027727017713246797 0.02770558547930573 
9 9 9 | 0.3774655433691412 0.00016980981057855034 -0.029370007764212214 -0.013054865038069265 -0.017728641379303068 -0.00340827136947022 0.007529308917585519 -0.011162970266875 -0.008978417500447623 
10 10 10 | 0.1062547386032413 -0.0502070585337602 -0.02263723508486272 0.024465738756960603 -0.004853184968785113 -0.004277476364683799 0.012509527995463468 -0.0018018704240381426 0.01875645396522003 
11 11 11 | 0.10738215072976931 0.05851472152002371 -0.009053968019692453 0.00993978056816903 -0.013744963401072665 0.004653650929132362 -0.012167691229153876 -0.0041794324071956985 0.014540763164352913 
12 12 12 | 0.19971220493658748 -0.008503232853338965 0.0418007123056761 -0.01994501795038264 -0.005202913355074482 0.0005757901289338672 0.0024358674232064993 -0.00959525956868242 0.0030690084941703416 
13 13 13 | 0.1534250590426428 -0.008905307822743302 0.05103988353201301 -0.010841225104932229 -0.005888256581881833 0.003544376468937032 0.002937836290767743 -0.020333198446154974 0.013489109325389713 
14 14 14 | 0.16213859987890045 -0.02158116532920982 0.039666290214877664 0.02715983873370397 0.0010046498770009558 0.010686842161404699 0.0008790029714507005 0.00543026752501568 -0.00794426551244361 
15 15 15 | 0.15574173920093326 -0.013327676849206356 -0.0487797159708568 0.0015360335282740328 0.00512930054144301 -0.007062042922908626 -0.008036190283615956 -0.01150849070892142 0.0017176790374357656 
16 16 16 | 0.15550215582875782 0.026243524045711134 -0.04298441429961993 -0.004815849128962394 0.005002345407794012 0.012146793075329699 0.007398051243876303 -0.0065588015956785355 0.0004928544375240215 
17 17 17 | 0.16206339775428413 0.017238065217211215 0.045182075834190295 0.020851255967807666 0.005986675948785139 -0.011963839868490565 -0.0021209370842047532 0.0017218418146962972 -0.004552490957875711 
