-6.861983155856532	0.39607767437892377
-3.780104245712608	0.474913732506623
-4.791560817332996	0.5175709548226585
-4.590192905067099	0.5105658452552295
-4.40124723582663	0.5016194273970014
-4.571432142210614	0.5079713506510044
-4.557181103060105	0.5076438070928155
-4.504083815231688	0.5101374015591463
-4.540827729041002	0.5115555529292838
-0.8323775967900079	0.3795984495485168
-0.8335598072376403	0.37884254640279713
-0.8735346211157518	0.38316505428097325
-0.874604792021007	0.38363245133760276
-0.8883530849329432	0.3864189394171089
-0.8686889650232457	0.3827665553670198
-0.8863632681947557	0.3867909613307455
-0.8824124231978275	0.38549863229640635
-0.8554800705765383	0.37988751356309924
-0.8507966656610786	0.378814679085555
