number of atoms: 18
number of fields: 9
Multipoles
---
0 0 0 | -0.8017328208704324 -0.0005923663955049917 -0.004037272558040003 0.0735445379044867 0.20202933153094194 -0.13274325357709288 0.046636304994860635 -0.018354464097249345 0.18215806272947294 
1 1 1 | 0.6607154434257367 0.036481408962687506 0.06130602530388632 -0.022538304606908637 0.16577235554567826 -0.09972944907777172 -0.05628187023165482 0.07235601084341828 -0.09237184829351135 
2 2 2 | -0.3979417504047911 0.04610025694165521 -0.017881834244935314 -0.051999754676846276 -0.008299003224867995 -0.042877928494973565 0.0413086443978104 -0.03897107752130343 -0.0591538344535144 
3 3 3 | -0.2608583774953601 -0.0548423109112552 0.04198017044986686 0.04080553751610712 0.02502406323041768 0.05734716016872888 0.09348234465327195 -0.04795008865994161 0.003243021985180299 
4 4 4 | 0.16964372320832943 -0.06815071791127883 -0.03169103342974561 -0.045049924958138865 0.04647593543645582 0.05749240803271858 0.19539822120926512 -0.14289011302183433 0.0350892398362263 
5 5 5 | -0.120733944773189 -0.07583739598810768 -0.011614537828695695 -0.09098119369205368 -0.025689620882020127 0.006144326477551127 0.22965227294663765 -0.08560487202768041 0.00799996617586834 
6 6 6 | -0.33117104716759016 0.032536916856291336 0.0015904772661060732 0.020348992185983714 0.09009248713271466 0.049944291947522826 -0.16691418248282755 -0.12219029581672053 -0.038995030536011124 
7 7 7 | -0.006288615139646403 0.033587023782325726 -0.03759595239547755 0.1491590668382203 -0.02246443809868715 0.07103470331635241 0.04939624497718462 -0.1127833338005256 -0.01918585141065509 
8 8 8 | -0.3818029784314252 -0.007379333964694385 -0.019591539357698556 -0.08299644936057196 -0.02597044535708678 -0.030717319134047745 -0.04174784350720263 -0.05155159061515942 -0.08425843178508101 
9 9 9 | 0.35095430134448913 0.005485858349679387 0.0157792156486818 0.017635657462554428 0.004328566526987493 -0.009040991572715524 -0.0033820368368980337 -0.014831695865393544 -0.007904584915918314 
10 10 10 | 0.18478808046023087 0.0026508618720743407 -0.037164887616363905 0.03134561033024947 0.0023440226568921547 -0.006758779136481707 -0.002522972940709608 -0.009979806983436533 0.014987637370737389 
11 11 11 | 0.15705105871873948 -0.03985112368007272 0.00807655146177622 -0.024607266475994306 -0.010663880669293592 0.00182333189316747 -0.015885039120925686 -0.007088501164362995 0.00656411500221509 
12 12 12 | 0.13861567390131457 0.04247666679232959 -0.007935427239595784 0.02915629449931887 -0.008148869499590594 0.012965434041768156 -0.013921218978046209 -0.004321392709297556 -0.0044529585973953545 
13 13 13 | 0.15270388788452494 -0.02184609086189739 -0.02943110556663407 -0.03649077325990199 0.0070875221653069 0.0033794156821948347 -0.0124177130483715 -0.0031612740182638075 -0.01568308156040264 
14 14 14 | 0.1261512737196666 0.017048508368944393 0.05488468381032536 -0.010423202559953835 0.011318374178837937 -0.010123677253325667 0.0094564556436255 -0.008710986969888201 -0.0007648065758258975 
15 15 15 | 0.13176656552480237 0.028073401566204494 -0.049012816311194786 -0.014252078946135284 0.0031310928003464747 0.016374729860784212 0.009782240127065535 -0.0029121424790142765 -0.00011026509904563454 
16 16 16 | 0.12373268159482964 0.032476885068320915 0.050020111174953114 -0.010649712466196623 -0.010173641039348334 -0.005718019118575348 0.0037235335118386646 -0.023413660876249007 0.009825518755908758 
17 17 17 | 0.10274605711392837 -0.06016591951810095 -0.002686099888928054 -0.012183109588368017 -0.019436564069658584 0.0007071791237030499 -0.00848181338355177 -0.013391898120706215 0.010375439597751787 
