number of atoms: 18
number of fields: 9
Multipoles
---
0 0 0 | -0.4644051720683944 0.024747127367200267 0.006108881377942857 -0.04295357514617279 0.2038136668110642 -0.00840359830587393 0.1929350603791077 -0.11413404908461083 -0.007198458484090193 
1 1 1 | 0.46550402798450996 0.009793590731515643 0.0040233037968903035 -0.06441400279075414 0.3277456111773771 -0.0021795117305184607 0.1959504672725113 -0.11783849379905383 -0.005652300844985298 
2 2 2 | -0.1094533336743444 -0.16325044893861812 -0.020268836371076446 0.07406582998061043 0.08096872087383183 -0.006278306269746114 -0.028650030265495983 -0.053183102689142 0.03070751069416232 
3 3 3 | -0.33190559489643867 0.05708230857738936 0.08897261393428864 0.010814546409790569 0.061329535864813385 -0.03567832171831963 -0.11248726882757683 -0.004033197219065818 0.04129584523875324 
4 4 4 | 0.11356674135276013 0.07472189316015619 -0.08267867075445642 -0.09152247766592597 0.02176455575692895 -0.041039719517244506 -0.05133572446167753 -0.01704720756001113 0.04974461249943406 
5 5 5 | -0.12064313858298092 0.09085941812442308 0.0609871443322854 0.01903280979357203 -0.011172745964491252 0.12037031630579538 -0.09803585073106476 0.031940274567783394 0.0826396573387684 
6 6 6 | -0.3369790227793654 0.03356808208503491 -0.13171027668806845 -0.0651197507684759 0.14692385559055762 0.010781441084080032 0.08256094567210052 -0.2338869260279968 -0.15534956300213693 
7 7 7 | -0.1198904092506341 0.010893494940164542 0.07599207694307897 -0.07644621970562647 -0.02776879595709648 -0.03403962646047033 -0.11824576638213688 0.0993750841783492 -0.0662584128624382 
8 8 8 | -0.22625796410749288 -0.11203180559406391 -0.005913394210833216 0.09620435626510113 0.05777892195674229 0.008099093553430576 0.04453724605892617 -0.04932680538102724 -0.041159252133758685 
9 9 9 | 0.14582269446239637 -2.593904039779919e-05 -0.03868147458065118 -0.04484968324020358 0.015391852260280059 0.01263789186878347 -0.0037826314135423872 -0.00016372715353110058 -0.01075382291396021 
10 10 10 | 0.10128143175203808 0.03490201545056959 -0.01081229207137331 0.043518140987524184 0.005799130915446228 0.013018476245357593 -0.026898984503355945 0.0038344175114170967 -0.008921789128662407 
11 11 11 | 0.09643314633056244 -0.04245301740970581 -0.036552364460112896 0.027154832903693596 -0.008353217649225543 -0.017493464137615433 0.007051490400385678 0.0017673782411600707 0.01770601571293164 
12 12 12 | 0.12737625519233142 0.005147702181352154 -0.008030300404083533 -0.05536141941434945 0.009389049282116582 0.014174163262103547 -0.006332395640557119 0.014264963528333468 0.0008625992521379127 
13 13 13 | 0.11722464226677742 -0.03906975825912559 0.02936110685711076 0.029084400995899744 -0.008187576678416518 0.01704579132260503 0.009013678765042554 0.0062876840740020215 0.0033366374158933037 
14 14 14 | 0.12149606670352042 -0.029423670201020425 0.026668605862321188 0.04110983680950992 -0.0029013581560644033 -9.879928774766772e-05 0.00696114013737419 0.016793784872814896 -0.012326115918095792 
15 15 15 | 0.11423492053106499 0.05186877543182181 -0.01670754495482778 0.0033177487987922053 -0.016980309813509904 0.011630385938454378 -0.005281878981123278 0.008616885149814039 -0.012214294972719338 
16 16 16 | 0.15001886616777937 0.03971508021457699 0.016081279428057125 0.03037852255920498 -0.0020761189282954844 -0.008110301172006356 -0.024108790548167836 -0.008334842096449718 0.0058835350257423575 
17 17 17 | 0.15495818247577198 -0.017826589180791403 0.036274305193794355 -0.03498204165272726 0.010313289299968359 -0.007397339547154314 -0.012825607869917129 -0.003892113278374814 0.01371719213939466 
