-6.894445405928108	0.3973801221413508
-3.7591639888161112	0.47201452868612576
-4.774904999187881	0.5153397723087894
-4.50837549055822	0.504243567413875
-4.557371131907886	0.5137619599845629
-4.508243167299714	0.5101338047946062
-4.435112417657662	0.5037419838874957
-4.660545969354817	0.5151635188839324
-4.662722807838274	0.5160030041948078
-0.8356696812903718	0.37887201286075867
-0.838774759670722	0.3781774502125543
-0.8834164617576657	0.3842802723775911
-0.8806028257279176	0.3849197062758752
-0.8563725130718016	0.3801796584161119
-0.8577927121229955	0.3800139241932713
-0.8378917587021689	0.3761022983362133
-0.820825326989718	0.37484766812185416
-0.8246475086772119	0.37432075864932857
-0.8384107211917262	0.3763726700341889
