-6.815894882350121	0.39450539335558976
-3.9312865922737177	0.48268258584188745
-4.377600008706678	0.4987255167304343
-4.378378075923935	0.5031833463568327
-4.717650906917542	0.520932979280389
-5.716839471087165	0.4482254673075615
-4.388617777724066	0.5041870383749435
-4.657581321362467	0.5131950227317619
-4.377645853840413	0.5033232589004829
-0.9508864856205879	0.3930795376476341
-0.8371387964076923	0.3721464313036375
-0.7289718488454263	0.3575109643703262
-0.901803602778774	0.3869738075466877
-0.9103935328526352	0.38743845100000296
-0.8692902134496518	0.38232796581017636
-0.8617100405185977	0.3800102007879802
-0.9069389016841112	0.3864890007227051
-0.9071797745348799	0.3876276679951427
