-6.798208100259727	0.39353275038193924
-3.9792891331094413	0.4824953089062174
-4.1296419120963455	0.4918027919385179
-6.707963386907378	0.38846275177707995
-4.215683927320537	0.4997471531429966
-4.745374144906225	0.5169893805766727
-4.621458038738387	0.5145622094342887
-4.391871960840278	0.5003956979638238
-4.684526509064837	0.5179385823554937
-0.9493250360367791	0.39486812389525217
-0.8723276281679552	0.37850558273714974
-0.8163264238034889	0.3728528080147656
-0.8012874550934784	0.37065484795872333
-0.8172809671280709	0.3721834684103595
-0.7313009572558736	0.35773006563451104
