-6.855015319034461	0.39659616513484863
-3.9237349547399547	0.4832677256387535
-4.53016320358325	0.510540874194883
-4.539739413594487	0.5076975655173614
-4.292267440568937	0.5022023608094617
-5.733529990528737	0.45368727564403954
-4.413723953614341	0.5042005930538588
-4.524707580039468	0.5106033188222924
-4.244813706528637	0.4977881380770457
-0.970256147856741	0.39870068973331924
-0.8236656332840067	0.37490778323609575
-0.8492552092343257	0.3754842426724517
-0.8828043183193093	0.3816719628776229
-0.8893607848675265	0.3829884704942495
-0.8624084734567906	0.3811028695328947
-0.8838845832478396	0.38104254031296864
