-6.812243164311362	0.39449182201583927
-3.9876336006125395	0.48457219866135715
-4.197239164730529	0.49816988911093874
-4.733025158973851	0.5173941647398732
-4.59177669944976	0.5114032164513413
-4.00381197439182	0.49003570050852485
-4.741251390524272	0.5157089804868661
-4.759638274035854	0.5171591704490264
-6.720691459720434	0.3890020298434443
-0.9647221061127379	0.3986887632507801
-0.8218497340313912	0.37439364383578977
-0.8071179233575889	0.3708038256451072
-0.8275444902323046	0.37444170295011836
-0.8152112652867259	0.3731171842880118
-0.8335193934074184	0.37681146170640506
-0.8284068659242686	0.37557427313893865
-0.8159219311167186	0.3735223895277098
