number of atoms: 15
number of fields: 9
Multipoles
---
0 0 0 | -0.4280251890712208 -0.04599711861630784 0.005923360513707489 -0.023498716346505435 -0.04121281373535958 0.16384992846958643 -0.14840872877030326 -0.097540555810759 -0.1663836464053203 
1 1 1 | 0.39304891143004994 -0.06998079474831075 -0.006377196313342953 -0.03424742016426596 -0.012906452970640452 0.10875810177984666 -0.22073427208732377 -0.12996382929229333 -0.2310953999097508 
2 2 2 | 0.0016086809058961649 -0.115389876453629 -0.0013162841959631184 0.05272829680845955 0.20359147105463998 -0.010888230291733612 -0.1423106797448672 -0.06321796651193243 -0.13379876431724244 
3 3 3 | -0.2709312339274508 0.028710674430974657 -0.009413237603223198 0.0013302106891876575 -0.07289885450193248 -0.01884309904135601 -0.01539399752010653 0.18107559031918785 -0.09956160236040225 
4 4 4 | 0.08873673867318299 -0.08632931874962255 0.04151158625297518 0.05806306946089031 0.13463903778983297 -0.05900352693055151 -0.1279366501432935 0.0839034022581538 0.06878546292530635 
5 5 5 | -0.35701535522488115 -0.0101017088955966 -0.0068820350877433255 0.004420305452967979 0.04890775336752171 -0.13479891527067825 -0.012886214547504935 -0.10593663905667135 -0.09052012053149373 
6 6 6 | 0.21365140324980203 0.09279428827307194 -0.009633707292096637 -0.02492701781540605 0.14772748128161117 -0.03611170794211054 -0.13279235300934203 0.04343186858093973 0.11798525241175432 
7 7 7 | -0.11609133154877327 0.10269388716562398 -0.03368691585352661 -0.035954418374097706 0.1863813222134674 -0.07044085995113682 -0.08504198830924461 0.0765183061155375 0.09109643766403909 
8 8 8 | -0.32706600190916646 -0.024279729252422038 0.01070951853302887 0.020774959355750026 -0.08578438646536415 -0.05121091449785145 0.033751489658176086 -0.13300554770016043 -0.15269825591408012 
9 9 9 | 0.05641636376751258 0.05700191457072244 -0.04706980446423932 0.0077154565471978815 -0.015201833236707303 0.016990165697488027 -0.0002913281262933368 -0.003214369897631744 0.01547849510985165 
10 10 10 | 0.14191279374715104 -0.010863791391180638 0.023125358679188846 -0.06464885528778354 0.008751149282661791 0.012350288684681623 0.002308994074796041 0.0009980143226936636 0.004687012662252561 
11 11 11 | 0.16970953410956768 0.047273949747131616 0.00518797277765374 -0.01674763769550652 -0.00891464192497648 -0.008856374969678294 0.008597890896202299 -0.003377745716490681 7.528374103624761e-05 
12 12 12 | 0.15889126221940741 -0.026495865907230527 0.03014189110707478 0.03056184212450413 0.004231414146782135 -0.002347861808558255 0.00921815458095796 -0.004450566483996381 -0.013549568756049919 
13 13 13 | 0.13729909432807386 0.020927364337423454 0.037590964425384565 0.04158849499587113 0.010282743328967357 0.004092664883150306 -0.012184255939296096 0.003366985792660063 -0.00825117437331028 
14 14 14 | 0.13642146717075976 -0.026059453777400248 -0.0536673209369945 0.006313454144730035 0.002748587735673858 -0.008634457806254782 -0.004793652901517249 -0.008012960036056593 0.012007380682877544 
