number of atoms: 16
number of fields: 9
Multipoles
---
0 0 0 | -0.46769186703529186 -0.009194613139240655 -0.039490730076172265 0.02806161945925376 0.2588640413224623 -0.053277579533014964 0.10795826751079947 0.05051821456278802 -0.018015456141472 
1 1 1 | 0.4562042532923174 -0.014152951739145051 -0.04760675871281058 0.056455891678107786 0.32176183236906664 -0.06640415538268807 0.11652831097821256 -0.008781177236404938 -0.051346813390327234 
2 2 2 | -0.30968500226883044 0.02466242793009585 0.0013248496832073946 -0.01685467286797448 0.2882931018552561 -0.056722228765757145 0.120660310195063 0.011066257302351617 0.02551603196369644 
3 3 3 | 0.005167867349901378 0.024055478826929377 0.03481632121647097 0.016965001396590317 0.29608315714612954 -0.06185872791730253 0.13259592579368593 0.10020170733441904 -0.046376487630807844 
4 4 4 | -0.05332480097984238 0.074893357444971 0.08136942117583759 -0.09483507575216543 0.023705137079111156 -0.019052457742123236 0.04148719940366343 -0.008414007773387964 -0.05599492321579787 
5 5 5 | -0.5426523041199767 -0.12427946194032397 -0.053608691361305416 -0.07950701988778394 -0.27659862099700117 0.05367023254453036 -0.04577296025468983 0.011027121781800044 0.0001273628904108233 
6 6 6 | -0.184973553646131 0.03339918085744705 -0.041817467135294314 0.14205451971392885 0.04262627954837501 0.05307479726802904 -0.0014860464761794444 -0.03596552226792889 -0.055826862801836484 
7 7 7 | 0.5653680824389848 0.030173593120250364 -0.004771286461219235 -0.04788143314958795 0.304255461995446 -0.012978104764922562 0.1431067075063238 -0.07868612156658875 -0.010890876094951908 
8 8 8 | -0.49424887572857834 0.01430828533067293 0.001429222147856628 -0.05526370544726193 0.25103708293387716 -0.0263387521104036 0.08012664915102066 -0.05212135653024897 -0.009611242970205705 
9 9 9 | 0.05778194801398684 0.01781657386698438 0.01238663214512412 -0.07570866209205838 0.0008213819890597257 -0.0017121256063092876 0.00516426722697657 0.013285872728438019 0.015763628410612622 
10 10 10 | 0.15468802547849203 -0.01242505107146215 -0.05940453305577211 0.01606054438413041 0.0016277315250530727 -0.002047437312951027 -0.0024219403442487892 -0.010527848408478535 -0.0005651570449708934 
11 11 11 | 0.09467206623545388 -0.05426229809152493 0.015109231783044257 0.0038917990836997525 -0.024302119771935964 0.012691991155540521 0.002035279787204602 0.013994682660615305 -0.0037927576550637588 
12 12 12 | 0.13153895266980054 0.03654104403325827 -0.014250425183874506 0.04458813871558073 0.00012858512169629948 0.014190908894729126 -0.006869615812613551 0.01860276119195018 0.0007623424941277917 
13 13 13 | 0.3316819485456107 0.0012216214753326736 0.025170500393772135 0.018521512815515145 -0.013524729055934838 0.00891331795877621 -0.0009912579399115292 -0.005579352549166344 -0.022130244132785675 
14 14 14 | 0.10248697348418423 -0.05060066879546772 0.009877101815601386 -0.00021228088863927568 -0.027793384616167177 0.008951078115653084 0.0012173142976941067 -0.015999862289032427 0.000264230584540736 
15 15 15 | 0.1519309317843378 0.03921576135329099 0.036082755572030535 -0.01640405270030498 -0.0005041422798678514 -0.005540102334553844 0.011195010677792348 -0.018482895400169334 0.004274438932271211 
