-6.9169348688828975	0.39895284471999204
-3.8275120076104443	0.4834106373651632
-5.685089999847114	0.4403781213236121
-4.3204699333226175	0.5038725835318986
-4.546091916356688	0.5099155190111881
-4.681354192764648	0.5129906128805453
-3.7890737794410603	0.47626742279373646
-6.851816540608808	0.3948263777350528
-4.405111061775501	0.5022923854497416
-0.9662049120245266	0.3971621897787996
-0.841334979368109	0.37455222831253965
-0.8085468672930596	0.37245381966760327
-0.7992182006210731	0.36917043779750797
-0.8255537132029497	0.3720048853633714
