-6.84206757766525	0.39608485303051966
-3.8888342398968048	0.4784050317589025
-4.669050837437049	0.509409708008363
-4.295512136966957	0.5010198607826253
-6.688178115308293	0.3892712529503068
-4.339431973018907	0.5002633546129095
-4.339215592321684	0.500240632122343
-6.688441112003844	0.38929817527526167
-4.295613198009184	0.5010408945769615
-0.9416032382160612	0.39056545641332313
-0.8255510599718183	0.37355212506281094
-0.8743388724642315	0.3780865412230422
-0.8694960503779068	0.37814089138370904
-0.8695067923515485	0.3781509629263243
-0.8742761359144825	0.37807986898332047
