-6.07923799355163	0.46317063224347405
-3.980269106536827	0.4888591018946636
-5.75514901892823	0.43974905214185506
-4.004640178969581	0.4839373581689457
-5.877671996031556	0.4562836287223214
-4.306255939144095	0.4959594605606969
-4.817587264694247	0.5161620790670937
-3.7621091985709803	0.4741579534741833
-6.115099924492048	0.4642193893933889
-0.6485906926571825	0.352179487930399
-0.9326084641793174	0.39063737284689476
-0.8708250765770065	0.37646890249592
-0.8972343330394488	0.3852639182563662
-0.8944726281482104	0.3822361309067504
-0.8138283569503857	0.3717157225504463
-0.8334880771223933	0.37717772349128026
-0.6635194241454215	0.35491990985786565
