number of atoms: 15
number of fields: 9
Multipoles
---
0 0 0 | -0.44777003131477855 -0.005751521722968647 -0.042919510759672846 0.026299129076029677 0.24992539300617458 -0.023507605079645343 0.10347706432095133 0.027691218373044217 -0.009826394715331787 
1 1 1 | 0.42644394660944673 -0.03544255840817143 -0.06664875867752247 0.030799348085206693 0.3438168603841571 -0.050322733257419934 0.11342842375088678 -0.02223170426425978 -0.051054918683996045 
2 2 2 | -0.06705363091169136 -0.06554331063343856 0.08018012907596585 -0.03887487237164818 0.0036109360412464853 0.03859093275677003 0.08795636924034045 0.02419122214074707 -0.12124318318611432 
3 3 3 | -0.5622979176970366 -0.01046414636897575 -0.04303308623696319 0.11836576486363176 0.1750509708029937 -0.11344150994741771 -0.17628130215136928 0.2851383541963462 0.03681270828389585 
4 4 4 | -0.08392269711032974 0.07847605779113714 0.04885960098214923 -0.10463349702224714 -0.07416319438331022 -0.05112848050616424 -0.023618852547883172 -0.11888394679717147 -0.10202920964237998 
5 5 5 | 0.0536075413054089 -0.06083428273012547 -0.08827184929338727 -0.030851993502673543 -0.05705658942734241 0.07751435633204487 -0.037528833096312324 0.07874746786472674 0.04922452705520386 
6 6 6 | -0.5965588091055682 0.06738294864806522 -0.02464688244323942 0.009095552487964521 0.13818129644889604 -0.06436085055024975 0.06904978544557641 -0.1300474344396113 0.048438700376642635 
7 7 7 | 0.6830335668518357 -0.04861910766311165 -0.061798151075580336 -0.02123130496456107 -0.12444606226800332 -0.05247382687739441 -0.20477351915442152 -0.14924398531654334 0.05985849824924199 
8 8 8 | -0.5472149682286407 -0.07711619175998978 0.002690507451064257 -0.04421646117513475 -0.022827290750245133 -0.06264780135698693 -0.10795052241661407 -0.1330637557247832 0.032692433267522095 
9 9 9 | 0.0431612214030872 0.010066755708118606 0.011338499921596624 -0.07170438440703338 0.0003160473147210959 0.002813727861776369 0.0026845853667676555 0.025150464054114738 0.021347322634708506 
10 10 10 | 0.12611625503233115 0.048261800252752646 0.016662264783558395 0.02287168881221813 -0.018241273863371908 -0.013002148692921368 -0.007698126012981083 0.0030367188216578614 -0.006298083559124763 
11 11 11 | 0.33469938192166615 0.014877506501341297 0.027530733444620873 -0.007314574199707071 0.009016794075916282 -0.019131207671331262 -0.011099913490623958 0.0050948811243810704 0.0011509910527772705 
12 12 12 | 0.13839451630386035 -0.008487892628124011 0.05344322433476021 0.024990546769754544 0.002004322086397295 -0.00021445835925541383 -0.007033683172595991 -0.011795078123598389 -0.01109749085146448 
13 13 13 | 0.11487614898916121 0.01686924462869062 -0.0109925685642066 0.06078380221481899 0.01244989291846779 0.010233020294214875 -0.009259747585205392 0.006918448072140921 0.00169625189021903 
14 14 14 | 0.38351868722233384 -0.004564828009854578 -0.030862551258848233 -0.004729793947803389 0.012928413966968234 -0.004233416934579792 0.013615676927947323 0.0032535480011322017 -0.0018210751121773543 
