-6.842969115651394	0.3959672815930001
-3.8634110836377693	0.4799131919286776
-4.829875391351346	0.5175555813149239
-4.0293454999483735	0.49086433885596625
-4.774165705048823	0.5207487228919603
-4.727522951334737	0.5171714778270641
-5.7114380928061355	0.44954411839810654
-4.531798515512707	0.5121973863615288
-4.5147276755296915	0.5111623121279659
-0.982581011184139	0.3997299810336491
-0.8292770836148426	0.3778021788908758
-0.8245868661573436	0.37480720579510785
-0.8347017570457191	0.3774685728401863
-0.811822509060092	0.371779180427083
-0.8397323958281302	0.37728655524442695
-0.8270685666411721	0.374516560008737
-0.8577441610458693	0.37738197225294223
-0.8625178196416652	0.3807051910874005
-0.8716725675865326	0.38199621516747034
-0.8584004759143616	0.37738320779995815
