number of atoms: 16
number of fields: 9
Multipoles
---
0 0 0 | -0.877428657794689 0.054994249488195084 -0.04849957763301956 0.037906757521877874 -0.09732005449591544 0.015801053666546484 0.1520547839925031 -0.03527819426470006 -0.035182549088406206 
1 1 1 | 0.38346681263824467 -0.010980093026217629 0.0014846510391652236 -0.027171707903894227 -0.01598776995352699 0.009988783599029109 0.0044128116496580305 0.012288394562001086 -0.0006298687852564031 
2 2 2 | 0.40054509876489264 0.01031834158252464 0.01686124358748529 0.018219867089945576 -0.007733306215069035 -0.0002883827435108542 0.005814269880421008 -0.002019649646239252 -0.016606233433818444 
3 3 3 | 0.49412711867004333 0.06424330612566025 0.08570624795273524 0.008422066047501973 0.13850516724700687 -0.03423778904329698 -0.07408086208232999 0.06548452735883295 -0.022170142815977113 
4 4 4 | -0.5849388485306761 0.016875977592949256 -0.13656092409401452 0.016768578730331628 0.27895553621381697 -0.11847400399769199 -0.17255553049513228 -0.033969817584682954 -0.23443088848934235 
5 5 5 | 0.10377757282241173 0.018645984780050827 0.11912443875268768 -0.09740185887644495 0.1533496896558954 0.008060629347562097 -0.005968618514827626 0.00556545153944564 -0.05541487521897891 
6 6 6 | -0.21481203111218772 0.007697237854469603 -0.06781362062220252 0.06767518385342587 0.05926949050393427 0.022575775349350152 -0.03546268514273166 -0.019061927653682722 -0.1439932075396251 
7 7 7 | -0.3083176733029438 0.0008965182175064443 0.0896252546604616 0.011012269192210274 0.020779418178672696 -0.010149528385674065 -0.006476341377881218 -0.03991121436810973 -0.00610091711957655 
8 8 8 | -0.25428730314064474 0.001983287683004756 -0.07638808504330429 -0.054594858155312086 -0.01519856645407605 -0.02087102880033829 -0.004875968447846519 -0.05105195015392447 0.21030480546568336 
9 9 9 | 0.1738094390243723 -0.005215217609940167 -0.018977292532847707 0.05431276256377444 -0.029343234391238558 -0.0005627116434878167 -0.0035423451730478106 0.007495005313096885 0.014048754586005721 
10 10 10 | 0.23427774833846282 -0.014681990846362816 0.13242974396971713 0.13146590586707904 0.08633963953670051 -0.009643139677752797 0.005158794380753235 -0.058543912584570874 0.07875854313410144 
11 11 11 | -0.5584083098804626 -0.006418283849240499 -0.13134956223776392 0.02124215377746745 -0.13678379107169594 0.01697702282696091 -0.02113714755580171 0.08835203742448855 -0.06695863044339985 
12 12 12 | 0.05251314631244275 -0.02174631982915109 -0.06206048095064926 -0.03802218086474206 -0.014287011494816723 0.002922923062877001 0.001118415061775933 -0.0004201801130124487 -0.0321877184924168 
13 13 13 | 0.44705265702638464 0.0021510881250220073 0.014982676004784576 -0.014287648271494955 -0.010330380164909671 -0.002731088634762169 -0.0009527362799064287 -0.0015538465156737168 0.01832469830003678 
14 14 14 | 0.15655978514133662 0.011247079741732184 -0.02386373673163663 -0.05269157079268879 -0.026340702229947235 0.002183579214212927 -0.009083456002074067 0.011139973917673579 -0.008643853600556053 
15 15 15 | 0.35085307191697523 0.002289414332714285 -0.03965975051911492 0.00019001719620197885 -0.02485652942466786 -0.0006736176268375503 -0.005576479674916555 -0.014032664868851375 -0.0003978886406451323 
