-6.084888546483155	0.46382132183576286
-3.903967384637612	0.488385385772139
-6.6623784788312195	0.383283949352424
-4.322931264512234	0.5057323150132225
-4.851398530211069	0.5212602153147838
-4.198187068284499	0.49554831446828623
-6.7225281020517835	0.38676201982343067
-3.8719065846687193	0.487313892631679
-6.122544550906236	0.46293244983626985
-0.6569655156397891	0.35614465138268536
-0.9397632537979795	0.3909986647088508
-0.8807886548937125	0.37973761854329996
-0.8147271589699759	0.37324503355366345
-0.7606445835460872	0.36472977366948894
-0.8846837226217883	0.37774850760178896
-0.9352624072031672	0.38912334001554744
-0.6487788019151715	0.3541165104276226
