-4.771542028664939	0.5109960715374381
-4.294671131960186	0.4977161682245132
-4.6207753427596465	0.5110236121628469
-3.962723967833116	0.4855931082566032
-6.964649773431002	0.3974539657532725
-4.434087485635165	0.5020137460079507
-4.639788207977688	0.5139809624828662
-4.0485656264135015	0.4737605613227146
-5.763836691893932	0.451712998092324
-0.8271122764760804	0.378012271520156
-0.8325893689095519	0.3790783746182815
-0.830890958426339	0.37887662115445286
-0.5541112644377697	0.345748083044941
-0.7347186343877872	0.35834793669422743
