number of atoms: 17
number of fields: 9
Multipoles
---
0 0 0 | -0.38135629885894673 -0.004478257598788912 0.0002640363999528592 -0.09966136644126543 0.05777791748827341 0.0011376176398062185 -0.0031494902640730486 0.0792543796966049 -0.014369947277084807 
1 1 1 | 0.0022883772840165406 0.0029724513423128674 0.01818462136375384 0.19905927103181187 0.20553627573016137 -0.0029327031069004026 -0.01808831027005713 0.3036818116450492 -0.022042445711155368 
2 2 2 | -0.17073010418767876 0.00019408754314914243 0.0116865802443418 -0.20173151891008237 0.2013688590460699 0.04794051756201742 -0.031238387267409504 0.31082410934432564 -0.0009324267368277667 
3 3 3 | 0.1208441327968508 0.11614025449732607 -0.006458983114169198 0.07076328602365838 0.21774863356471438 0.08532424585075905 -0.11081426935789684 0.064621538842767 0.012809790160570171 
4 4 4 | -0.31694159090606 -0.002359430029632686 -0.02611684137649668 0.03187393165217923 -0.07943315110120985 0.006385217826080415 -0.04389956275697555 0.09842984679644252 0.21227807581187488 
5 5 5 | 0.12706117518964266 0.107325564228113 -0.04599058350437973 0.011919519144279078 0.19347140940943525 0.0232773169525374 -0.10207691174041535 -0.0970937312487392 0.058441400042821764 
6 6 6 | -0.4778708919855337 0.008752641403077509 0.05571472117356852 -0.018066171485319638 0.061279890579407616 0.007386672754881533 -0.041096910265950144 -0.03849046212948484 0.03872228966892647 
7 7 7 | 0.3838758725716396 -0.028145757456622452 0.07026551387025382 0.060335016228972464 0.21957541644246747 0.3275670614608804 0.07565214729842056 0.010461110026819265 0.038581776604983214 
8 8 8 | -0.4154186621734457 -0.017054170676792494 0.023401964930222584 0.044783560483553114 0.15852610691503013 0.2034756120810386 0.05380952491001138 0.0856289515830809 0.06410357892140578 
9 9 9 | 0.16672157747934846 -0.018129539235277055 0.0489369735423943 0.00724282990614686 0.00045227732875504354 0.0031701863309119057 0.003719263700518112 -0.0071720456269382515 -0.010060935698220473 
10 10 10 | 0.15919306286207635 -0.03290558715257271 -0.03881596906427481 0.011337777763677045 -0.001617296837933884 -0.005000792135729403 0.007325149917296528 -0.005668274705965946 0.008688747591071525 
11 11 11 | 0.16272318174658074 0.051190131778681876 -0.007575183053365988 0.008046627477777249 -0.007634907276657859 0.0019511765343881962 -0.01024181813926508 -0.003319514335679285 0.0016868996231951402 
12 12 12 | 0.0998516440457452 -0.025824822559541123 -0.0036913826359062877 -0.05896373513167961 0.005274565220589322 0.009308006855183933 -0.013560828061707485 0.01629656352914919 -0.0007874541839955068 
13 13 13 | 0.17762732625534872 0.02205046739408764 0.011384300113855873 0.04213224302173359 -0.0018605888662874622 0.0022199962231316027 -0.0036803151344219328 0.011575942896113888 -0.003230805437208996 
14 14 14 | 0.15750754306620662 -0.04684218774730578 -0.010869379860967622 0.004388739990084784 -0.008492596666394646 -0.009618706451862597 0.00213833754652272 0.003972472581430916 -0.006454726059322109 
15 15 15 | 0.1580440803522385 0.028519785126240087 -0.02466753932855532 -0.030261347256719546 -0.002965665667061199 0.007182091051063731 0.0006736100623821885 -0.0015963035472951951 -0.014313435314085519 
16 16 16 | 0.044770757572162534 0.013071634459629127 0.01193973995715043 -0.07051106387957717 0.0011374605488368187 -0.00754709767947369 0.009816264288148613 0.024341916810817422 -0.006563488728395102 
