-4.749315213139829	0.5118470828024108
-4.3614048915909205	0.5023351508688495
-4.55757083492729	0.5084221779214612
-4.0912925024427365	0.48937579093841926
-6.715280516327566	0.3904761496326702
-4.318602568812038	0.5021102309250964
-4.6737692454508	0.5143788989224971
-4.427724041260648	0.5039537051865511
-4.796713460600965	0.5188406494520832
-0.8415137555152069	0.3810442223727788
-0.8379794125277017	0.38029913692517
-0.8427477801698819	0.38130104611385573
-0.8691786811200235	0.3786689147915755
-0.8640937826571131	0.3824687228928229
-0.8562124433457373	0.3807000807930333
-0.8780457808832456	0.37964968175388614
-0.8491247014065829	0.3824934599945716
-0.86030334301087	0.384121576442415
-0.8649787219797863	0.3854416140668983
