-4.745990951608136	0.5109339967243233
-4.369487961019154	0.5029626882244534
-4.5249624073611185	0.5080593103120118
-4.466159744786151	0.5008973427580451
-4.3128274762101055	0.49844473289586755
-6.73968657592521	0.39030445199506675
-4.251439537113808	0.4962638263680571
-4.062347638676405	0.47691240366370574
-5.775888748195544	0.45324965895504754
-0.8416390963525994	0.38091772034826704
-0.832393851825695	0.37892477010752945
-0.840448595938047	0.38083132210691495
-0.8497988252067474	0.37510622439265295
-0.9058666976704842	0.38387764882315606
-0.8940459333011488	0.38120426042814404
-0.8751192776644968	0.37663979427039523
