number of atoms: 19
number of fields: 9
Multipoles
---
0 0 0 | -0.3661455637615738 0.016523752214165518 -0.0060714232496700965 -0.1043410699428697 0.04762292106063577 -0.005479643559307116 0.014229682981941855 0.09033854454981365 -0.019685009572114463 
1 1 1 | -0.0424390051621959 -0.012875302724669435 0.018726474633229476 0.20331401730463114 0.14242357177611356 -0.0013815319695787182 0.06204638007983045 0.3214480380588015 -0.046357458085587486 
2 2 2 | -0.19034796032454881 0.05530780545190757 -0.025575737453632376 -0.18944590748700155 0.14828477173660662 -0.021607103346754253 0.10171254329776165 0.34281179986760874 -0.014569375085949765 
3 3 3 | 0.01756285797081869 -0.027723536374543094 -0.12624149628057618 0.05041213737668603 0.03167208380522835 0.0013517685981304993 0.050722630577496486 0.06174115504723542 0.061347475157475864 
4 4 4 | -0.35678382947228915 -0.10216211485922748 0.018516616594853878 0.07663629769762945 -0.04266410759879453 0.020141076440668263 0.06203316816506169 0.0011320139157480831 0.008206289158138343 
5 5 5 | -0.22738424651503664 0.12111897744824625 0.09342974308071914 -0.015343501608824845 0.028351107621375094 0.021883004679782256 0.008896560939024571 0.036089748255164616 -0.02261336463650991 
6 6 6 | 0.9051579491052424 0.028671458189591582 -0.03582854779273803 0.00934472773812576 -0.05756480859407697 -0.04002781395608631 0.09541902725196981 -0.030610993058414374 -0.10101874781796724 
7 7 7 | -0.9774934275777483 0.013045902945856048 -0.01437430957562195 0.07118957530235433 0.11895740612847336 -0.007621364873685503 -0.020364516962780656 0.0045793613197017075 0.15321214061474528 
8 8 8 | -0.6720253178524267 0.09084976328520951 0.04905622896615569 0.007935764389085274 -0.04048334682070907 0.0025788935741919883 0.06848191165729164 -0.008407833076651171 -0.08132727977108253 
9 9 9 | 0.1575671359196853 0.037164044323805344 0.035732898889146526 0.010024295630892518 -0.0010436609532179081 -0.005065435398847981 -0.009757590135461484 -0.005667691055580107 -0.007861188717504304 
10 10 10 | 0.1516734103560039 -0.04967100534421048 0.01604272366044512 0.0008224543496922381 -0.010154014379395185 0.00422568942126473 0.008539085282628988 -0.005067130359706406 -0.002654020531247248 
11 11 11 | 0.15619259889726855 0.010956252044450152 -0.049347429540207086 0.013636596355563656 0.0021868882384818117 -0.0002827153406834906 -0.0037165044958947504 -0.006145309149076003 0.01252924756747484 
12 12 12 | 0.10445553451469536 -0.04835762845307672 0.02692355878349186 -0.02266000396295916 -0.015741078340900768 0.009904788715956531 -0.006857344955104415 0.002568639966024481 0.024400538419944724 
13 13 13 | 0.1636597390759511 0.06286089449479122 0.014409675209320353 -0.010610596724258164 -0.014567794701326213 0.005245694744479773 0.0074399064130704455 0.004014526824815786 0.0106346131343088 
14 14 14 | 0.09173550495347516 -0.03302565968690144 0.013307490109204057 -0.04385731020466582 0.0019016097952938048 0.018607511470209667 -0.015520009855006974 0.006971543014951683 -0.015456651935077885 
15 15 15 | 0.1310203986409728 0.024892042519002643 -0.0519610937372142 0.01144369889799771 0.019626322073247264 0.01154367822950029 0.00019497318604121187 0.0010683706236518126 -0.0031362496757049146 
16 16 16 | 0.14870685921957316 -0.01671399579957683 0.02581522313548492 0.0480237362522333 0.009409796270655262 0.017358885901484242 0.0020176438086434052 0.009333508947511861 -0.0023329538840213253 
17 17 17 | 0.3911405216383933 -0.024142799397701736 -0.0107123615539903 -0.0029843285043557413 1.0041651586357823e-05 -0.008276836815310662 -0.009154545152562789 0.007378418820761731 0.0166405466473676 
18 18 18 | 0.41237837810868705 0.02432433487921383 -0.004903472304448843 -0.00989812830095462 0.00019216174074244437 0.009392774077633262 0.005594663177235616 0.0070534859859756405 0.009724341203876743 
