-4.724199137191441	0.5114315203447968
-4.430381644313575	0.5064379530720545
-4.474013298846113	0.5085392226423627
-4.62101190192997	0.5072081632789608
-4.11848758477508	0.4931010101403275
-6.758653080862294	0.39209794814654036
-4.221679016265201	0.5023594067492348
-4.733973408455598	0.5185709793440083
-4.632020744177827	0.5149625669321782
-0.8480598628446168	0.3821729439986187
-0.8478157070058158	0.38212197717053
-0.8486335331837522	0.3823872290843457
-0.8439356750927763	0.3788803867195319
-0.8482910309990919	0.37921975872949143
-0.9089488059339944	0.38123737043191214
-0.8815970972200067	0.381028538632049
-0.825174773405076	0.37465061957791906
-0.833499364608325	0.3779850970524318
-0.8316189909719985	0.37542995546105684
