-6.327067285481519	0.46661959153134164
-3.5216812921751464	0.46504837830464035
-6.972167472582278	0.39943647678533795
-4.673080369099898	0.5155071406283425
-4.352782380811736	0.5047294427503088
-4.373965106265032	0.5058709615270298
-4.479038907274493	0.5091248823516656
-4.37155125454406	0.5012908498925703
-5.744408875521124	0.45508918421750355
-0.577834578009943	0.3372137747936478
-0.5927037065387714	0.34085953260138735
-0.8682232457464828	0.3807006284177148
-0.8572760515991789	0.3769928715542031
-0.8441951416263351	0.3761631267852765
-0.8586346776330933	0.3785632124530884
-0.8865724434275516	0.38154486559799333
-0.9142613713537281	0.3881374278918616
