-6.289158374363685	0.46314704155958786
-3.5662446331637025	0.46389439011302563
-6.2928021556696585	0.46401788221185414
-0.5959879498290346	0.3428513105611125
-0.5868386487842724	0.3378087739253314
-5.4958714349872775	0.4331616946468931
-4.890651112343503	0.5371815527491508
-0.8141360764101591	0.37827943071837045
-3.795354445311404	0.48178317496982254
-6.975017423777725	0.403594940476385
-4.622144536952107	0.5120302646675188
-4.464390741609442	0.5128767615184888
-0.5852336159839736	0.33927023484467667
-0.5695278842098203	0.33595780278048387
-0.8128897568601599	0.37247371758995473
-0.862359981571853	0.3823195087304675
