-4.972076867529795	0.5222052958778105
-3.6865407313717276	0.4698100815256353
-6.1313769014457415	0.4633862531294276
-6.02068973510699	0.4507530053055564
-3.8013071355877632	0.47815122721999737
-6.899005070772356	0.3963754063188011
-3.8939383726888104	0.479595880403973
-4.966537957431751	0.520034154179804
-6.840088512660626	0.3948475917704918
-0.8310307524075309	0.38036293866502796
-0.831017518941315	0.38037344881592067
-0.7938882948281492	0.37005837740423675
-0.6183597388265022	0.3450111083951768
-0.6075132433027945	0.3457583002721487
-0.8008515502922077	0.3756610343917949
-0.8078060790073751	0.37340574590887476
-0.8008280666637947	0.3756542502008684
