-6.304594353493429	0.46399526891149095
-3.4960567643900213	0.464812072772715
-6.986503596772449	0.39988890229139884
-5.012364072071805	0.5232020974598915
-3.676826525776098	0.4688779966461295
-6.8754131019042966	0.3956204657028286
-4.985498839227851	0.5197780552749407
-3.840391214049961	0.4780140931583991
-6.840883185825238	0.3956335431338488
-0.5762449482608896	0.33633581531686657
-0.586464567963104	0.3384616611350853
-0.7884487600756512	0.36958145186710545
-0.804729439723098	0.3713011189989784
-0.7665339057540598	0.3703203334695804
-0.7931304537327301	0.37336039579249025
-0.9655450622323293	0.39564678888516613
