number of atoms: 16
number of fields: 9
Multipoles
---
0 0 0 | -0.936449619584109 0.016971280419959923 -0.005854626958867008 0.0031343178744737098 0.032149831318138714 0.02195442975584613 -0.0076540583440600435 0.013764424301257612 0.018461595208726478 
1 1 1 | 0.8490698113493433 0.01738084573317037 0.04855277247406854 0.028506524906170564 -0.03898820568492232 -0.10002934613323532 0.12022031714716638 -0.07342964921647632 -0.13155734423509816 
2 2 2 | -0.6101729563809002 0.08495078535021156 0.02598139434178926 -0.02990332477882718 -0.010500797287053838 -0.08950526339266555 0.05463069569528332 -0.08680251692751348 -0.09869884785416846 
3 3 3 | -0.644340989398942 -0.013741162809086773 -0.020182727366488493 0.004339442928830774 0.009500878666745505 -0.052208166121510864 -0.03141205647214476 0.04038544765149006 -0.001082799583332149 
4 4 4 | 0.6785582610289733 -0.04242349832330211 0.003609981735201031 -0.012673042941935452 -0.16096811922952373 0.09790194503211597 0.01997184241374887 0.2793032247135956 0.009303346098698251 
5 5 5 | -0.49386942121408417 -0.0677543088445849 0.005240236411114607 -0.03492637299540265 -0.10702849672357806 0.07061225657014815 0.03402388363939276 0.22842895830009421 0.02063091937939983 
6 6 6 | -0.6137207749451488 -0.003715384522289389 -0.011173914541903892 -0.02552166122620883 -0.002052640002251043 0.08856647684069406 -0.0004933079764692038 0.0835692744410491 0.05658723249113552 
7 7 7 | 0.5127535530269984 0.026029365566968957 -0.06883342545429245 -0.012573218416325825 0.2196864734313122 0.23879150024732415 -0.050325638719477164 0.08549622109879833 -0.01565562964948762 
8 8 8 | -0.4620283294409191 0.01858919545475256 -0.04607432195730253 -0.041175588120553504 0.19084041072498312 0.2386611627319823 -0.04805811496637331 0.013418299739152317 0.030482052281462238 
9 9 9 | 0.4237550517391123 0.01404144202760657 0.02127787952136911 0.005710998087884272 0.006593978496217373 -0.0027695451640071668 -0.012686353809823723 -0.003094840523920845 0.005191984726735664 
10 10 10 | 0.41353543203689747 -0.024799917390389323 -0.007009961334598764 0.008525023221685876 -0.004555833189518851 0.001702811153959096 -0.005024444096856646 0.0051593353789238326 0.015760831482210264 
11 11 11 | 0.2115512399243502 0.030358542304476946 -0.03081680969640007 0.005898922021827182 0.002039374252164238 0.009462495827846766 -0.003057145737078525 -0.008880272803857893 0.0016100818687808107 
12 12 12 | 0.19527056027690293 -0.03812484997135612 -0.007038360795639515 0.013882144428440848 -0.011228360514267188 0.0019891085849400676 0.012803537431620306 0.0061253643480924935 0.004916084483821129 
13 13 13 | 0.23346609424594122 0.03288779394931498 0.028449023383910164 0.01655869909215401 -0.002964897386079448 -0.0023200801039237307 -0.008724208708180019 -0.004415546198041665 -0.006143375957698712 
14 14 14 | 0.20686954626727017 0.012975622234957546 -0.04082318442173035 -0.006992420158914092 0.0011096469053626054 0.007939545072613158 -0.003295668274144421 -0.0118436127147505 -0.00039017568514817933 
15 15 15 | 0.03445493776767372 -0.04124632287195613 0.06573191701548982 -0.013331655524430603 -0.008396034853397707 0.00804202688532937 0.004917359275283691 -0.027842048486808612 0.0061520516302143915 
