number of atoms: 18
number of fields: 9
Multipoles
---
0 0 0 | -0.6249484652824728 0.010174920212909735 0.0002622500664576509 0.00940923002544403 -0.008685053775985547 0.05297556166766687 -0.07864319716165563 -0.03995588069255301 -0.054119006520488754 
1 1 1 | 0.6137749618980743 0.03884594463782809 0.030735629980455828 0.02874699863082961 -0.05230957136031786 0.14776129520161643 -0.20366607865965997 -0.16189548013822372 -0.22167820835170013 
2 2 2 | -0.5002981601932 0.05005273378026163 0.011084641131351698 0.044344168140986746 -0.007667718072687516 0.12831564096138476 -0.14359055825236056 -0.09494316453132785 -0.198859917871485 
3 3 3 | -0.22192298114122355 -0.07367247652542652 0.0354220013218523 -0.1267889291049866 0.04434995802182771 0.051840357225222435 -0.022947592540773026 -0.05747154916673392 -0.08940526574049655 
4 4 4 | -0.2676495009021025 0.1082125704390914 -0.07949368936704063 0.018523530178308763 -0.051397247618653344 0.21972823455689247 0.04677347657438083 0.010038259565500886 -0.04979195366346433 
5 5 5 | -0.15226733503724788 -0.029774338829085947 0.013491782080430257 0.07331928178809541 -0.0431677203014295 -0.01911338451003411 0.06732237571424951 -0.08329757862616438 0.12635610073861034 
6 6 6 | -0.1483512631311612 -0.013319666117379086 0.05570969065351695 0.07099190878588327 -0.08572116696979938 0.01061763966193076 -0.06390343583611191 -0.1624901632114276 -0.006732897663462965 
7 7 7 | 0.4190258605450321 -0.05116495138005692 -0.05059156812843155 -0.02530393270483129 -0.07077402772189563 0.03363386934899942 -0.21967583113882372 -0.2818999127243357 -0.05408510092507545 
8 8 8 | -0.4474090735140983 -0.03162521702043036 -0.03325130700237191 -0.022577765368776075 -0.10101556030401883 0.08242744156448652 -0.20656563058802388 -0.1778400594846068 -0.041381026314921694 
9 9 9 | 0.1892548076582139 0.016865486998934757 0.02508315972365782 0.032829284349678446 0.00568289784653985 -0.005011928086888002 -0.00323673834505647 0.0002376893354270539 -0.009498411591308766 
10 10 10 | 0.19177477798757392 -0.0001686548392361175 0.0175405036111083 -0.041935642924296065 0.003153318256773385 -0.006868734123980339 -0.005613732678707915 0.0002542898383667039 0.0077490433822578995 
11 11 11 | 0.18651254224815272 -0.04045198256353356 -0.017709073850263806 0.006519866474763899 -0.00754328295578901 -0.0068544342155942364 0.0011533469649613924 0.0077215586227888326 0.0027584232685047786 
12 12 12 | 0.1201131082089294 0.04999565884005685 -0.015044823890752628 -0.009234184437466104 -0.011837988766730388 0.01060569643890443 0.014472859772838851 -0.012676050569047262 -0.005048133145508615 
13 13 13 | 0.15451669305540705 -0.036543554922767764 -0.030691444663194865 0.02607333647083041 0.0026519029370638022 -0.004406156413040604 0.019325214734254782 -0.013906830675533778 0.004330345365105667 
14 14 14 | 0.1512098177311768 -0.023826599410535988 0.044214004445267505 -0.029856586203996033 0.008997962305202467 -0.0029529428107430943 -0.009087091264212956 -0.007386564657304037 0.008310980004514133 
15 15 15 | 0.13434204000429317 0.054623133637670254 -0.012595897224660948 -0.0002475674532158396 -0.011249613523632098 0.012864815726852916 -0.00562537306989124 -0.011222100943161832 -0.0009317274366971444 
16 16 16 | 0.16549257196969425 -0.05087044475509219 0.006765327360454937 -0.01759117995130151 -0.014818306527150289 -0.0050437748366487 -0.009269679184359612 0.008102584679642182 0.0049684037174955184 
17 17 17 | 0.03560620591654773 0.06260419878355623 -0.019045895648685047 0.030431410295718803 -0.025733740295466503 -0.006236656362380729 -0.007087881804871579 0.015097092455782009 0.007318384803375434 
