-6.3307866938713335	0.4661300291962891
-3.5062849868448183	0.46528244162682286
-6.979087375453733	0.4001075356146773
-4.88783503841998	0.5204854483014341
-4.2533083472335065	0.49892677414630426
-6.715762464791241	0.38805849568303
-4.394739293217989	0.503353503679816
-4.043208347381524	0.4775214687475892
-5.783849244562701	0.45343088604431625
-0.5754209623889954	0.3366473532299476
-0.5861853968713266	0.338006678583222
-0.8203204021359214	0.37540532362437884
-0.8202650837686452	0.3753756400379187
-0.9151849779625189	0.3872612700625634
-0.9151861089140687	0.3872603162719118
-0.8781673844989601	0.3827386122056141
-0.8780817278292538	0.38270047332915363
