number of atoms: 20
number of fields: 9
Multipoles
---
0 0 0 | -0.45957304219124495 -0.015315975286998464 -0.012731531382217833 -0.07097001504475456 0.026058446765092926 0.000594912663527663 0.014554654874447641 0.05302903660549819 0.032106068494515236 
1 1 1 | -0.027870432424064617 -0.03666197590814978 -0.04303704445856574 0.03621110865766576 0.0423706421783351 0.05013811107621794 -0.025593747967737737 0.00680883131224088 -0.0007648825819529778 
2 2 2 | 0.028926888839778897 -0.01067617481944364 0.14119247953430153 0.06941711164780405 0.1757656381071515 -0.010034056527432394 0.008110639486844444 -0.2585094754546012 -0.19774037605867703 
3 3 3 | -0.409733686038642 0.020213427731928028 -0.14552352687313624 -0.04220198636073645 0.1680858751036715 0.026890550245988836 0.019358195448321836 -0.223594313312871 -0.16914403391846644 
4 4 4 | 0.037258178205060055 -0.026871205336711675 -0.041807154792448474 -0.015244684639843303 -0.05706304894303859 -0.01449107383423343 0.005773358225882128 0.014249829484057232 0.00742515329314786 
5 5 5 | -0.4628889891568768 -0.003964334589049685 -0.00883283427670119 0.06281808318027123 0.008965871848338325 -0.011193340390873276 -0.02753229111076421 0.04841203499351404 -0.026165698364370788 
6 6 6 | -0.44760041740836876 0.06624557191923486 0.02655398055424606 -0.02131960269273567 -0.01744011559329928 -0.05745962417150433 0.01781839397919568 -0.014086693912803212 0.013367975118508919 
7 7 7 | 0.3515260216528002 -0.014387330138676728 -0.057056375143825555 -0.026366248429488467 0.1653093163858016 -0.0016403165910483047 -0.0072517731448361565 -0.22401238448050026 -0.19683006667753566 
8 8 8 | -0.4639217680101231 -0.00422668122840966 0.10138954726973812 0.030706654295268553 0.19338084715320644 -0.010161795067386348 -0.005713541099231696 -0.24929366379755616 -0.2080085671539706 
9 9 9 | 0.16398713115706676 -0.0028261619161268265 0.04930634994654408 0.012497097705911866 -0.0023825151952276114 0.000969894215737008 0.0011498356518218 -0.00832547881232111 -0.006478472848363606 
10 10 10 | 0.15174765055898065 -0.03560275910587234 -0.029583853654913464 0.013194811996665246 -0.008921597634620373 -0.0015123112604903642 0.010096097343108141 -0.009175284211539797 0.007585394262084325 
11 11 11 | 0.15763093969323438 0.04372100536499415 -0.022283957329478597 0.005547184891639498 -0.008368251484535363 0.0035217258719702303 -0.00809004351901457 -0.00884255461457503 0.0056103983230208695 
12 12 12 | 0.1478767298889596 0.04334373891373051 0.027431665199907064 -0.016414160552683344 -0.007967188023336189 -0.016758562398548265 0.014710665404584915 -0.0033861548766369975 0.0074976590221041564 
13 13 13 | 0.27292746969232173 0.003860452475794747 -0.05063316409134645 -0.018067926115934475 -0.006134976775119964 -0.0009568278343135934 -0.0001386762629135138 0.00903111644083976 0.007538723428001532 
14 14 14 | 0.17070233103098076 0.0005598752736545652 -0.04766750488236459 -0.010500891606147348 -0.0019024584549930728 -0.0007158446616427764 -0.002917541202329476 -0.011511308027915154 -0.007340944039328118 
15 15 15 | 0.15777757495532319 -0.03907362243874145 0.02656253295436064 -0.010809519704527015 -0.009124552703447383 0.003285250236947297 -0.008865871606014293 -0.008231623462030985 0.002924456583844287 
16 16 16 | 0.1538327151882497 0.04022571010296129 0.023526286101688287 -0.01185138644678063 -0.011354067551386368 -0.0046940068343140785 0.00601241851162872 -0.007070993516949653 0.0037524099337986573 
17 17 17 | 0.15435000697588386 0.001071003879402539 0.0055473814460216455 0.04906168580106123 0.010718784511745509 0.00882334868131235 -8.84011901416294e-06 0.007332765221488927 0.003380044153157625 
18 18 18 | 0.15507746772509334 -0.03465070514280639 0.0277115590290319 -0.02104468411640362 -0.0014969236141297853 0.01060458943246772 -0.010978932220605914 0.0021159866696317275 -0.0027260069937610617 
19 19 19 | 0.1662395290164589 0.007972518848211617 -0.045511097146909416 -0.01725966143296891 0.009473217309125667 0.0037968070707883584 -0.006406150089964997 -0.004227022611279797 -0.005860210992170332 
