-4.820329865558393	0.5192154254797245
-4.390300068005151	0.5004410719756893
-4.325637378600738	0.4998406133479898
-4.758516149965181	0.5223804879454753
-4.315679840398334	0.5031583855470884
-4.822541152285388	0.5197729786947483
-4.808966545194064	0.5181999697175825
-4.014970861688642	0.4770448681348145
-5.825010573895385	0.4557289176875278
-0.8360128688429347	0.3780247409026702
-0.8482523494410211	0.3802476149468941
-0.8423690603067676	0.37925226484515784
-0.852123270111037	0.37453144155019924
-0.7270725303076778	0.3573763752133699
-0.8292976689690201	0.37668819725443803
-0.8422224250446775	0.3792971430156468
-0.8461672848117529	0.38039664235965226
-0.8456499930241161	0.3793547699181732
-0.8449225322749075	0.37995388837483696
-0.8337604709835409	0.37786340617245306
