-4.812703570282448	0.5218577403795134
-4.336863599699029	0.5030401456501248
-4.7948721162063235	0.5200156431875366
-4.798307127265449	0.520350374210148
-3.81471176121951	0.47512742699937577
-6.876848408603462	0.3962077729116228
-4.524677440085825	0.5100006320989644
-4.487850592530345	0.5099225673425087
-5.881607607441247	0.4557093130604706
-0.8449749410973272	0.38107997996071324
-0.850012893121134	0.3819090292499485
-0.8607391617369993	0.38412285623842574
-0.8528422966089483	0.382933405892725
-0.8639251837299401	0.384326122733785
-0.8515875063484801	0.3812372032695638
-0.8550632930280697	0.38208762142234415
-0.859777397431929	0.3831110784828405
-0.8532288843890365	0.3829189372996021
-0.8463131247182973	0.37343207621371566
-0.857759819119166	0.3765192096710754
-0.8614862477096945	0.37995457141220224
-0.6466773656262155	0.35029859882041986
