-4.861144134900542	0.520968949538225
-4.070730515186405	0.4950516269627926
-4.9067726542943495	0.5254805348624976
-6.9829759955260515	0.39978390187649765
-3.8139785393590175	0.4750146376991191
-5.912366291697148	0.455710952016472
-4.408430252432822	0.5010356822132112
-4.340605237561414	0.5002337504587866
-6.783581900967211	0.39107687302960575
-0.8345852702416164	0.37889528733045397
-0.8345013310503744	0.3788032064017973
-0.8419957420660884	0.37998438964275516
-0.8289179503023759	0.37822971740048245
-0.8452764508423452	0.38229681257534104
-0.8351258596933833	0.37907008160723826
-0.5689271521425623	0.35215424663863576
-0.8915199612203	0.38339209176912875
-0.8952632050803195	0.38436774344777946
-0.9059154672571441	0.3839046522957191
-0.9046283452538039	0.383662969458906
