number of atoms: 21
number of fields: 9
Multipoles
---
0 0 0 | -0.45915190034534614 -0.0020086643984324262 0.00508702865760374 -0.06377056354957139 0.04336491370855522 -0.015460328472825243 -0.018042580642286556 0.08340825661921644 0.0036613912201246264 
1 1 1 | 0.17953218049357655 0.011383063110755154 0.0018679806744114525 0.00730800452273854 -0.00942334597296759 -0.02368774396874801 -0.005133969195521292 0.025537421825770183 0.003734748985322199 
2 2 2 | -0.46010299329046944 -0.053515776424701636 -0.02679135575897768 0.02177302654149538 -0.05577232983379846 -0.07128102668375352 0.03410913193983793 0.0010463615025318065 0.012512716780603898 
3 3 3 | -0.4760575220383849 0.012045974570669943 0.04934597544258611 0.02579225500380315 0.027814490577110818 0.014645675311627894 -0.010271948886039028 -0.05297600643875155 -0.0385826148074458 
4 4 4 | -0.2618197393427675 0.046200076664215356 0.040360742686719214 0.04293865575817944 -0.03345717260008019 0.03835460161484812 -0.08077817300378297 -0.038748244869499085 -0.028169258955645836 
5 5 5 | 0.07594533711279539 0.009680856921517088 -0.15266912910310063 -0.051138422618788947 0.15386247265358696 0.0019308443827051034 -0.07158598247693766 -0.2539750644942637 -0.2378170374169935 
6 6 6 | -0.29174338547409384 -0.05261692920468731 0.14673899067703172 0.023013404305076555 0.20931402539892227 0.016913714031833983 -0.000508200088113392 -0.28546858686180043 -0.23612487879004176 
7 7 7 | 0.4896939165121399 -0.06978603396584297 0.0007385153979688362 -0.041826529645067584 -0.02668642109210057 0.10163132104216183 -0.20092570103368876 -0.17748198412872773 -0.13535084234269784 
8 8 8 | -0.44732731292327976 -0.05463666713854764 0.015400337706844415 -0.02720797807650018 -0.0428423883042572 0.025302537577312493 -0.2231053019978821 -0.12169481790891472 -0.14652109328157062 
9 9 9 | 0.15016666740705842 0.0006988630148158305 0.04623063093782275 0.01095494676277487 0.0006835787768570765 -0.0018301768326589917 -0.0014987754433285355 -0.011445620473482025 -0.009893109018432813 
10 10 10 | 0.13747918920062452 -0.03888325357853895 -0.021504015170800406 0.010026537252612391 -0.010572094130047557 -0.009290798481883746 0.00846410040998217 -0.008856978223843256 0.004741148292517151 
11 11 11 | 0.1419072458863614 0.03854970098890165 -0.024284856491462434 0.006556897161297435 -0.00958176555328234 0.008306288878783758 -0.007546737343216878 -0.010363283174248988 0.00380104371117309 
12 12 12 | 0.14212988720282727 0.03234891724216988 -0.028042516346102966 0.01671095821715337 -0.003283245143656831 0.015238895478115355 -0.009632030605790348 -0.0008644421186716449 -0.0015441080268349912 
13 13 13 | 0.13768130519316035 -0.005511120725285754 -0.0008622421714063422 -0.04515670064434058 0.011909634783641557 0.006321302705240983 -0.0023393132709969805 0.013520082833727865 -0.0011881099471193035 
14 14 14 | 0.150350367690125 -0.004733140029647547 0.042855097434249215 0.01988766564748441 0.009053299215768223 0.0012870100735335088 -0.006461706911519927 -0.00657677632963994 -0.008232917734664542 
15 15 15 | 0.14033738008088925 -0.03746287827194863 -0.01701753891778706 0.01876485870797656 -0.012645669628320148 -0.008472947257160766 0.0050172038772551 0.003123494665319351 0.010767594665388673 
16 16 16 | 0.1403503795518567 0.00088359509435637 0.00667840873517295 -0.04470823445339309 0.0011845565658773593 0.0025185235852346554 -0.0010944312266159225 0.018640826041300376 0.004924947650180345 
17 17 17 | 0.14972905216986432 0.03814378563835629 -0.018338180310814012 0.016179715083081123 -0.009292047141498859 0.012550156942381853 -0.0027530908647462665 0.0017912002858119069 0.00963137872272696 
18 18 18 | 0.15975108966782747 0.005839119300478345 0.0037555766287435113 -0.04962858938319888 0.005982396088029051 -0.009204562944333378 0.0019838562757886757 0.01875780488605616 -0.004009678869758484 
19 19 19 | 0.1597016100098152 -0.03801465641715266 -0.023361598234398474 0.02289905904975824 -0.00412269900448329 -0.020386028897788542 0.005230108339622359 0.0035784494561556146 0.004581006908727436 
20 20 20 | 0.03936641381454542 0.05853251670122163 0.02554090966519316 0.04489186047588986 -0.011657360124711351 -0.014653337355898103 -0.013333978374356568 0.015445270127309847 -0.00038194202798757495 
