number of atoms: 21
number of fields: 9
Multipoles
---
0 0 0 | -0.5594101043940549 -0.012697640686942282 -0.03208838879423148 -0.011263154724571022 -0.07285426795846456 -0.010689085648913627 -0.010461829392043862 -0.02002247740401164 0.054852636417660736 
1 1 1 | 0.25090405715966924 -0.02193414790981577 0.0737659633819208 -0.09896727004718625 -0.00948217379713847 -0.058290308486875136 0.05145371747897554 -0.07022248051233053 -0.12901012263417247 
2 2 2 | -0.6178462900606778 0.03541378904794043 -0.12695943743862195 -0.019895442012855896 -0.11136366129391395 -0.029574861650417558 0.08010580478247882 0.09895004083490914 0.036021777971262124 
3 3 3 | 0.06213329343869933 0.015388866036875799 -0.023924718753199663 -0.0066153941065019645 0.098351956361684 0.008669432811798381 -0.03270541260550465 0.02485715554125697 -0.07669599811068947 
4 4 4 | -0.44919592004241427 -0.010639561662139186 0.05212970300927127 -0.045472100379268646 0.060251085115321644 0.04181948875283905 -0.013227426021795132 0.0038201332423274154 0.038086688153597933 
5 5 5 | -0.3345173883927455 0.03578742577521972 0.003477282000434134 0.00548232785103144 -0.09614869793265891 -0.007925451593192443 -0.12362101403911607 -0.016456146886985372 0.003569544256058153 
6 6 6 | -0.28979041339906964 -0.031452553524744985 -0.007767355616172908 0.022482559071503448 0.006616570250918269 -0.0023804744564974245 0.12682133619724548 -0.03237797833560869 0.06348187496427457 
7 7 7 | 0.4481304335661127 0.05214060271841558 -0.037955637373953244 -0.03381980177611668 0.011235993043862913 0.07269544844632911 0.2438404476889496 -0.15660218609660112 0.1810169611692128 
8 8 8 | -0.4905310792578099 0.03709126578908716 -0.019502886742996817 -0.027014620681967177 0.037658627321071336 0.1203082364887169 0.17807738023612532 -0.16727109904803897 0.11876766561210188 
9 9 9 | 0.1427691900268614 -0.0011266928886284938 0.036782938380634934 0.024887658575984094 0.014104458016544344 0.006186230793950422 -0.0007374025617434109 -0.00893129520589518 -0.0037265553449536463 
10 10 10 | 0.16575117365851355 0.016457713215090722 -0.031776646996647284 0.025213136718839135 0.006890657163833697 0.012580297169042498 -0.002932376119929011 0.0005819325012766021 0.00872407345097733 
11 11 11 | 0.17747645347387275 0.021277899029501314 0.00027972674830877036 -0.041383367674381256 0.0004195083105374487 0.0034113926148384706 0.010817361825993752 -0.00020449216826676808 0.009138828021219632 
12 12 12 | 0.066418741308089 -0.03323161565767309 -0.009526572647682922 0.049505720004566135 0.006852133523805474 -0.004310631015583901 0.03227819768245958 0.019844902033825818 0.0026642212695281104 
13 13 13 | 0.42608473950347325 0.0042106373864563285 0.020746715231171907 0.0069753790795552256 -0.004580883939781872 -0.0054520713055798645 0.016767485602510165 -0.0014256905990339044 -0.005975445144131509 
14 14 14 | 0.1395705363623837 -0.03548538998840807 0.002345475741408446 0.031172102705278697 0.00039244917948457175 -0.005482116247866429 0.014295641639434503 0.008960688315674488 -0.009400488082154311 
15 15 15 | 0.15333285135538244 -0.005242547189730901 -0.03624128100571492 -0.029262684891191243 -0.0014611622899001005 -0.0037497386766702527 0.004742942644822737 -0.007284094828407176 -0.016649111688981352 
16 16 16 | 0.14315857457465742 0.0455738422227386 0.008153057546501521 0.01185788878426174 -0.010174929223964227 0.0008946078988853044 -0.01039849404849581 0.005839587027086497 -0.010830467014460596 
17 17 17 | 0.16292476157405422 -0.017460364251308466 -0.047030254603616574 -0.0012531773527917189 0.0036929642775873337 -0.008808181636255595 0.003176174139483515 -0.008418857828063857 -0.001908095682739208 
18 18 18 | 0.18274772825653873 -0.023132187931302162 0.046249025650675665 -0.010121412202667884 0.004354323819030477 0.009906977484895892 0.0002235896225699063 -0.0025978403909098706 0.0057368938651849825 
19 19 19 | 0.17300482781822735 0.02462392831238873 -0.040008279444603785 -0.008840926539775466 -0.00031051774938456504 0.012183623925132475 -0.0021318146994445597 -0.011704801878860449 -0.009860441916957785 
20 20 20 | 0.04531973106253484 -0.03843331182624424 0.06406413511795511 0.006576371536577602 0.0006686040302497109 0.01946926878403688 -0.012937918138911304 -0.010409315372536792 -0.011021728658051105 
