number of atoms: 23
number of fields: 9
Multipoles
---
0 0 0 | -0.43605037087877996 0.030218490351461326 -0.007168648112196617 -0.07794321514501441 0.03414887084001194 -0.009434055540588768 0.002176811959560898 0.10765419572723077 0.013681318892025972 
1 1 1 | -0.05285880041606994 0.04437899718338958 0.016201452256156698 0.05387466097727913 0.031911122378411046 -0.04041494386275441 0.02716991501877642 0.011417143363493575 -0.04929013910003867 
2 2 2 | -0.4378128251760609 -0.056068725041819895 -0.0508015614878378 0.024929518430380552 -0.07669794344360971 -0.07274342574252834 0.0005065431561166417 -0.020748056749534855 0.006901759580487619 
3 3 3 | 0.21961933206173434 -0.049999437895552626 -0.035120869817672706 0.07703411604077291 0.11595888742471357 0.1757909769658223 -0.08862818778680276 -0.07652214190171397 -0.10487994438102075 
4 4 4 | -0.3393527144551163 -0.01835011783087897 -0.017438672722664958 -0.02448371206025858 -0.03243161250069851 0.045245663271017346 -0.14390369648792295 0.14477680775379403 0.054562405962013685 
5 5 5 | -0.026743386408977443 -0.02008903534437593 -0.05248931459383604 0.03418319859971533 0.05111747429943691 0.015418391192283304 0.027711684591677613 -0.07739915419640937 -0.05398392035504611 
6 6 6 | -0.4409310473354999 0.00886442425108795 0.08084849495476101 0.003929267991692389 0.06134631486487996 -0.07384397793004216 0.054447295381980676 -0.06386354035821926 0.006519005222740029 
7 7 7 | -0.02897530129393555 -0.09829817309454815 -0.09187109325681532 0.019280576724057818 0.05604592311209168 0.17993914326162275 -0.12742855978117568 0.06095458614091788 0.003124196122630622 
8 8 8 | -0.3429329726082848 0.045621381247715115 -0.009815491670904437 -0.01351203678103322 -0.0824889676309669 0.04136324070709409 0.042095986189216256 -0.1187411752534322 0.16833209650468248 
9 9 9 | 0.13439705090878018 -0.006591169835600774 0.046543527949560785 0.0076771567061481236 0.0011526997542239108 0.0015136891764380763 -0.0023074047799290644 -0.013581289267354498 -0.012046517479866422 
10 10 10 | 0.14947930323557623 -0.039524803382555436 -0.030888169282031135 -0.0025112598715850837 -0.009442431524090444 -0.006333977306383801 0.0039543044431015455 -0.006210143177566451 0.007917466754429704 
11 11 11 | 0.135726809051249 0.03926111433005464 -0.020471400772781752 0.015595787206618202 -0.007997001022336265 0.0015030842497731204 -0.016726850575645786 -0.00484991955046023 0.006704311791620168 
12 12 12 | 0.1268123541057793 -0.0397535204735816 0.018944869185454506 -0.022381770858923147 -0.013327195761948902 0.016003524516730008 -0.020973000466106527 -0.0021196732431683304 0.010448521470761016 
13 13 13 | 0.13660387354447978 0.002747999097295556 -0.005257802267045534 -0.04802240359420543 0.006357216727435739 0.00680761842223902 0.0063835589833597895 0.012013444459075168 0.0025411042194306037 
14 14 14 | 0.1393615867116006 -0.01522696820802509 0.04181961536137944 0.017102547483638524 0.012583818738686008 0.005381474458976864 -0.004294048921041864 -0.0070930955534923915 -0.009148211557349128 
15 15 15 | 0.1334452972733502 0.03144234889547204 -0.021615776206926944 0.026792441384256235 -0.003911794453677705 0.01527618129048009 -0.01157098313869735 0.004270373502209151 -0.0020144289009915678 
16 16 16 | 0.1337838348771926 0.043757733135800544 0.02198073691943729 -0.00503653172268194 -0.010039238131016396 -0.014331052966777249 -0.0049629978679764375 0.0032406777604560917 -0.00031961478167435325 
17 17 17 | 0.14192113304142184 -0.01813157195659218 -0.03210118175669441 0.032508864155072655 0.003293276259234462 -0.005221308649167065 -0.0047314478402960955 0.006748069172586721 0.019328713629988722 
18 18 18 | 0.1072294819346219 0.04052673851264162 0.007998681035707852 -0.032533893774887045 -0.010955849090372866 -0.005695484797310503 0.01945687699200312 0.014336184281737639 0.008037576906839062 
19 19 19 | 0.15147687623029515 -0.03862857057707595 0.004288642267765452 0.029463760609963696 -0.006335792959661472 -0.0005984843351298798 0.01115947224829682 0.010085696586529339 0.001936583291994385 
20 20 20 | 0.13279458598955385 -0.01220368857369381 -0.0041740175605020045 -0.045603978706162264 -0.00040112498613307786 -0.0009462817019453218 -0.005411339344964982 0.014439503104155968 -0.011169162531520756 
21 21 21 | 0.1335346013812505 0.040385088019706125 -0.02015373190362246 0.016231715871085076 -0.0021201323940644437 0.01713563378667113 -0.0008191736363364453 0.003626491840293581 0.007368291830730757 
22 22 22 | 0.12723242579220573 -0.0285225116307205 0.02141763023747933 -0.049942305580415756 0.006877385496883603 -0.005975351091169698 -0.015608842830641597 0.0021238164296085195 0.004971666748806233 
