-4.921258710781694	0.52670777934873
-4.081745862622445	0.4914076978118519
-6.993252749341996	0.40053216149022447
-4.478645298737721	0.5088351521255595
-4.571164282466843	0.5119561652449881
-4.319500111422823	0.5011565363403303
-4.53951373685602	0.5117624778546909
-5.723093601666119	0.45188813080620793
-4.35738013187715	0.5001886791225939
-0.8304228337791163	0.37819410539433357
-0.8369649393614577	0.37987900133375235
-0.8491486490682224	0.3836698834121601
-0.901532504404544	0.3792491939689506
-0.5785598000151403	0.3529857187312069
-0.8396733721404471	0.3771904700175539
-0.8789153134462528	0.3802260298667721
-0.8588459282406417	0.37806009895414355
-0.8620216843516056	0.3805072905609216
-0.8987781573937897	0.3873170425388844
-0.8956472665733612	0.38537485273650274
