-4.943353922282122	0.5263702269009053
-4.025145358603866	0.4876348249477764
-7.013660371203365	0.4002343960884856
-4.7883427749916745	0.5161638567525366
-4.091926743514928	0.4906233595272131
-4.903492415597902	0.5212820351227777
-6.78686044137188	0.3919181082483756
-3.6857503079713343	0.4759880082351211
-6.186977328088216	0.46692519653158887
-0.8309258054827514	0.3787306145374894
-0.8442729906092917	0.38204907031429675
-0.8200452331972667	0.376330886279285
-0.9129166814619949	0.3790014972677524
-0.5549895175842194	0.3468729841411786
-0.8202561077702331	0.3723937093503365
-0.9221993104363481	0.3828135948073984
-0.8119462627061164	0.3747166723581453
-0.8362668154546979	0.3797479479844928
-0.8447130731613685	0.382739659048108
-0.6350077934145457	0.35307728443625436
