number of atoms: 21
number of fields: 9
Multipoles
---
0 0 0 | -0.5632003713205371 -0.008680074285843824 -0.012498444035239732 -0.028681323831877187 0.009112530257151712 0.025121803874264142 0.023811583373947783 0.07723312178932562 0.0008309621151644061 
1 1 1 | 0.2823490140704674 0.09991779811033043 0.05044074315048722 -0.02476312630316082 0.06098841411951206 0.09514422404425693 -0.06087917467365543 -0.005074111121781882 -0.07577535698975321 
2 2 2 | -0.6233422345405017 -0.1117613887023209 0.009886893550353354 0.002397426083037856 0.1186851238129151 -0.0475714694403374 -0.012172203248461513 0.027657827400558926 -0.07007315253672892 
3 3 3 | -0.1865128007699317 -0.02732626298811017 -0.0038128714632924277 -0.004608316636568232 -0.03022147508681487 -0.06258956962393977 -0.17750010201108873 -0.06804734071890163 -0.12076885137617299 
4 4 4 | -0.1803201676747186 -0.021656445757308497 0.03481821200815977 0.04798046536502721 0.033093992926516595 -0.06574968860066384 0.1591151539551795 0.09709530137223475 0.059485815564050554 
5 5 5 | -0.2715574082284382 0.011660624216173065 0.005271080742770841 0.01109869410922465 -0.0514954019842865 0.1458810078648336 -0.14440989174544935 -0.0895680773353378 -0.006103283759087833 
6 6 6 | -0.13289479098564172 0.027166531037703997 0.03803284514524813 -0.012878687841088136 -0.0028469624249169182 -0.1367730875130123 0.1456487759090438 0.0997422261269519 0.07377341719575733 
7 7 7 | 0.16372864930338338 0.14275292406482712 -0.068910057692841 0.032557221493845004 0.11997793180676583 -0.027450120832543518 -0.00410628063866104 -0.11175265451786688 -0.06102121073253786 
8 8 8 | -0.5933155142304116 -0.00800338013941961 0.1358196690166099 -0.045020664174530704 -0.019867633743891576 0.0053782222682105165 -0.039102911660602625 0.11732126269505153 -0.1511233902795399 
9 9 9 | 0.1636262906601873 0.007752692173346088 0.04404191784815183 0.007441649610441324 0.0002156989402847046 -0.00513881769128325 0.0007433738019085095 -0.009682156985737501 -0.012743497090670545 
10 10 10 | 0.1601946797935766 -0.03893430342097287 -0.017004646927153175 0.00886569358308462 -0.009887718313749414 -0.005572999280681679 0.011930146149578097 -0.006339796784921776 0.006777303115901667 
11 11 11 | 0.14342293993690147 0.030193770717815337 -0.025666995248539763 0.013039285821288256 -0.011265710703782022 0.012265243689858962 -0.0037343975442761406 -0.009075731946519356 0.005940207745655012 
12 12 12 | 0.08940824281853044 -0.038931432376434864 0.03851437908430364 -0.020730082787315404 -0.0019472547203505345 0.028344298804400387 -0.02014339321522036 -0.006175374592017875 0.006758376683136981 
13 13 13 | 0.4154268136699859 0.016376357675957978 -0.010750916467851368 0.004013088850881502 0.0037663247466756715 0.011072089255891888 -0.009801487950690017 0.003463345237550796 -0.011358271469197321 
14 14 14 | 0.12936029177443598 0.03006415999660249 -0.036337426516393455 0.010751865519307837 -0.016159437599318704 0.014441026842631108 -0.014413764305909228 -0.005634102478383665 0.01545044706821419 
15 15 15 | 0.12422093674943835 -0.028754085833666853 -0.01256773567225272 0.03872298022652295 0.003952287421935786 -0.004954964611881293 0.019802086967204376 0.00926385295722681 0.006712148234123739 
16 16 16 | 0.1212169210282188 -0.02991628182800073 -0.022336295925094916 -0.03020469035817743 -0.0014681907273507958 -0.009108177628973493 -0.017087210987982986 -0.000982608252418253 -0.013903874023524485 
17 17 17 | 0.1335294270167262 -0.005869448183192749 0.04737564758075206 0.011375131455732953 0.008433498251291728 0.0035068057859299956 -0.0005103571331628014 -0.014285210475318695 -0.009616112091277917 
18 18 18 | 0.13358357221052852 0.0307080901725474 0.015901415683552318 -0.039545616799281404 0.0003406102938809066 -0.009049299616371565 0.014917924852796992 0.009011663840239088 0.0064980251602628466 
19 19 19 | 0.06925279916273974 -0.03757997889541635 -0.02504539329580456 -0.04266086905231625 -0.00018354375396717677 -0.022359540801030857 -0.019035255324063166 0.008331268838696287 -0.009473181009091003 
20 20 20 | 0.4201723008508659 -0.007639410175789851 -0.019419086564222313 0.010063320419329677 0.016028282127220173 -0.007070599874756846 -0.00039627892996050955 0.00743865509560242 -0.00617892114774035 
