number of atoms: 21
number of fields: 9
Multipoles
---
0 0 0 | -0.5479637472875876 -0.01169211231490954 -0.012709680435967066 -0.028931977018676596 -0.003518871771122302 0.0014103401450195226 0.008127044172401558 0.06809132812928162 -0.008597320530348633 
1 1 1 | 0.25145522985232827 0.09398272513303851 0.055084210316822126 -0.0224833106280232 0.045028596105586974 0.11375359487230424 -0.07420027637402411 0.038499399630772764 -0.08484774771853827 
2 2 2 | -0.6419502223294167 -0.10421181089415131 5.41365420909525e-05 0.03972458844713785 0.10430334232808679 -0.017751902622062624 -0.029510953540921973 0.018576668853390103 -0.06321895700917339 
3 3 3 | -0.23745500388347995 -0.06232951893503226 -0.03396928407246114 0.017698932745488793 -0.03540521622843883 -0.060272317260241674 0.04270467869056753 0.005204486371839903 -0.03826574482365324 
4 4 4 | -0.17986940622360503 0.0772000607475924 0.06893068474531207 0.022746975871401322 -0.013481686847723029 -0.15944489816465404 0.005821775868580235 0.08453103292823792 -0.058040711402296975 
5 5 5 | -0.14625031086567564 0.00981055389302152 -0.004752211120491126 -0.09776938074643789 0.03370654204747747 -0.15609482393968094 0.03701813073855712 0.14548120613326498 -0.07843226782561932 
6 6 6 | -0.2691715773405612 -0.018984568531978805 0.021874588406025425 0.06548875721808171 0.00278960149124451 -0.07722133462548583 0.013537405973931344 0.0935709007908364 -0.08292649116890582 
7 7 7 | 0.2506751089957877 -0.10386456530714437 0.08908933497685192 -0.036148534125288415 -0.012328006127994203 -0.11833780687133112 -0.017269968091672774 0.03252317150844476 -0.07555622437794829 
8 8 8 | -0.6431755544404911 -0.05599716593571911 -0.10836539169877814 0.023691201932046105 -0.07834942380297759 0.06270551377186598 0.06940075252530677 0.1305346207104446 -0.011890019509405705 
9 9 9 | 0.16595102137060458 0.0009953185923820367 0.04549229534733176 0.005686357622884315 0.0009729900445981004 -0.0052885795859481605 0.0037989542048583913 -0.01130652403374324 -0.010776761868705057 
10 10 10 | 0.1620150839004152 -0.035816002294513656 -0.020399380313356315 0.015555810760888177 -0.0058328687944967286 -0.007212753866774377 0.010842817158628275 -0.0060229240520714 0.007394448175922052 
11 11 11 | 0.14032312974196992 0.03451992857707796 -0.021131284696210766 0.011804297721362366 -0.015544876335637905 0.010232688340462513 -0.0007500654613137461 -0.008704242804823318 0.003923763487646749 
12 12 12 | 0.10844161585484802 -0.05197503442871008 0.027896806431152943 -0.01766386097546204 -0.007593108043540014 0.026982407533145722 -0.01566606620452121 0.005188942705220344 0.0021193453980263054 
13 13 13 | 0.4254529110190248 0.01789483892192932 -0.0065095356823990334 0.005407081934313611 -0.0009104880115552897 0.009441374509622343 -0.007724473433948508 0.0027903860036025572 -0.013586317431144058 
14 14 14 | 0.11757844354520586 0.02891837556181783 -0.02817235057078664 0.017770496978887954 -0.026647157389283794 0.015795720833096175 -0.014358437210653751 0.0022975334256773164 0.01260736236367148 
15 15 15 | 0.14044888604436645 -0.019030732429455088 -0.004448271116852488 0.0499234305310126 0.0075311553842382865 0.017829927920531976 0.0033187565382110534 0.003932690762128422 0.0013242290748035849 
16 16 16 | 0.14171571291935836 -0.045188184030315874 -0.03219170909406708 0.0017820179285313095 -0.006698790960923055 0.0008372551812891834 -0.0035648511231208685 -0.01328074200161292 0.0039349139684497405 
17 17 17 | 0.12083938956748419 0.025209096508966113 -0.043675230106120434 -0.00590032573760679 0.002860774136088346 0.01553802873432465 -0.00020720570210479736 -0.004937992670589224 -0.013500914868342697 
18 18 18 | 0.1490067379781168 -0.029090552385443676 0.02916759028097543 -0.031081472334425982 0.0038028208977029876 0.010931451713809848 -0.017024560710538567 0.009117395277321298 0.00043882551247799857 
19 19 19 | 0.03894011832813349 0.05737411034105531 -0.014017792741904303 -0.029514241688640818 -0.02591310920283811 0.003106539100594402 0.012526885701391075 -0.0014354595180814335 -0.015217511662619037 
20 20 20 | 0.4509209689361756 0.008449487900674837 0.016490692834515867 0.011059375701451222 -0.006982946423447699 -0.00943058779781883 0.008351758632709004 0.002237047055211476 -0.0039477626197069755 
