-4.917925107005061	0.5253651362774463
-4.107924844265184	0.49187598645143604
-6.988276036426694	0.40044272604394177
-4.416120395918119	0.5090015342178309
-6.706328724318153	0.3905528085577314
-4.262057601816686	0.49962324794446183
-4.6251269652021785	0.5061482806274066
-4.2984363421458065	0.49857355414228605
-4.766457508769303	0.5227377469720315
-0.8325858640668345	0.37888825004241755
-0.8194942821854418	0.3756473454788689
-0.8569438265881976	0.38592072191901705
-0.8965774593856204	0.37614212414145143
-0.5806519640817478	0.3546292829650319
-0.8842509469931384	0.38238100608274195
-0.883511612577744	0.37851219752660603
-0.8400468792018797	0.3778438241955503
-0.8354807517808256	0.3773410564701955
-0.7287612817904449	0.3577211966354686
