-4.781091892077471	0.5173000235173548
-4.543646507724063	0.5045601706385512
-3.9038963711299113	0.4809360952210779
-6.8197023148349025	0.39453680260811697
-4.323741396233264	0.4990349286482
-4.633462666821661	0.5104383090572046
-3.6852334197285312	0.4680606146984285
-4.994081207704719	0.5222105882055907
-6.861402670411532	0.3955033969468368
-0.8426009463294469	0.3787649781384872
-0.8339790949481428	0.3770426292803938
-0.8514295707049764	0.3815203532587856
-0.8192134338420197	0.37088348581562514
-0.9621254487012312	0.3970664120126635
-0.8139401316333563	0.37753566459643817
-0.8057707060997761	0.37375636752325825
-0.8117646673300939	0.3769669814756864
