-4.611842272776034	0.5109264701435492
-5.659098471879436	0.4391753133450589
-3.8704127314354464	0.4867722502574497
-6.919089245214336	0.398952469428663
-4.198463237200932	0.49919366188653014
-4.854147916347714	0.5211971767584456
-4.874455551899027	0.5230747078227431
-3.973484905167438	0.4854078519367244
-6.802823449949666	0.3935139846082009
-0.8768960453570029	0.38399305038225695
-0.8707764862348476	0.3817192539758112
-0.8375928023538486	0.37835818033308966
-0.9428576032603493	0.38778887900685705
-0.8424128676892019	0.3799708331479172
-0.831935527620686	0.3785890981038602
-0.8369592501502695	0.3782208209706863
-0.8453633978045588	0.3815509720913368
-0.8217855560694901	0.3746419541427273
-0.8313772226382434	0.3783281156543068
-0.9569269215009244	0.39736104388666516
