number of atoms: 20
number of fields: 9
Multipoles
---
0 0 0 | -0.2532091456451271 -0.010664560665007466 -0.07058176238342205 -0.12670944073478746 -0.022966073050967713 0.023150137959152065 -0.015783374845915788 -0.05065719647377286 0.06604805528546855 
1 1 1 | -0.2762647294780507 -0.04008920421714319 0.08569036264005622 0.03285813795569029 -0.02847475384769199 0.044979502509953924 0.04313095507211399 -0.017317628025992647 -0.0352643576856499 
2 2 2 | 0.46973516272904625 0.037943537271322506 0.056479944174994176 0.07347810497293428 -0.1214539936518434 0.09224394095717349 -0.07282773531749312 0.037974118921156326 -0.1320032553263416 
3 3 3 | -0.5446072078095234 0.03720315771393822 0.019029236683060172 0.03757094402898133 -0.01508297932733767 0.05347298517600573 -0.049156492501692135 0.03953416874986295 -0.14931392671066596 
4 4 4 | 0.15083100682025208 0.09177037885289986 0.036305830106155235 -0.0276345077349795 0.06508065925493808 -0.00043537146033721023 0.0581897973537435 -0.028126210366128345 0.06073844353049976 
5 5 5 | -0.4949171911449435 0.022256083659835887 -0.0519941801714126 0.015705807091951077 0.02147763524702523 -0.0037820539833464464 0.018075243263598374 -0.027086716638104493 0.033046810081800215 
6 6 6 | -0.5166472630777257 -0.0029852692462725805 0.042415820730824456 0.029757572947203225 -0.007081599641165282 0.03145808904152814 0.007967397982599751 0.03805920262585774 -0.015951593603336072 
7 7 7 | 0.3780977245555466 -0.07631616081658477 0.03862325164439991 0.00321651454814289 -0.11913225859320388 0.11590054537270826 0.23895344716198028 -0.06746914729262578 0.22588005712335357 
8 8 8 | -0.4198823555630433 -0.038923159329352884 0.03429735932281459 -0.005854770240552189 -0.05178190479060231 0.08272134786191926 0.12713684490984298 -0.06938921579467595 0.19948313938534135 
9 9 9 | 0.12310395464299673 0.01840684689986664 0.048245753039835075 -0.02180643170327276 -0.010327437549164247 0.0011817142339800937 -0.0019452628970355816 -0.01902035766468247 0.011894787671901079 
10 10 10 | 0.12922351376515517 -0.050364937190898275 -0.001166628436716991 0.02677224643747535 -0.005304703972476476 0.00973413697362911 0.007699305575098081 -0.002174429907430156 0.019306686133336984 
11 11 11 | 0.1624071976461502 0.046332064969547664 -0.02753376465692002 0.02421167643416765 -0.01290913036993047 0.00700016403149246 0.005601828257330876 0.0005442563021456047 0.01466565367882572 
12 12 12 | 0.05714239673965105 -0.006578041845939792 -0.04700958183668727 -0.06369042534538685 0.020480334276174555 -0.01950606027608772 0.0027140170317814694 0.0033720034818462206 0.0034386315858081023 
13 13 13 | 0.1575871323107989 0.03471680816869809 0.010045924760508078 -0.029288409699923787 -0.0032615815304506395 -0.009106184256501273 0.007611467789490134 0.01078380950877722 0.0021221325278197667 
14 14 14 | 0.16806447237931343 -0.044728508760286584 -0.0040999388699136715 -0.016539770225578513 -0.008959391398982646 -0.0026181567028970903 -0.002874541740420909 0.012226380108074399 -0.0020969500525921192 
15 15 15 | 0.16304074984973038 -0.002566953637453298 0.025437256183413515 0.03997826035242108 -0.0016554595930883072 -0.006446966139236927 0.0017784727010015688 0.003627009669275306 -0.012792149544700048 
16 16 16 | 0.15463660219544229 0.004537957204868858 -0.04603855334328253 0.0126244262843895 -0.0037113677363238774 0.0020611104507146038 -0.0007225172839639694 -0.008098228930614798 0.012789928008692353 
17 17 17 | 0.17821444393050945 -0.043008643342152764 0.008217503287528417 -0.016130917362584193 -0.010263546377192703 0.00047294848583341977 -0.008597554064997319 0.0012035523271331809 0.009033238340409545 
18 18 18 | 0.1686227773617588 0.030934296029259546 0.017788523372730996 -0.03105813782433514 -0.008228774655984063 0.001671595108718637 0.005820593799697697 0.004903823778695642 0.010932565330537172 
19 19 19 | 0.04307307849907649 0.012793858700318473 -0.05923019096349212 0.03624971419139356 0.013803071888566583 0.01292714194485682 -0.013796487037906396 -0.017498201559181848 0.01108350385977025 
