number of atoms: 19
number of fields: 9
Multipoles
---
0 0 0 | -0.4264978052727555 -0.009087614299819111 -0.0085597990474804 -0.0817159307617821 0.027357068524338647 -0.034253983642349835 -0.002630262511225442 0.034329169999393325 -0.03839767922157388 
1 1 1 | -0.19739717061141793 -0.021979868119896866 0.06337888257417719 0.04254034414737207 0.00275629893016527 -0.0007075368450214686 0.017282020892330274 -0.02169263817129555 -0.005564672368428549 
2 2 2 | 0.4641749645361246 0.04873627420102605 -0.022060890555255973 -0.0374412485245079 -0.006851391198194521 -0.041474577008197705 0.29050989722614873 -0.25400796062766895 -0.06231284973647012 
3 3 3 | -0.4531176894515898 0.041632933232775136 -0.02890795014918559 -0.037071995131008714 -0.023215127351574376 -0.09736997985392841 0.2277887457237913 -0.19427995877145368 -0.0159055520913125 
4 4 4 | -0.08586000802503868 0.0480624386242688 0.0072357103773747836 -0.008142207074552073 0.0009562253943704771 0.005104205801016923 -0.0183815442502657 -0.0388160243843628 0.08817943366680782 
5 5 5 | -0.31721690836234195 -0.004401398435709779 -0.03282107444578307 -0.02090275715092511 0.040191117407918746 -0.01917112930947456 0.03892731264041358 -0.10942585603940708 -0.020152582141063687 
6 6 6 | -0.29461310239607297 -0.004724787057676772 0.02345757452954912 0.031957822575912634 -0.03818899155029102 -0.04297432127605453 0.04577429300590987 0.10341962727260273 -0.07374879972012405 
7 7 7 | 0.4798303559809023 -0.0361329200359372 -0.030075270726718346 -0.05152684655112209 -0.16836806553491573 -0.03362237216797811 0.052303873938107516 0.21714122933633942 -0.21787519341995595 
8 8 8 | -0.4685380689618732 -0.021726012742532018 -0.024360541251197264 -0.0464343094370502 -0.20352843479510146 -0.035614040966176215 0.009525447086017458 0.16178201281313453 -0.14507390708742152 
9 9 9 | 0.15558053506738068 -0.0024259196796907892 0.04926337368095147 -0.002314804813477991 -0.001011199064223911 -0.0005397418869344553 0.0036206738029286845 -0.014762853567259022 -0.0066384064270541875 
10 10 10 | 0.13564247172732757 -0.038339435340601746 -0.019179005818344242 0.021446045205138445 -0.009821677102100593 -0.006294602884258768 0.008882608570078034 -0.012214350009035082 0.006788011213405333 
11 11 11 | 0.15145777572293506 0.04462269356101437 -0.02052523424719453 0.011783685067835446 -0.007931202136985322 0.0020134869997041915 -0.008861154589337917 -0.006185498767476482 0.008689195998133057 
12 12 12 | 0.1518049247216786 0.039471767327146474 0.015277069361086356 -0.018323577201859037 -0.007438233998809158 -0.013970513259341908 0.023578398240986145 -0.00124335096840651 0.007385869132359234 
13 13 13 | 0.020462708697301157 -0.052685019371051786 -0.03905998399593006 0.026896737198766094 -0.020063278916585905 -0.017911052848878593 0.017764514918131177 0.014826913858579139 0.015566593451920758 
14 14 14 | 0.14412008462978476 -0.04668282911741867 -0.009789483752044335 0.02599011927922834 0.002214859083936543 -0.015125953980003954 0.02164334430388855 -0.0017658735620439004 -0.005871333779348768 
15 15 15 | 0.17140346831485298 -0.04446132257658746 0.027996147064065013 0.006940659141775282 0.0007154748534511648 0.012552415842360021 0.0018019506539301013 0.002175449347938688 -0.0017995732926601917 
16 16 16 | 0.16380321179139323 0.04557757746247137 0.020690885430048288 -0.004169799855342983 -0.013331383840482276 -0.005682337157696631 0.0054823053703220515 0.004999177321550765 -0.0008469569308190799 
17 17 17 | 0.1808542800699232 -0.04581851970746202 -0.006840616445690551 -0.01823594534980539 -0.009483629901654918 -0.005483465549802896 -0.013403399368216013 -0.003547520838607873 0.004858832929201664 
18 18 18 | 0.023145679174618294 0.07124289516340675 0.004794510117025462 0.012536264068650606 -0.017639279129201404 -0.016263774266991174 -0.025262060936832663 -0.013204572076810629 0.002500797042469056 
