number of atoms: 17
number of fields: 9
Multipoles
---
0 0 0 | -0.5271639978082616 -0.018020897433305736 0.005823409863310433 -0.028935433230599227 -0.05005712939404285 0.015311692300530552 -0.0011344630580708438 0.025581474677697457 -0.016793687989776606 
1 1 1 | 0.15469354448006367 0.06508822340359226 0.07724961111917164 -0.07973041221644106 -0.05003612875591823 0.012766516962361096 -0.058412210601787445 0.013283969904915498 -0.08001941089371287 
2 2 2 | -0.3181655213114496 0.005141291772304584 0.046657423209652986 0.08907515380463735 -0.07928941496165387 0.023483528469046895 0.02862564875021613 0.12383892394816945 -0.06330905088111512 
3 3 3 | -0.1906183164179085 -0.013959982249454338 -0.16997724144984935 -0.06653059720726169 -0.13196056220862248 -0.0439871214173206 -0.0010705893391890187 0.028923091743601814 0.032412490972691936 
4 4 4 | 0.7286869057780097 0.09013359401679413 0.025566563691774728 -0.013289628689386233 -0.1138214184913476 -0.07781958193491662 0.08490046097559047 -0.06260431246409326 -0.16117512691817304 
5 5 5 | -0.9131589976376606 -0.006974140437388853 0.012377246156405357 0.026612926129310415 -0.006174277633268661 0.024317623637948378 0.009249297224353905 0.025774974465484754 0.032010617740164636 
6 6 6 | -0.5930514512638325 0.023452709200423194 0.07242356142401386 0.03092672262926048 -0.11512480233171617 -0.08266222470284243 0.07835298275682469 -0.04927185611788941 -0.0804631514960762 
7 7 7 | 0.30049892320422966 0.027041145984076472 0.05167344274737939 0.012679868463649225 0.15697769338765077 -0.09998304329316332 -0.03183542913494222 -0.14564329977303933 -0.25936157938294035 
8 8 8 | -0.41088813697343074 -0.021696043757874026 -0.07845321410408644 -0.04875458514287332 0.15267267575833596 -0.11786961250456955 -0.06328131391187662 -0.1926322194179241 -0.28232367701587047 
9 9 9 | 0.17682741430943016 0.009983776408145174 0.042267741382557615 0.02055952692395003 0.004158113873553829 -0.0042368167642689945 0.005866279933793944 -0.00036425905123977335 -0.008813799947684501 
10 10 10 | 0.17648400026666244 -0.009714457299372547 -0.03690029870503803 0.029592053442803353 0.009247716636306401 0.0015737641245382747 0.00731037674527745 -0.0010467227327163116 0.004905089795880902 
11 11 11 | 0.17201489411019488 0.034874955433881055 -0.012425609908157768 -0.02916188220300594 -0.0017972393360161606 0.0010290528981663771 0.014424256375231481 -0.003820790364654426 0.0021360710468462754 
12 12 12 | 0.11588828275741947 -0.048881923076549684 0.015594459181792114 0.03811896397195248 -0.007081235355393718 0.005141891890022332 0.020224658779066002 0.000885297237465464 -0.021371937214293382 
13 13 13 | 0.15583832849727342 -0.03104049884211196 0.026408289632073836 -0.040801334305181576 -0.01169862700844425 0.01180822389396173 -0.002705699482048157 0.010267831678940437 0.013731219469685306 
14 14 14 | 0.1363434950347352 -0.017954146310755408 0.006755799315025662 0.05383794335530981 -0.009135888697524486 0.004770826840051683 0.009189463708215318 0.01742691410337925 0.006713392627172191 
15 15 15 | 0.4162319832866813 -0.008652137911998085 -0.02271134472206613 -0.013255784841866115 0.010292267846052585 -0.0046579257769988214 -0.010071910027198356 -0.00025612830338271603 0.005786693098802906 
16 16 16 | 0.4183786322859221 0.022816845923203453 0.01382370323519266 0.00034293482929330046 -0.00340997240134936 -0.004090989475920842 -0.006139358203025675 0.00339075614896365 0.013798439197906754 
