-4.890605731329212	0.5206034570231243
-4.198768614922891	0.49672965913200073
-6.713111360724948	0.38760951744677974
-4.545333754200119	0.5108122015889831
-3.613495106348147	0.47267379538921855
-6.282209650939283	0.4629187121480402
-6.965948196742135	0.4005160176340758
-4.0677852592232915	0.47850590994879477
-5.774850089970043	0.45298209316610555
-0.823172585690571	0.37468447215702116
-0.8235159997333381	0.3762268873904796
-0.8279851058898081	0.37693244293110195
-0.8841117172425785	0.37896724957169875
-0.8441616715027278	0.3747325314204007
-0.8636565049652672	0.380998012982931
-0.5837680167133174	0.3407561718815886
-0.5816213677140772	0.3379763982944745
