-6.951317250923352	0.3972794552811179
-4.11964271819794	0.49882714689381763
-4.078981298842179	0.47967843351363393
-5.791012008994236	0.45448620763184144
-4.516341043342174	0.513005459745763
-4.620008554786306	0.513637677432689
-4.466228415440738	0.5073880469060444
-4.610578031958924	0.513018051142927
-4.589873405749821	0.5118646791769899
-0.5686075661330631	0.34975415017044237
-0.8661750460425792	0.3798270392933299
-0.8658203458035659	0.3807361888827357
-0.8508478549802868	0.37855317523616006
-0.8612054702225853	0.3774909155520518
-0.8712235242288445	0.38192509854322476
-0.8628686837271368	0.37989684516911537
-0.8655680737872438	0.38041741754581526
-0.8739594990847227	0.3825149758037049
