-4.809552879811275	0.5177060389474177
-4.214117293518659	0.4969238420066908
-4.822653974028512	0.5208745688970546
-4.511566652210621	0.50520173046771
-4.280420718888237	0.49613771513917193
-4.771483257275896	0.5233518156495084
-4.513080617523275	0.5053541531848796
-4.279989315127574	0.4961123764640005
-4.772195287427319	0.5233719165622059
-0.8260700201577887	0.3756421564234932
-0.8567853069671563	0.383601896826405
-0.8567936148847503	0.3836003651307626
-0.850531475966354	0.382134882588377
-0.8585273761769848	0.38404923925578965
-0.8505927380518479	0.382160491164849
-0.8394103275599175	0.3751869248506855
-0.7290787733601096	0.35798231596289365
-0.8391620216835062	0.3751471875077408
-0.7289598916551813	0.35795351919606433
