-4.792636815212345	0.518508893047505
-4.229849196675037	0.4985097523237327
-4.8142816806239646	0.5220297560073066
-4.462520534771086	0.5086445716223258
-4.5319824764152825	0.5146956410508893
-4.500670285732842	0.5102699045136346
-4.531272539637207	0.5146306051574233
-4.4620876041999615	0.5085888997949798
-4.45605506402637	0.51014379150033
-0.8526742374777487	0.3812065686421746
-0.8716322808199136	0.38768614970359117
-0.8716552644406695	0.387697537425197
-0.8648212081236691	0.38580276437893213
-0.8533720548096719	0.38163121400442646
-0.8648447669742437	0.3858140788560401
-0.8835913242431864	0.3844635362116159
-0.8534626315519745	0.38010994978174556
-0.8601478768603857	0.3828883887814221
-0.8536143895844002	0.38013772958949416
-0.8837530678119232	0.38452049350905476
-0.8802079120911996	0.3846172718203829
