number of atoms: 19
number of fields: 9
Multipoles
---
0 0 0 | -0.41493559344935704 -0.012204697509338327 0.031377007500392004 -0.15153025620350258 0.15063233751794966 -0.002453911836662937 -0.08641000130438775 0.26786067572786093 0.08153985280619926 
1 1 1 | 0.06392731848586042 0.04500512537890199 -0.006073178526564676 0.15969294747448012 0.1547373125455551 -0.02920396317049231 -0.09715557718736335 0.28627811726455826 0.08936989439121622 
2 2 2 | -0.1749458540940667 -0.020574551590342452 0.001169465123971501 -0.06674107209595176 0.0050539682224111015 -0.11212207278222101 -0.11107015281960554 0.09098639664342564 -0.01829833767221447 
3 3 3 | 0.1018804950771397 0.050361208877686456 0.061095040416520544 -0.04665520574109487 -0.08654429995297236 0.22119702246059988 0.037196933740488346 0.056613932103021715 -0.13443529863421488 
4 4 4 | -0.347402841503623 -0.033373772731158165 -0.03134617391389196 0.013549522997361459 0.023106345224281438 -0.20269998941638945 -0.0625056972057282 0.11589750860928634 0.06298113212998625 
5 5 5 | 0.10154809444003021 0.056456326705775224 0.054181776926758754 -0.048759050464625274 0.1023785709328419 0.2082357279225213 -0.09581566695981313 -0.11461468591644003 -0.057983401676366064 
6 6 6 | 0.02558637701728994 0.006860565414972288 -0.01651839042479857 0.08116590453410578 0.055259449116442455 -0.09411429445887133 -0.0496945012127077 0.13059875585135808 0.056252140592515036 
7 7 7 | -0.4192094803670212 0.04042922328994792 0.04724167576623027 -0.04923201486573074 0.021754168009686995 -0.08645753763078774 0.03835185909944353 0.03573557044386887 0.0765799869371776 
8 8 8 | -0.4424528932962293 -0.05497156312588195 -0.03316476510091241 -0.04657244289510629 -0.0031463157531379576 -0.07697635223638073 -0.06375388369992996 0.04611064061987503 -0.011539519780555221 
9 9 9 | 0.26980512481704133 -0.007356988013889298 0.00817825453667428 -0.052300200714844494 -0.006095914168511237 -0.0007696353712493355 0.003495731515864955 -0.01061398538986284 -0.0029228261999802957 
10 10 10 | 0.15343799651500722 -0.034786877678255314 -0.03327967392774428 0.015438729751444752 -0.0037551565440282994 -0.01149377378816374 0.010740176949116302 -0.008074534274070346 0.007754474201389773 
11 11 11 | 0.11877860993643297 0.04706584204830884 -0.0358630338787368 -0.021403962980876916 -0.008075316437845804 0.021902535508581154 0.004171427410224736 0.001620935516853917 -0.010030105824049165 
12 12 12 | 0.11888057403983232 -0.029253627548825375 0.0555469980408731 0.0036556770112459937 0.00843474689338351 0.01994311198445263 -0.0044800409125845325 -0.011533037346298255 -0.0065186952650025725 
13 13 13 | 0.12919637965723163 -0.03329085408054049 -0.020289214184732916 -0.027367354304330644 -0.00307656324185771 -0.0028998567962069954 -0.012186709739521146 0.0021940758865281527 -0.009007731433958763 
14 14 14 | 0.1403604807639306 0.035134320444768226 -0.029729699382361786 0.015040100862916348 0.004183157980292373 0.012750606849312018 -0.011879682030628507 -0.002641230766341591 0.003179126196665712 
15 15 15 | 0.14035184688958913 -0.01662619940607353 0.032264557854475726 0.03204617474388376 0.0009673886229580263 0.009331500660265965 0.0034251919847749913 0.008895944046849754 -0.012555689429118822 
16 16 16 | 0.13583117357490782 -0.02689833976888716 0.02264470660758628 0.030578680634513404 0.00933602527996753 0.007915860559193686 0.013947094574909731 0.0034331885838737785 -0.0047225252161321885 
17 17 17 | 0.1357590890593443 0.02355068527399283 -0.03776197539602401 0.014075221083854787 0.0004982332694701556 0.014032171664857726 0.0003252943808981171 -0.001405919325445853 0.013559230326733031 
18 18 18 | 0.16134714877337886 0.023022993574244664 0.028702941058564125 -0.03463122042227419 0.0039172469346803376 -0.005974019582847987 0.005333153731047363 0.004774427899899922 0.009092324619904134 
