number of atoms: 23
number of fields: 9
Multipoles
---
0 0 0 | -0.4667430668687551 0.0011549178792403885 0.00781588704577832 -0.06617413363370696 0.03640265693330135 0.022611524194783433 0.011038554756661757 0.08731915635946352 -0.00144999162506248 
1 1 1 | 0.16547541015479705 -0.011230696264702626 -0.002066892510282485 0.0015025971835392427 -0.03733481794527921 -0.004616312622308183 0.0031760057327242 -0.0026173935833244512 0.006182217528797083 
2 2 2 | -0.465963102415059 0.0011203769340106349 0.06362722115923207 0.020088285328996106 0.03633133028397848 -0.0007347624224717743 -0.024957290529405252 -0.05680526008074599 -0.06624443693134521 
3 3 3 | -0.2015226100534866 0.05662781130684201 -0.056987265707265394 0.03709599872982759 -0.05370562244500013 0.05845093049014935 -0.0379388757439202 -0.08444939696484464 0.18889722336784684 
4 4 4 | -0.18403167854123037 0.07306118677701996 0.04775607048038621 -0.030766996529929806 -0.08358489560807898 -0.05974063995169902 0.038777251958167544 -0.08254692729290822 0.1842564452296623 
5 5 5 | -0.02566960555880904 -0.020478447315752598 -0.02720235867487344 0.01771847301264673 -0.05561058572261317 0.0196080453555636 -0.012685161681744436 -0.028785225982407892 0.06423923943813177 
6 6 6 | -0.27856755909423114 -0.03482414266410846 -0.002392921461962052 0.03537194417729901 0.07336237924850572 0.03150721517098395 0.05841061906283514 0.08344272701763147 -0.104708162757033 
7 7 7 | -0.07321056177931151 -0.02551335806645487 0.010005521620176252 -0.0063233650935559434 -0.015646395461444786 -0.02287298419009653 0.014438109328904058 -0.04150747687628316 0.09464370558018687 
8 8 8 | -0.2788946782881849 -0.03454628062347886 -0.03324697509131132 -0.01209354205906981 0.07310664196876192 -0.040618035282658276 -0.053045516828825336 0.02238086742854301 -0.13200268756614286 
9 9 9 | 0.14279234124126938 0.00027590575220822454 0.04474121816059448 0.010750617393543613 0.002953129230951183 0.0005996325077559641 -0.0007507027259693936 -0.013102948452863436 -0.013502385355517985 
10 10 10 | 0.1390225999771898 -0.03872186189633197 -0.022716298769863825 0.0069923742475712265 -0.010821879946452862 -0.008390786236991243 0.009457527012164547 -0.009395163346671124 0.004661521714428964 
11 11 11 | 0.13612174392987242 0.037784231862658495 -0.02319945861326916 0.007010215565278411 -0.012242402290961235 0.00996288638303492 -0.007897758373602059 -0.00893091439019502 0.005140619867184626 
12 12 12 | 0.13884850681744332 -0.038772039140070214 -0.015696283561234328 0.017849487479978745 -0.010817375414906287 -0.012069091823642717 0.0037718106825197265 0.0027979424590692118 0.010086213596280154 
13 13 13 | 0.14263717713340174 0.00032317229788654983 0.008452384955586867 -0.04524795571033644 0.0029256611342764927 0.0009173609470708521 -0.00021887842928155 0.018778796633335225 0.0007591256809776221 
14 14 14 | 0.13602286132097285 0.03773422565293668 -0.015831357622373317 0.01834588597212876 -0.012117656708143878 0.011190203276556229 -0.005770859481902915 0.0020950236549432794 0.01003541356005855 
15 15 15 | 0.13689709264198502 -0.04563897474562847 -0.01906463671145655 0.012324285071878313 -0.0005590769709991922 -0.01618799495965174 0.010512072840198611 0.004965848233187575 -0.011105641580177591 
16 16 16 | 0.1375711575923595 -0.044458309284826185 0.025958560663176793 -0.016863171745168302 0.004855467393024292 0.013503377360060072 -0.008710514994831487 0.004751478575809731 -0.010599426578970929 
17 17 17 | 0.09735034147949573 -0.00021109198214260526 0.0456978781781458 -0.02962287839220508 0.013254134131094216 0.0032592905983164634 -0.0021341218215260326 -0.00860592266613261 0.019274236574614294 
18 18 18 | 0.12530359037334127 -0.03076707763135398 -0.030015525284344816 -0.02323255030962344 0.00364883207015501 -0.012393268865443079 -0.0036255371322325347 -0.0003500210679405775 -0.01820998405464272 
19 19 19 | 0.12435315542284087 0.04448193759174014 0.01931899501757278 -0.010840851148447964 -0.012435559399685601 -0.009401987928564384 0.012552917956623895 0.003082045781577334 0.0010581064595530563 
20 20 20 | 0.10037162237673103 0.04166437539461567 -0.023077138954877754 0.015018511277849781 -0.012739619616781486 0.02253731192256727 -0.014680272135118952 -0.0033184220390720734 0.007706232178532746 
21 21 21 | 0.12437871701976488 0.0445162080266513 0.017827807681318805 -0.01311760471288982 -0.012525942959921836 -0.015370049875178557 0.003302555464486256 -0.00285886030894691 -0.0016513232197072035 
22 22 22 | 0.1253040324122715 -0.030847037300257667 0.008971590047958876 0.03688758777117101 0.0036531166658443554 -0.0016502104012376352 0.012938554247248787 0.01383616890113863 -0.011990553411458946 
