-4.896397703550902	0.5219294775765179
-3.9406118609825302	0.48478255402728415
-4.895069205872068	0.5223779622543075
-6.011182878915514	0.4524091153812337
-3.6248075501704378	0.47510528549313086
-6.945733599019262	0.39919282681055157
-4.841768726117145	0.5172959734818986
-3.8695244752621623	0.47839721958293224
-6.832306057365876	0.394208349902833
-0.8293764245680502	0.37627066046611335
-0.8539345565519101	0.383444735207734
-0.8256074194267026	0.3772105669218597
-0.8450407468688302	0.38137905270208566
-0.8429992657136337	0.38074198269141546
-0.8358554128237972	0.37887436908470423
-0.6234899169863056	0.3488263452473876
-0.7998959914690008	0.37208924713253305
-0.9585456560242698	0.3947598461239849
