number of atoms: 21
number of fields: 9
Multipoles
---
0 0 0 | -0.558039680211575 0.009014258460441873 0.01146832170146087 -0.02837201180873779 0.02686584222394706 0.011591969699510445 0.002208384275578715 0.04342501575581536 0.07420467642815029 
1 1 1 | 0.4566778407015777 0.05833940933354814 0.05816389674574736 0.011736543441989784 0.04240442336764708 0.1497156596264636 0.038913738516886814 0.07401151582987621 0.02521238504926572 
2 2 2 | -0.5614697645554596 -0.007222324282408261 0.017200966327312595 0.027339357325728557 0.012466786172482269 0.07006038928448245 0.029025111228292603 0.015956087742250238 -0.05469983173862525 
3 3 3 | -0.4205310846155701 0.0038262094348024654 0.0033903825349548456 -0.009900887657596247 -0.13233105660517358 -0.0503815754057998 -0.07438018329735839 0.017687503896548305 -0.0625328422658699 
4 4 4 | 0.1843766413091421 0.10015926574500579 -0.06120366322864739 0.014840805758339286 0.1323497633268042 -0.036301183691948805 0.06905218005391424 -0.04073490343705627 0.0534736738916609 
5 5 5 | -0.3974462678981805 -0.05076867465663067 -0.02195617422383959 -0.038191738387534056 -0.12087500930247447 -0.12675732727305056 -0.015186401957803929 0.14893264110247215 -0.10228584177290607 
6 6 6 | -0.022306011039556317 0.005592654336485616 -0.0909628234119711 -0.0773878859820896 -0.05670995695072555 0.0026000223161120194 0.10212869321870477 0.019530810114899932 0.16499153450734724 
7 7 7 | -0.09869234191821441 -0.02596071627220444 -0.08810781980615497 -0.07265236803830277 -0.17646088779011534 -0.005889956701430058 0.03403132959791073 -0.041429171317797886 0.1620834617083969 
8 8 8 | -0.31545864681605096 0.01547401937171816 0.023678063835946703 0.04978705817587626 0.12978987992414837 0.08622666267710041 -0.13505842750972769 0.003580804073493686 -0.004769700038811251 
9 9 9 | 0.15744511655607185 -0.017475950625111963 0.032464702475692164 0.023748311045823447 -0.004309920515986553 0.002206388827939529 0.00972736170970535 0.002915499653552328 -0.01593323224945704 
10 10 10 | 0.15631896081260854 -0.022078631109470302 -0.03700381845821451 -0.00836168252875986 -0.002966634145348334 -0.00805579462982874 0.0013874175683519867 -0.01463702396746036 -0.002079449683424053 
11 11 11 | 0.16262959163288782 0.04283405694754595 -0.002911979594361177 0.008800518378845802 -0.011054635574664488 0.007136304931001537 -0.011683429120162197 -0.004574656358005083 -0.0014463989636523012 
12 12 12 | 0.15277158730219487 -0.024952258442391358 -0.035293656183931515 -0.002710915712186429 0.0035851983226074485 -0.010525019949388807 -0.00929785875127638 -0.010414652513425438 0.002018806871259433 
13 13 13 | 0.1782874300990076 0.0012382864562271768 0.030748929519575 -0.035352988994836805 0.005499138730467189 -0.0038655336008656164 -0.0027646745988601003 0.006766896894507366 0.009687422740929751 
14 14 14 | 0.15725738966870417 0.039102636805849536 -0.003134870589182384 0.017767210976483327 -0.013194886139881332 0.004772407940501963 -0.008837645835643062 -0.004483047404239941 0.008029991950473681 
15 15 15 | 0.16583558381694663 -0.0016729793780954224 -0.008122895711441081 -0.047276997964090836 -0.003551969192677202 -0.006310116966243096 -0.007951379526120003 0.013513303967250388 -0.008632451463080653 
16 16 16 | 0.1451612162938819 -0.03183098805976964 -0.006247032398376782 0.034191153827806055 -0.00988712119109444 -0.006392545922252316 0.01058212871678812 0.008467264511299094 -0.0047349044168176445 
17 17 17 | 0.0742455761242673 -0.015850394665427505 0.03526071721852277 0.047902306022597076 0.011929127318713687 0.010107820678617322 0.016023093369892112 -0.0012966895903463909 -0.022909558228012 
18 18 18 | 0.11799876383175256 -0.043374675180823864 0.032656607072635756 -0.0210301298268156 -0.013433323296685487 0.012469195892070338 -0.009222055404968597 -0.01565023908985213 0.0002365770912607611 
19 19 19 | 0.12118872430025163 0.0027392842646969773 0.04573355734391568 -0.038699129344699865 0.002384510260984678 0.0025763194471581053 0.014000320454432082 -0.008663607484428005 0.012942615801138122 
20 20 20 | 0.14194218746701281 0.041887782851697954 -0.029005568541796048 0.03427082615494949 -0.00597296960620167 0.0062349521929855895 -0.004281205268599517 0.0062617281881073164 0.013741347811575088 
