-4.934072118041407	0.5264839019758737
-3.9454382529921714	0.48727506179639074
-7.006415730575632	0.40078491109830616
-4.662192840076962	0.5116392392117566
-4.57668552338371	0.5095927919094795
-4.486682182547272	0.5063623462207769
-4.418036268734893	0.4996405139348394
-4.321344803500894	0.4999582750445175
-4.748400740034262	0.5229332926991808
-0.8329674327478188	0.37809990092417534
-0.8344331591860077	0.38020438730569395
-0.840145741749306	0.38095326762545023
-0.5679676355590254	0.3505950623560063
-0.8480816661456295	0.3781928522186403
-0.8685967832266553	0.38180921195596
-0.874770502343939	0.38372667159947055
-0.8786706453761332	0.38616232374693166
-0.8515216942095303	0.37799649437083904
-0.7281769899086865	0.35785194351804595
