-6.95601297550865	0.39733234369866965
-4.158669551328534	0.5005321695485891
-4.394606384947024	0.5033024584563368
-4.524146862977345	0.5108050953096984
-5.912460905416239	0.4586704732150129
-4.301586779978943	0.5069136995562081
-4.728744590561267	0.5181364112951817
-4.2456372619278335	0.5011611358716537
-6.737955097924074	0.3929555707747608
-0.5777213047970313	0.3531671899004785
-0.8475311584626949	0.37317876651664594
-0.8606002098633411	0.37784173678966837
-0.8646305970717812	0.3810411907998486
-0.6810461033518772	0.3575464804543958
-0.8750431139824065	0.37875085562618305
-0.8377289829818041	0.37732168338047173
-0.843721598614119	0.3790308677887965
-0.8798206905054906	0.37895811404226
