number of atoms: 18
number of fields: 9
Multipoles
---
0 0 0 | -0.4553029215530051 -0.0026076263261940085 -0.00019526079666100187 -0.06131370928440047 0.04516092339328227 -0.007700164145369888 0.004619848908636626 0.05559883933975721 0.015168794640579294 
1 1 1 | 0.15030444528967735 -0.0033706613977180686 -0.01666682308270152 0.02038221251785724 0.09751031935325184 -0.01777106970846382 -0.002794112736604641 0.02314206748470935 0.02370621194316156 
2 2 2 | -0.3485662084246819 -0.015435209705121026 0.04249061593489208 0.04026362098192013 0.0005997868344386247 -0.03466525107405121 0.034271979467807946 -0.05828709107727429 -0.05444403681286054 
3 3 3 | 0.37158974063975414 0.07371977973891106 0.029747527377700502 -0.016194841082212474 -0.26411629103767625 -0.094316028913284 0.1493001415403681 0.03521869276126799 0.03752719828399168 
4 4 4 | -0.45464729197458986 -0.10694988736238285 -0.02386531448596679 0.027131255802724928 -0.3203224247064921 -0.12301370196812103 0.16917553994067983 0.02534729260300521 0.04051487683229183 
5 5 5 | -0.3364224738350403 0.022442314000694925 -0.0044267772833226264 -0.0007824352680257876 0.041175604376322644 0.10427968279665004 -0.08371141143467503 -0.051361287877171535 0.00818718605641992 
6 6 6 | -0.3191712783532106 -0.027822461827190715 0.002700907314196419 -0.005320037528522192 -0.09074795293933605 -0.08708368579660447 0.022490866589787356 0.026131551237681485 -0.11453363069003371 
7 7 7 | 0.48353593676362827 0.05215962833842299 -0.015874372466535433 -0.04002175960100584 -0.17060613677198974 -0.11977967863065343 0.044923589191502376 0.06980030678898608 -0.2831778754563222 
8 8 8 | -0.4698525085748262 0.05017989717677227 -0.006542344238868694 -0.03067798509111739 -0.06498219194366765 -0.08017636365341453 0.0501520642805868 0.08393353023252866 -0.2631738841742645 
9 9 9 | 0.14792340640282653 0.0098493645708724 0.043163184003662466 0.014384967885059122 -0.002810390095004419 -0.005487854413811709 -0.0014180654159303226 -0.01789224776783333 -0.006895999959855239 
10 10 10 | 0.1664930578718382 -0.04714226048064966 -0.012078022752389676 0.01132973713731485 -0.00685320489088359 -0.0024127983610667965 0.00930306465333415 -0.0061707570402643845 0.0025088899877530706 
11 11 11 | 0.1480292770157251 0.033726038488334144 -0.03268775416660712 0.01131884170012085 -0.0046707896443014315 0.005706398147474256 -0.00718491951570711 -0.011756019301628656 0.008564267344303699 
12 12 12 | 0.18170087285097103 0.0008121015227300042 0.008086304777382963 -0.049733097267998766 0.004199000159128259 0.007682935389234084 0.005599858265512581 0.013555050698291845 0.004100693438966092 
13 13 13 | 0.18216491177519223 0.032608589314744564 -0.03342206083551756 0.020749839895460576 0.0024573862664108905 0.016153797550497184 -0.002245142661212107 -0.0006857754325264812 0.006279643749417286 
14 14 14 | 0.1763324704524487 -0.027871536871126274 -0.005825072829597087 -0.042982551348149836 -0.0012485680598371624 -0.002681074191993317 -0.005635972573003191 0.008923593614620647 -4.307436650869454e-05 
15 15 15 | 0.17090508005967586 -0.0076530798700132985 0.03985887037325206 0.02925896381581201 0.0057857058246565994 -0.005471262453537643 -7.533951738450697e-05 -0.0035129143424734925 -0.013240155519476337 
16 16 16 | 0.18083344471985352 0.016804854544893163 -0.019249383201346833 -0.04083960574165369 0.009168587264054855 0.007539221591118249 0.0048819596797344085 0.007387329334401446 -0.008745102366997225 
17 17 17 | 0.022113117695782947 -0.009936769111937095 0.038863163335226665 0.06037268271787144 0.01748091174068883 0.02259969511476298 0.014296822851452323 0.0042017502047615625 -0.013426465813601973 
