-4.81853496318784	0.5176624145749245
-4.2014410364782036	0.4974926057552472
-4.715772142161586	0.5116066474392136
-3.993910287529623	0.47671332288460394
-5.816858452255316	0.45501500833627534
-4.694922776306206	0.5150639661255363
-4.678632988549186	0.5138968993018589
-3.8712185547148716	0.47877160224658705
-6.847564017908987	0.3961729879007154
-0.8520765935971724	0.38200194673601756
-0.8335069421281627	0.3776877620452156
-0.8519707229842747	0.381955242279857
-0.818299127149028	0.37300850076806263
-0.8178350882248077	0.3729308446567729
-0.8236675295475523	0.37330700836713043
-0.8290949199403255	0.37533405366532313
-0.8191665552801473	0.3719778301881288
-0.977886882304217	0.3981815603445516
