-4.862997203136891	0.5175728123678202
-4.069978871961185	0.48940294133964357
-6.703035512704857	0.38849255730801485
-4.1984088896792775	0.496415091917553
-4.845432638520711	0.516505137947601
-4.050808044105198	0.47587786924368786
-5.775144833931527	0.4529198311962071
-4.40537155712545	0.4995956972932962
-4.662404167354333	0.5158513918900487
-0.8368182422171049	0.3782446155007688
-0.8248500324292716	0.3763594522746874
-0.8299382316673962	0.37773824958632346
-0.8326740084847364	0.3773083382959581
-0.829979168840349	0.37762424116074184
-0.8258192011206185	0.37642695190386544
-0.7333071089438506	0.3580678954579253
