number of atoms: 19
number of fields: 9
Multipoles
---
0 0 0 | -0.4889877198293737 0.051406283965290185 -0.02303722863663788 -0.019287999304163913 -0.06248866447939674 0.007213664116052832 0.06646010519801208 0.016789387316109277 0.0013138489375294081 
1 1 1 | 0.21086669568608496 0.018978043873964238 0.013433561919331729 0.09221440391479446 0.028082361869117407 0.013247583418895403 0.20543338294017816 -0.13127756748274078 -0.01783497068747524 
2 2 2 | -0.12763503185227698 0.06885876026185173 -1.0635509748008278e-05 0.08719307888167899 0.060339665982878356 -0.04892245705872685 0.20339250353956884 -0.12163366498603696 0.06143884234008636 
3 3 3 | -0.3262831645963935 -0.024770151338809693 0.0030757582536019867 -0.03145933955777607 -0.005027367503195107 0.15175423058427367 -0.07227685281900123 0.04936497026115092 -0.13980567054743914 
4 4 4 | 0.2599916219213485 -0.09698003199740816 -0.03525500271088433 -0.047302893692498446 0.16747789174138253 0.07540649221884409 0.06503790110028754 -0.0991855662275777 -0.012557039988804137 
5 5 5 | -0.40569415235728545 0.02204721942283077 -0.01676425068910137 -0.02938754016824346 0.06404220812797558 -0.013244647052019509 -0.023137336440113346 0.02947079756985673 0.13967197496828052 
6 6 6 | -0.2686342269055002 0.03044587746214036 -0.05621227217390708 0.014921859460750019 -0.11521502131264796 -0.035499145077913956 0.02348133625390646 0.06883330221928242 0.04067298229182545 
7 7 7 | 0.07637454037915248 -0.07592617776011606 0.05732793175982281 0.07181994203966302 0.15170611665055073 -0.13274779426288663 -0.08460374994143445 0.0534019346710785 -0.07436378648116311 
8 8 8 | -0.3747466860784403 0.07125430972946764 -0.012634098780887497 0.014370467314933983 -0.14577615635869387 -0.04521623525965782 -0.00619186788513038 -0.06124889639101613 0.21446019212041925 
9 9 9 | 0.15822234871056107 0.007515595464945082 0.044378739322214145 0.012154295401555566 0.011413306968884401 0.00248122104028882 -0.006002702274384623 -0.008912889322352475 -0.004296149821863835 
10 10 10 | 0.16715297501014414 -0.031133044643092314 -0.012997598960957951 -0.0351701313846363 -0.0017689655912967487 -0.005566204385250125 -0.012945242395630501 0.000789462494447523 0.002107940281894204 
11 11 11 | 0.15821358213754488 0.0023926480067600815 -0.02998298401775816 0.03624570947675553 0.008731570273782862 -0.009217106517624864 0.0010264996864807522 0.0071979227907044575 0.009833239624420549 
12 12 12 | 0.129672157588808 0.035633142086222376 -0.021105572294754776 -0.04143466172006075 -0.003158281837643194 -0.0036714537562923854 0.016514988044754028 0.0018818089999977792 -0.004691253131707239 
13 13 13 | 0.12792150946527503 -0.01962741205083514 0.053483577423156334 0.008906302288802128 8.568450266333129e-05 0.004589854804091377 0.0046152709902232015 -0.018424787245745314 -0.0008472933500991912 
14 14 14 | 0.18999590231121233 0.031658636107703156 0.018762268866834984 0.033342264979519164 -0.0033841310471187463 0.0010632077623349227 -0.008682521401228908 0.003764614077243785 -0.006583263116191139 
15 15 15 | 0.1723542307266125 -0.0290211207859041 -0.03708082685927605 -0.00025448979435801784 -0.0006912854457006331 -0.009283612937150625 0.0036902598232827176 -0.01371576539388056 0.0034573794841269577 
16 16 16 | 0.16774693871991386 0.051931848406688005 0.01087774350722377 -0.003964885345928592 -0.007532574923741975 0.0021072829007813395 0.005174942375280882 -0.011720433030023788 0.007953619384749061 
17 17 17 | 0.08913739288151856 0.009478649957261833 0.03560791139445501 -0.0518908422200606 0.01945440742331633 -0.013105371126592893 0.003386646070964221 0.013125025978900235 0.006936779443857402 
18 18 18 | 0.0824841825008793 -0.015307189863781288 -0.061548794990196345 0.005991537618535823 0.019618040015134765 -0.017246513709303815 -0.002871905001211597 -0.007907674123805985 -0.0021812113639956845 
