-6.939770822894802	0.3970138321655095
-4.198389497689664	0.49932419176421255
-4.83248209285895	0.518538444932444
-4.070169429870887	0.48968414986946845
-4.689469985371389	0.5121126100481487
-4.339481581381059	0.5006854229008548
-5.965799049736732	0.4569478069937302
-4.076336652087529	0.4803850063550823
-5.794270518740264	0.45480819619535456
-0.5676600555390798	0.35031600653301515
-0.7964444057544271	0.3696719652842417
-0.8057232383285126	0.3726473348903429
-0.8550496196855804	0.3795063216034188
-0.8447525358542873	0.3778310601082671
-0.908922787697551	0.3854934551391229
-0.9172923743666153	0.38855832991243233
-0.6581212789090045	0.3516212039579085
