number of atoms: 19
number of fields: 9
Multipoles
---
0 0 0 | -0.6022390840463583 0.08729558346889807 -0.07387619692379802 -0.024634437280930177 0.029286383045140592 -0.15566120218809587 -0.04655465943064672 -0.001457749978499792 0.03996353605159722 
1 1 1 | 0.22721138329213186 -0.008817538114897546 0.008107756786382214 0.16942750194561287 -0.03463136982250904 0.049825927979188486 -0.02141366000987341 -0.04210825913090604 0.018161462269134176 
2 2 2 | -0.3343562703052765 0.0022932644771065185 -0.024120231477167808 -0.00592203385796784 -0.01381743839435464 -0.14716755263511413 -0.09419432660755608 -0.057078878920618234 -0.054275281036373475 
3 3 3 | 0.10931703792981295 0.007324216351211879 -0.005981091548450745 0.003787846205903242 -0.02102152212718323 0.11602513531174603 0.0466683804176482 0.002743958818542393 -0.039544571324481234 
4 4 4 | -0.3693470273824122 0.02703179266262801 -0.022890731613185566 0.041378215964529945 0.05747844869183349 0.06474064394968464 -0.035278857386997105 0.1220616004594132 0.02914188473338438 
5 5 5 | -0.330438658270368 -0.022320750602719232 0.01878019912485675 -0.03669228830182112 -0.02154139298023562 0.1429975226951474 -0.06496063870065781 0.011502924059162388 0.05488209646876963 
6 6 6 | -0.334039834477176 0.024366665059487234 0.0017623111428428872 -0.006085844157299441 0.000762637786300576 -0.14346847464795545 0.038035912419976434 -0.06411404371705934 0.10294435967110697 
7 7 7 | 0.3501442365289087 -0.06849772362301036 0.05786009369471646 -0.006096446905539331 0.05767472128816812 0.33625806019017296 -0.04123294922740784 0.21385475500457535 0.03179468537084648 
8 8 8 | -0.45824542160143444 -0.03422519653320758 0.028862150384614368 -0.020355789526777156 0.07438028210445206 0.20548861482936542 0.010125306733628487 0.19799603118010525 -0.011030247014941374 
9 9 9 | 0.43712415670414995 -0.015226940423611926 0.012859541875616906 -0.0031363675641446678 -0.0077511921371493 -0.004806117892557124 -0.009244747946136337 -0.014978208973295768 0.007969151181396496 
10 10 10 | 0.1323058954203037 0.016174685374461584 0.031773708982297 -0.03274158458781473 0.0056489556136484365 -0.01839308473747421 -0.0006517385699997394 0.003904604868046273 0.013598389702935297 
11 11 11 | 0.16460861583635444 0.011078418785332125 -0.002513508381498469 0.048073903148130676 0.002573033120101775 -0.006292596237743868 -0.013894192144050162 0.012164614515102092 -0.00627087379670232 
12 12 12 | 0.16043102589197633 -0.02741682412739962 -0.03590963652047659 -0.019949506737679118 -0.004210315897925803 -0.001079754178890897 -0.012235995414920648 -0.005789290753368793 -0.011006376941090855 
13 13 13 | 0.1605053706395414 0.030722337290858798 0.03286552702786379 -0.020197902030174554 -0.0026334603783619306 -0.0006318042206410906 0.008830353921366649 -0.006544409502346402 0.013837470368292044 
14 14 14 | 0.15849024637024411 0.0435797443877173 0.024165073826489494 0.009123613106871315 -0.011318670170413886 -0.006416737609352127 -0.0021090714604300983 0.00743077787530213 -0.006826541479240147 
15 15 15 | 0.1584816541527111 -0.016527903899037837 -0.04696281622436911 0.00944348403322788 0.013331277682200042 -0.0015949132244209212 0.0063244788981759925 -0.006735996465204841 0.003323625826024086 
16 16 16 | 0.164499772848978 0.004530100561010217 -0.010260736829370287 0.04816983737132453 0.010886831450498383 -0.004587069177248841 0.003823715268238413 0.007640586995668558 0.01469692161682047 
17 17 17 | 0.1322545195129139 -0.028773021570710582 -0.021407309859649334 -0.03250819328180846 0.005822839973235269 -0.018392052883154753 -0.013444771707947388 0.0036747555974924644 -0.0015561347616012192 
18 18 18 | 0.07173337155451454 0.022727741341750908 -0.019480639191679215 -0.06418474575176555 0.010350498019459083 -0.0153728107709069 0.011362358819621773 0.012636487074860685 -0.009634918810545396 
