-4.880462348110818	0.5217869676685188
-4.176768092914728	0.4948703051549533
-4.680871303362019	0.5120579657778462
-4.336946330971391	0.500536528503925
-5.95729254027798	0.456752455077013
-3.8941068451936314	0.4777917413092351
-6.792415657892464	0.3919297548769396
-4.153831486414289	0.4819370795132345
-5.71416876435885	0.4503701982514514
-0.8338513203150165	0.3788646985343126
-0.8308716581092846	0.3780029419817679
-0.8343521697997093	0.37875205211269264
-0.8439881937287105	0.37786798067908145
-0.8585256884389291	0.3798040783446314
-0.9061404770338142	0.38480588523767534
-0.9238919903589273	0.39021246688799033
-0.6643372949900364	0.352097768310945
