-4.751972097351913	0.5121760488667283
-4.4884593843563385	0.5060554498939043
-4.270398946715133	0.49949804461950487
-6.749765509970846	0.38946745842811603
-3.6030554331461313	0.47066618073341226
-6.872325334793073	0.3941054962609951
-4.614986767101598	0.508784139387673
-3.9961165062968824	0.47449714318303277
-5.787350743484278	0.4532121599864179
-0.8424491440970463	0.3794247044735145
-0.8529453833488321	0.3822597610535975
-0.8366140942998836	0.37821057290342014
-0.8402826569429003	0.37236879351163754
-0.7972270713187908	0.36672611411584566
