-4.794691014648228	0.5168522901629067
-4.26333116850523	0.4979273242879866
-4.54692383855986	0.5113303749740383
-4.5832901320820785	0.5115150399652432
-4.465966660952872	0.5090987986435922
-4.606108531318449	0.5119812401487405
-4.340632747714045	0.5002575118986663
-4.299430802740867	0.49690732636193563
-4.785654458675064	0.5253467140548795
-0.8604078923138936	0.3846020650836585
-0.8435237189011041	0.38132665369760654
-0.857584562485321	0.3835676164761959
-0.8424543062326999	0.37662767404324476
-0.8870488860145467	0.38575160208973447
-0.87180715756463	0.38258034593566564
-0.8786957122134458	0.38183250763331683
-0.8827704773305758	0.38500406267824433
-0.864237272692203	0.3804649205515554
-0.7291612635357693	0.35832517760754146
