-6.972266024111081	0.3990357887759002
-4.043446852890495	0.491293908238866
-4.673695567649599	0.5168906685521688
-4.500294771069949	0.5053546826100394
-4.555710258246091	0.5114019924188926
-4.234077474254821	0.5011252841502546
-6.705029052558334	0.3885315114061037
-4.297986771016385	0.5010315633949087
-4.658024967379343	0.5149725572700707
-0.5757379652515697	0.35314772761481
-0.8339575090779329	0.37665290774324456
-0.8904180968088432	0.3858648769458386
-0.8816105765724618	0.38445967133976294
-0.8529782466465547	0.37870766640022874
-0.8786508458398148	0.37898177681011885
-0.8627118757982682	0.3766352450990781
-0.8281479420972703	0.3762354001763296
