number of atoms: 19
number of fields: 9
Multipoles
---
0 0 0 | -0.44178518887579 0.008154874808366288 -0.0023680069518412276 -0.07769073155751262 0.05171182256613024 -0.02392856199214834 -0.035001157365462145 0.07716017761479704 -0.007829714103511581 
1 1 1 | 0.04990557785876337 0.05082502264733902 0.007087370739747247 0.05064405617567706 0.05716039539747725 -0.06439327059913967 -0.019944147373065043 0.07877276339947736 -0.018354123212318763 
2 2 2 | 0.07314888717689527 0.0002430982130927583 0.08159213230561518 -0.13247990221738787 -0.09479830620293067 -0.005068367517365301 -0.03140965900442724 -0.07879705632634211 -0.04995025468336831 
3 3 3 | -0.32811799208229075 0.0754856597457396 -0.012067927768163771 0.07130949819705346 -0.05605393163173233 0.08874282485540631 -0.03136257032922277 0.14360420022267617 -0.059039229959866796 
4 4 4 | 0.022700851049874515 -0.07284266801368888 -0.12195579568910186 -0.025221867276014772 0.056207862066052224 0.12218745953699939 -0.03381635592320827 -0.01915753604469173 0.06844325593682409 
5 5 5 | -0.1076624455049453 0.017244330468219167 -0.04591435797187147 -0.011183278063109894 -0.011300380287829584 0.017510062037627307 0.018929249012952738 -0.04429994855812499 -0.03319854727538861 
6 6 6 | -0.2176052044371799 -0.02154940009721345 0.07791881026509548 0.039938342930274005 0.056221065258823026 -0.05205390743512238 0.14557296912835777 -0.10565145028234098 -0.06239485350954431 
7 7 7 | -0.12095082365899579 -0.07770076292225105 -0.04945264713007649 0.02804683858691052 0.04062929501112037 -0.08334513075157406 0.171133483036611 -0.07527510086478204 -0.06301786281692633 
8 8 8 | -0.20830824820655458 0.0485874605431186 -0.002501203805307166 -0.029442893844846586 -0.05951973024142385 -0.011060545417373011 0.08674422083303557 -0.10445965375132282 -0.004575813510470059 
9 9 9 | 0.1377004830082117 -0.01627241595501858 0.043462309265794356 0.008638202959511032 -7.241677189975408e-06 0.0038536225134305504 0.003798158708612716 -0.01474710754482092 -0.01371367121901326 
10 10 10 | 0.14508573654899404 -0.03047206925281124 -0.035107375408715814 0.008111745486743172 -0.006042822221190457 -0.00805788421279806 0.006604738232567884 -0.01169575067710736 0.008844344780670171 
11 11 11 | 0.14261325883438047 0.04632829610100325 -0.010675944353268945 0.0076435181252842285 -0.010119081257434178 0.000854150812133788 -0.016971405806378844 -0.0065406046758331535 0.0037426786598060593 
12 12 12 | 0.1136696808197486 -0.05912180529350407 -0.01883766377840292 0.017678134190174045 -0.010243482549721737 -0.010109505994772117 0.016367807444060467 -0.0020299407330551943 -0.01786384754769578 
13 13 13 | 0.10477011956456561 0.01874018482245821 0.01595460592994417 -0.056381013131679224 0.013572303818006616 0.009479623340025754 0.01353837045454726 0.00747935680012584 0.013354657153266086 
14 14 14 | 0.07240039640189055 -0.033030572097454684 0.02847539394313856 0.04026355473659241 0.015982350898036526 0.022702983093671338 0.013700311611050755 -0.0026775536660670366 -0.01548975377587607 
15 15 15 | 0.12390190598372786 0.030241202012579058 0.027716227710382124 0.03040033657385939 0.0016893972078136092 -0.012423216101556004 -0.014541896213843093 -0.005432466241906027 -0.01787661128810757 
16 16 16 | 0.1496619523277749 0.03764928774193835 0.020531223441296636 -0.032731021685576754 -0.005103420730381178 -0.003113242284907041 -0.006810007964675085 0.010660299391035435 0.013761839984827788 
17 17 17 | 0.14325609297206232 0.015619496655523828 -0.03915339355765394 -0.03765889037328107 0.00606901451175302 0.011500419883038574 -0.010112600625865104 0.004347442409273372 -0.003601661692398355 
18 18 18 | 0.14429453325237096 -0.0074394541740956804 -0.04754681170322063 0.01978129448628356 0.006643837994367331 -0.005493233399451197 -0.012444974377625007 -0.008516667678274862 0.013331017202021409 
