-6.924676807952912	0.3947606408672677
-4.138912019462312	0.5010691087913867
-4.672252422979013	0.5133439505675587
-4.575426773166256	0.5114553312420447
-4.619191584979104	0.5137039267010078
-3.9893252114650277	0.4749885294328107
-5.808246914552042	0.45455054110933596
-3.8744601999968817	0.4839879205583426
-6.82506269400996	0.39380112705516823
-0.5538685455822367	0.3475499960748194
-0.8379918696613836	0.3735460725068777
-0.8177670924941621	0.3711550865900982
-0.8139772474681238	0.37005346613223017
-0.8167756426885895	0.36868561137512873
