number of atoms: 19
number of fields: 9
Multipoles
---
0 0 0 | -0.5093410588522769 -0.0015512303308151392 0.004830600041162584 -0.05123731950368455 0.04422799151926228 -0.011488829496584307 -0.014489374868172538 0.0775572734684762 -0.016812430062165148 
1 1 1 | 0.3129838385414292 0.0680232155485419 0.0872746716822561 0.011789628198408791 0.07144993596603928 0.0688756498787215 -0.0843843770958098 0.09991473056710524 -0.0779302534572457 
2 2 2 | -0.3546712167900079 0.0050619514975146 0.0020464258984292214 -0.034192549667192325 -0.1566741864739425 0.13743584647268026 0.026501845997868298 -0.07553709138075446 0.0033507403716522845 
3 3 3 | -0.2086003242805008 -0.03947055473083368 0.006493971781428911 -0.015970190741415632 0.04018220892116296 -0.06290070570602178 -0.04514068638905719 0.1182765656124121 -0.02730295507601149 
4 4 4 | 0.03852341658641656 0.008721458638071946 0.010178372332685984 0.13429757623754376 -0.030777205341972435 -0.04660246173974827 0.12125547437193511 -0.0546598046983411 0.09630749812563064 
5 5 5 | -0.3714708513362712 -0.05801915419721698 -0.04150024138617599 -0.03838097897794809 -0.08276885296864536 0.04180745255933627 -0.09725458195251195 -0.16349312802121102 -0.0756099995313551 
6 6 6 | 0.14358037904059984 -0.08155066018750522 -0.07680424094181301 0.0018420894405633906 0.12317515183150356 0.18955018779483745 -0.054921039844977884 -0.12061320063917964 -0.026554563283634078 
7 7 7 | -0.1140387762740751 -0.10019037131561692 -0.047115969024554505 0.03226878792617198 0.06150397467234967 0.20874675357428948 -0.0591725664157506 -0.04509032951017937 -0.04047207760666752 
8 8 8 | -0.32325302336714223 0.03575419653108305 0.023858739235434617 -0.014449164779307468 0.00801551784712988 -0.17110367294166762 -0.004150662562279636 0.14951756599048244 -0.025603969120288905 
9 9 9 | 0.16176170658698974 -0.008750540016230582 0.044859577177219584 0.007347457488881387 0.0025713282278052416 0.0016488999192684395 0.005208496512731412 -0.011569415958883639 -0.010321181412438096 
10 10 10 | 0.16509424545410867 -0.031832144459561104 -0.032496561618586904 0.012613423855259823 -0.002831371150088852 -0.006440515117697212 0.007093934049507412 -0.008712963714553023 0.005669740547985819 
11 11 11 | 0.15923028862133737 0.04473449719018793 -0.00945420613068328 0.004784810753274474 -0.012361535494056176 0.004901139218988957 -0.006787492054000858 -0.005181661089129477 0.0043938761192980754 
12 12 12 | 0.16425131084926892 -0.03314739080375777 -0.035211703952895024 0.012997121424759601 -0.010188582734882956 -0.009673836014570574 0.005375736111333264 -0.0005085189732735132 0.004864469108864524 
13 13 13 | 0.14715669544257015 -0.001700448592872625 0.046937547601381406 -0.0064763940633554735 0.0025024081899772998 0.007961523168772685 -0.0009744960523887225 -0.017698477888743437 0.005562717979779191 
14 14 14 | 0.1507388136618918 -0.023776404898726317 -0.019386269102316927 -0.04038408672920696 0.00478581873526733 -0.0035573530326336276 -0.009878533013113956 0.01202178989016312 -0.007753540930438357 
15 15 15 | 0.0885037410571905 0.050142901339396 -0.03182740741900386 -0.01774103364937933 -0.009806032538982377 0.01174807584818736 0.021544202897373785 -0.0033140236311888773 0.001629066083988199 
16 16 16 | 0.0876398906937359 -0.01952664096134965 0.055151990205306554 -0.01816598660119816 0.005557542149032271 0.011186690388213327 0.008945436060398685 -0.013728448711379107 0.01929270783870357 
17 17 17 | 0.12849073254997978 0.004320476417701806 -0.027489524232226028 -0.05247265101000189 0.014665310975913396 0.006068836817778166 0.009066047000551825 0.0011859507911202124 -0.006615684361805672 
18 18 18 | 0.1314942389462117 0.029236849588003516 -0.006388539007913915 0.0512264893417563 0.003851726032091715 0.002452382425275168 -0.01849060073332309 -0.0011897920991413584 0.00349904267476439 
