-4.782076868844418	0.5172889685788468
-4.317621006255911	0.5012542399637707
-4.809513254704389	0.520462467268649
-4.569063791166914	0.5141811836228131
-4.683308829120848	0.5124782570804595
-4.1767554374746485	0.5002508833823189
-6.933998127428146	0.3967070828231098
-3.9300650309469374	0.4851953973638831
-6.861301066358816	0.3968011070750122
-0.8666064930115505	0.38421061930440015
-0.8627639931506405	0.3848851126805532
-0.8532485670943227	0.3826331765998269
-0.8573632473814337	0.38385465077855024
-0.8520650484190301	0.38145156475998454
-0.8421433474348804	0.3804940996457748
-0.8282951642269245	0.37485900100779207
-0.8154600858771306	0.3716108748933511
-0.845541769305581	0.37806053288208424
-0.5553309878848385	0.34936871160837824
