-4.870098363520499	0.5209296216988986
-4.088924256184921	0.4909251003820855
-6.73977159445108	0.3919899929527984
-4.300231624123898	0.4997019532190278
-4.592783132424835	0.5133131881523715
-4.495797670907858	0.5097177102083943
-4.325373891135852	0.500000331156937
-4.6729751905088515	0.5155812199829624
-4.6874639301069685	0.5165266418144436
-0.845659646075878	0.38173506440747584
-0.8475666600631272	0.38212434219563995
-0.8317421023694739	0.3788317957796884
-0.8853102902125956	0.380912513484654
-0.8407850785413457	0.3779535592346909
-0.8520906576014798	0.3786919241621864
-0.839442240351371	0.3766737248999438
-0.8370867109711938	0.37643514780019327
-0.8371263436533323	0.3764165202297315
-0.8388656576829236	0.3767397669507303
