-6.1749164631506765	0.46489329167020493
-4.188873837524104	0.4975817232571453
-4.625389387963078	0.5105295402489751
-4.5188762389538075	0.5080537103273005
-4.791752091697217	0.5211852782052863
-4.069125336803769	0.4947296933393002
-6.953067300450675	0.39728006350735573
-4.075558347783637	0.4810174310858535
-5.7984896234625385	0.45502653827305123
-0.6466234567749582	0.35162813998060166
-0.6496357513542328	0.3520506234826999
-0.8491971215452994	0.3768557222632457
-0.8580220290219214	0.3801399887904116
-0.8416228855653745	0.37652802793449563
-0.813778663039443	0.37279636604021327
-0.8135816364526472	0.37376954604036705
-0.5725707338184527	0.35225415959227385
