number of atoms: 19
number of fields: 9
Multipoles
---
0 0 0 | -0.49359113353389006 -0.009178921341529558 0.004919769187294789 -0.058546962861211006 -0.020359608319757777 0.021931922386898912 0.03662203206824652 0.03937598174938948 0.02708401129850012 
1 1 1 | 0.07649589532785317 0.04043867458196601 -0.0783629793472944 0.022351402929992534 -0.12496573773508278 -0.004184760312861477 -0.04852511450840115 0.1290140293330847 0.06468151893783113 
2 2 2 | -0.5710769956789985 -0.006211563904328199 0.06755156431877458 0.04247196765507503 0.1392344509821931 -0.003943166525024892 -0.1739336481688697 0.02076410478442509 -0.2641836878622641 
3 3 3 | -0.03707631676239043 -0.007938009360063667 -0.06995939679664892 -0.05651049977310066 0.009532440796612725 -0.07124405429911357 -0.009178325475614053 0.051315406843732585 0.14697101613349275 
4 4 4 | -0.031838669719579826 -0.13631920197057953 -0.01906366133648683 0.002971351976299139 0.03147772819122087 0.027329050336646354 0.05110692613959401 0.08183125475622097 0.05488968737444897 
5 5 5 | -0.5543206812357617 0.028099873044153983 -0.1412726913820584 0.0842243083893238 0.13630309515097316 0.015522667813555645 -0.04884032537015104 0.15349724096110814 0.1903096201343864 
6 6 6 | -0.19042755017519575 0.10438121420971923 0.10084175155105402 -0.04575043181081241 0.06294508792834144 -0.006414834317143886 -0.054176179320296135 0.08385429904785895 -0.033447303394058076 
7 7 7 | 0.5101239998430565 -0.058211719253353944 -0.013202018433458038 0.044099052090267855 -0.19488758831416264 0.07183131629551961 -0.03522834373920604 0.3082757653644133 0.10053576522669067 
8 8 8 | -0.48615690295767244 -0.027414970030856547 -0.00953377237594725 0.04206047774959984 -0.12311208583576669 0.0545480582234113 -0.031792600071211825 0.20895463340746992 0.07918250053009128 
9 9 9 | 0.16816921301499876 -0.02264789118505509 0.0394455927899692 0.013989730560084426 -0.0033474938074230074 0.0021799076074050555 0.004020194248480736 -0.009399966960547814 -0.012556681700410844 
10 10 10 | 0.16769887933562044 -0.030677791334889893 -0.03635394655582416 0.0069368160567520355 -0.005346009076982542 -0.002770633116308896 0.00616081372132451 -0.012261068551002351 0.009891599624214877 
11 11 11 | 0.1424122429757635 0.042955006105696227 -0.0026244583675197435 0.012835329109136097 -0.015616452902008991 0.005046576203994464 -0.005600041678766064 -0.01050126705209127 -0.0025082185512598745 
12 12 12 | 0.3427799379978156 0.014652914779382683 -0.01829321003219253 0.0156828772421969 -0.000945843176764543 0.007922912308841432 -0.01610510575561089 0.0007440942814133525 0.005702238810097315 
13 13 13 | 0.11782182073592129 0.04579417869217192 0.015565207753201174 0.03164015749180614 -0.012133339608393861 0.0002949605186450288 -0.01499204355005657 0.0008943239364369961 -0.007450202489128995 
14 14 14 | 0.10399884978617158 0.022229892992526864 0.05438202936284191 0.003267470868334049 0.01031075347838602 -0.016995446507334425 0.01175528056041241 -0.007070325583585542 -0.008711116075162152 
15 15 15 | 0.11538813725737185 0.008863075239656102 -0.03849541703833416 -0.04087471868564589 0.014180012492479828 -0.0071524651203118276 0.02259029447628067 -0.0002618889025345239 -0.018348037637573148 
16 16 16 | 0.3228837982994808 -0.01045246006578918 0.02525949761406219 0.013273277697167279 0.023363067405182958 0.012819836505748467 0.00229880729934763 0.007950389736018007 -0.0056726855138837734 
17 17 17 | 0.14108698163038025 -0.0478820754870704 0.02172353908459161 -0.013177554868605243 -0.013789703471324011 0.01409412866959146 -0.008170522299205583 0.007741106787101096 -0.01046483310637679 
18 18 18 | 0.15359081874477354 0.026700080114143383 -0.037371428279523056 -0.02806044782147967 0.0023303054354123693 0.021100654028488826 -0.005665610640692051 0.0015032344030651182 -0.01723659807970588 
