-4.854776220558142	0.5195621636656391
-4.07284734528177	0.49323479454584185
-6.781036200432212	0.3909242808433225
-3.7427975451838553	0.482368833671272
-4.956316759038595	0.5229036203667836
-4.7390462983875485	0.5168601073508122
-4.625644938975829	0.5138429075983174
-4.36116863439441	0.5066504305366489
-6.756771015339332	0.39063159010490617
-0.8438716819783791	0.38105422909692005
-0.8392973990543521	0.38024399408431203
-0.8420163042396613	0.3802998413663286
-0.8234711813151899	0.3769551419020905
-0.8229279220725604	0.3768123045845583
-0.8171128063985249	0.37617707369366354
-0.8440465543726944	0.37807980994639584
-0.8445830351007788	0.37829310634285407
-0.8339745587288865	0.37686200362256733
-0.8534114762276201	0.37582485257299303
