number of atoms: 18
number of fields: 9
Multipoles
---
0 0 0 | -0.5528121413004037 0.007011707151122271 -0.0009077966006596537 -0.031104118890202603 0.017193915088542493 0.017174287811240686 -0.02081141933959984 0.06358120318324649 -0.006846283633155926 
1 1 1 | 0.43022040472031087 0.08273609401546804 0.057806888036947425 -0.024928474195827423 0.04771550018225938 0.06778068473984103 -0.08080255578685827 0.04306651408450284 -0.06547943262608491 
2 2 2 | -0.31607031489892456 -0.01180481877132392 -0.03986652276605541 -0.03962321173833691 -0.04288867128442051 0.16253185185906802 0.02185218833579398 -0.10845807518671174 -0.01076379246382906 
3 3 3 | -0.1745616769900753 -0.03535125019549145 0.04022841009665727 0.017548163037221082 -0.05271309972347563 -0.10110382744320334 0.007650358477386454 0.01474404403656192 -0.15657528934452994 
4 4 4 | 0.1365264601471825 0.05282254447374188 0.1203353335481127 -0.033485377389950374 -0.012019678103894116 -0.012928814108076139 0.028307879727269402 0.039264286812868573 -0.032388615853350004 
5 5 5 | -0.5439402863186453 -0.08976344540183653 -0.11532921448885262 0.07113105570522613 0.21847464862302318 -0.1445639803437033 0.059750929783538936 0.1531497457745314 0.000942391514931161 
6 6 6 | 0.41010130980117854 -0.04034728911243219 -0.06409295545866747 0.10576946047346308 0.07335594547623403 -0.12177849119591054 -0.012923202815829324 0.006017500537004594 -0.09476900283752222 
7 7 7 | -0.372349579627997 -0.040635013502553885 -0.06396644888622241 0.0019469603808767938 -0.027227414322128937 -0.014361912503450555 -0.06434124194160352 -0.04406950822810647 -0.03135033861363932 
8 8 8 | -0.3290740460322583 0.01718370576439511 -0.014141127140549834 0.024053169880200922 0.12867196086194782 0.15724467796858102 -0.029915083493697325 -0.02120196663298349 0.028295961824633176 
9 9 9 | 0.16670547862723262 -0.0056278745513070275 0.04412206247532287 0.007247502350906501 0.0006725642460372992 0.0009560673151878046 0.004646265882008986 -0.012665614414926384 -0.010927974884544136 
10 10 10 | 0.16622701572974286 -0.03155031960784761 -0.02952643880764157 0.012634386842685336 -0.007162933100480737 -0.002643590979494959 0.009269238046487329 -0.008039080773398329 0.009420156599090368 
11 11 11 | 0.16632340202727536 0.04282281992147989 -0.011883040074213003 0.006858743734888001 -0.010536872709272893 0.0033232513047250765 -0.009556757651736263 -0.006115383226336295 0.006083015360150508 
12 12 12 | 0.14397699264945274 -0.032176892548590734 -0.00782183648350734 0.036045078891513656 -0.006809555396275469 0.005891578777704546 0.018426023331504737 0.0028428923597841947 0.0051716232371104886 
13 13 13 | 0.14259759353411272 0.0025516657152451117 0.03558513469622944 -0.0355252693039152 0.0028402723597312613 0.01009032469089568 0.00482735957408646 -0.007837804138539522 0.016585333286479778 
14 14 14 | 0.14643938609885276 -0.04265927363915496 -0.033825679794353275 -0.012102138810366155 -0.0004655252084359386 -0.01631752210215768 -0.00415128485962937 0.006683253194062129 0.005713520512733621 
15 15 15 | 0.1220181221170179 0.009237115570983305 -0.04716783656394756 -0.04148259168323878 -0.004379225211405554 0.016565983473616097 -0.016886008260263458 -0.002785695229367141 -0.021311243821033728 
16 16 16 | 0.08693795839808416 0.04454840991334983 0.05893359562937025 -0.030493991208732297 -0.01665435108615908 0.008328850049822705 -0.0012080133803134005 -0.022872112515256855 0.0075430474590549535 
17 17 17 | 0.16881019152079724 0.01734538962285321 -0.04180746919640934 0.021780346234034638 -0.00461856112931231 0.00821879356242149 0.00740420161219245 -0.0026054663268005986 0.01468980873223561 
