number of atoms: 20
number of fields: 9
Multipoles
---
0 0 0 | -0.47215208450808266 0.017508407959173446 -0.009353528856797627 -0.06339824828097565 0.051637030650720735 0.043320398112424274 -0.00036548466698545646 0.09497963645801465 -0.012267162010683586 
1 1 1 | 0.22920451778686957 0.02837038019371554 0.0561694099331178 0.03305512644842899 0.059473173455043445 0.2033363586236326 0.021205524391930238 0.11074207789870612 -0.08091040773666411 
2 2 2 | -0.27477348658157474 0.03746417722527455 -0.014598026341805617 -0.04654270084133653 -0.04455846110564224 0.13034274899900475 0.05023858249817561 0.022273394331755642 -0.026252824180209473 
3 3 3 | -0.2432855988500613 0.014596601685432718 -0.006448776538760056 0.0670265860799185 0.03835041866978648 0.08387975281193624 -0.048651956095497724 0.09049565998657057 0.06180015583338615 
4 4 4 | -0.02977149283281033 0.017120195830193176 0.09023166772906945 -0.0012948584955610291 0.03540825895241754 0.18031605550245283 0.05455213752736202 0.09935325749005973 0.10746509354734116 
5 5 5 | -0.3686740686521697 -0.03660250665780898 -0.0859824558027076 -0.0017736310941862592 0.059999479050085715 -0.40078214317659566 0.006394319958105294 -0.33718908106219897 -0.04747610303547893 
6 6 6 | -0.18477024424950184 0.02610830730417347 0.09364607764775619 0.010291706427195174 -0.17707728032602155 0.1371094492674733 -0.09693044687503967 0.13601623986203806 -0.001963131177352658 
7 7 7 | 0.1983953761330275 -0.11819571614608716 -0.15901540247947035 0.020606575514717885 0.05489328797356348 -0.00011276746935849058 0.0012214233424431768 -0.061112244397315794 -0.05075649599503761 
8 8 8 | -0.5856582308531681 -0.006191044440833446 0.12293984546053079 0.06172183578462577 -0.051795186566406116 -0.016652953845862274 -0.08057252562749474 0.06625458030323747 0.1271881921308149 
9 9 9 | 0.15078269741552497 0.006693774711490445 0.04656949539097598 0.005349853849182943 0.0013589370618271898 0.00048531716855499394 -0.00041213970413989576 -0.013947979627959989 -0.009873410486343595 
10 10 10 | 0.15216375082823674 -0.042330532712190186 -0.02076543632722513 0.00787021196917626 -0.0097961029426123 -0.004468451230418968 0.009300686389918354 -0.00556869540364362 0.004018284283004587 
11 11 11 | 0.14407266463278023 0.035149480624987635 -0.025048699959609046 0.0139822538978474 -0.009153689988218442 0.009934101879917995 -0.008372910597033736 -0.005473699459641852 0.005993553660376853 
12 12 12 | 0.1287958352580929 -0.041116672824491635 -0.02995286831921709 0.005370619675906631 -0.013515275402235054 -0.008713885430704298 0.010038652770659285 -0.005796083849482251 -0.0019592033519797276 
13 13 13 | 0.12817729807458855 0.00999997024000171 0.04800277807669855 0.010833727701257796 0.004266520141763978 0.0013631914917358724 0.005785646710875897 -0.016657774687686946 -0.012226242355889644 
14 14 14 | 0.12379283123538032 -0.03420073587284106 -0.033125080637944136 -0.020269942145031118 0.0023759453861429726 -0.013703378705576186 -0.01372222579448066 0.0005385745047871334 -0.004093809414591468 
15 15 15 | 0.1272255261111893 0.018103198338024425 0.04696814137264101 -0.013673283408679083 0.011616226987267884 -0.00696027015685247 -0.0038923232038694266 -0.0064120919208222596 0.013066923933726878 
16 16 16 | 0.113649046941395 0.03520150233596464 -0.0038815387180737688 -0.04124344236393174 0.0014587231587475796 0.009636403034554954 0.02306801668658494 0.006740395626418861 -0.003743108246448475 
17 17 17 | 0.11450143032648763 0.0364043018899488 -0.0059158483301872756 -0.03671830147663705 -0.007587905590023861 0.00795459827720168 0.011593723166799436 0.015861950699975806 -0.010838353222234472 
18 18 18 | 0.12422011241162634 0.01127273571104693 0.0006500475496681282 0.05054251595286364 0.0006306888914096412 0.0019561131640061192 -0.007723345124717355 0.022407665839196546 0.004159477147357098 
19 19 19 | 0.4222831818199917 0.009284287510456209 -0.015449161007068874 -0.014063068724659254 0.004649737849836531 0.013046595090820044 -0.01119372675586002 0.00676122504709622 0.00018278534074596858 
