-4.834677618879645	0.5185962916545441
-4.122583555246749	0.4939636663059564
-4.635621149325214	0.5112826307758398
-4.6034228280144855	0.5103290251979552
-4.376578639920983	0.5082752593468493
-5.72275855308604	0.45638165889383225
-4.534528679957088	0.5133343882851648
-4.1424750749909895	0.5018169308190059
-6.96409276807316	0.3985356150185649
-0.8492173025844747	0.38305672019669007
-0.8478362491717629	0.38239831618150855
-0.8559273353672218	0.3828618870790508
-0.871204164741906	0.38322145495349347
-0.8718227019254117	0.38346149910557425
-0.8762071687646215	0.3843438797949636
-0.8727744738888104	0.38327634635325986
-0.8863509530586059	0.38206098264594224
-0.885498569673514	0.3841324608677026
-0.8757798875883746	0.38035837730494426
-0.5777168181800089	0.3555182925089444
