number of atoms: 21
number of fields: 9
Multipoles
---
0 0 0 | -0.4837359172811082 -0.014315661882490756 0.015532128339787466 -0.059748338698210376 0.05949656312318842 -0.0014454248841724976 -0.010921906057195332 0.04285887167305711 0.048189546740965844 
1 1 1 | 0.1555331285958932 -0.022264629550197822 -0.00682730915235444 0.019406403837290784 0.009410853129157574 0.026880414343800278 0.0036757837073201857 0.03410680184942853 0.007669642061745623 
2 2 2 | -0.2638991278483438 0.035006833068197726 0.037978047207905485 0.0016701933956723434 0.003835462942222902 -0.1284762899574124 -0.018807642054472516 -0.08858925700490375 -0.08504996902150512 
3 3 3 | -0.24804808542651902 -0.05123306772261239 0.005241232846450129 0.02041483806427375 -0.04550886157776683 0.016008202214732863 0.12313136378236204 0.050673602512269364 -0.06008789060627446 
4 4 4 | -0.0524857041755844 -0.015490976570446851 0.01715240333304702 -0.04326878369307509 -0.0009945712258886859 -0.004724170516454096 -0.018230733891308845 -0.06225588615166916 -0.00492945817677261 
5 5 5 | -0.4383619710727551 0.039134052321668215 -0.057892087607417764 0.020567961861695867 -0.039646834226538544 -0.012877593408409606 -0.018892481585856897 -0.02340316203909147 0.11532417699960928 
6 6 6 | 0.6219899704635914 -0.02902558275261019 0.0052900994427368 -0.038249149642410586 -0.163975235371439 -0.10052393448891053 -0.02961642759704317 0.09349774978096571 0.28012172625304327 
7 7 7 | -0.5074638495919661 -0.045632069097999016 0.030038334026359505 -0.04119355709337508 -0.1329340818784107 -0.06751763494878649 0.0014662445275231216 0.051386738211367515 0.22050875783804952 
8 8 8 | -0.46644728368979127 0.036470714334197206 -0.0411681781304332 0.026814187965407767 -0.07742121881729196 0.042414978948874735 0.0502125824294263 0.007716619002183601 0.052058185608474375 
9 9 9 | 0.1386671134830585 0.0009281018368992927 0.039698390989682864 0.02194567762691919 -0.0015094943150045339 -0.00018176202294385092 0.003035804337394538 -0.005020055260537344 -0.01967804585785316 
10 10 10 | 0.14649573678468986 -0.037588551965241454 -0.02598203708633248 0.005693269743575741 -0.0036510631621571228 -0.009115466211400329 0.014122978870667087 -0.010805088143911122 0.0024456793536072876 
11 11 11 | 0.14607399603692006 0.04034851437868258 -0.021177337369085867 -0.004915874169492983 -0.012296622660155946 0.006633119590440667 -0.007989273404817688 -0.014905195967594195 -0.0004866572766690886 
12 12 12 | 0.1201527809558326 0.012527664351513179 -0.04189788310386195 0.025926059983665786 0.005650106881443833 -0.00345022569213976 -0.010687562939541422 -0.016298289136115727 0.010583458120062996 
13 13 13 | 0.12582741069224834 -0.03489008767433756 0.009031037171270843 -0.03662034790228759 -0.003986608284223146 -0.008385078331935665 -0.017098879317288464 0.004307143560056003 -0.0005109570178781843 
14 14 14 | 0.11729094668194362 0.039273461355470336 -0.025594007331662234 0.022505222276023147 -0.009081179007901813 0.01487591512188924 -0.003339109347284894 0.003512677993830816 0.0033470717382335542 
15 15 15 | 0.1173208241738416 -0.006304247761401607 0.012318101796637492 -0.04891286596796648 0.004424129285122097 0.004527763794655995 0.005655226243926947 0.018779042083555277 0.00845941981080345 
16 16 16 | 0.10116038487366552 0.03849070659745199 0.01353189167747697 0.033828491345743734 -0.009759984526043037 -0.009251780670806143 -0.02011233203484126 0.003599526949994461 -0.011168061332328314 
17 17 17 | 0.1632250021887004 0.008310667255103436 0.03744804559045125 0.02693488862868781 0.005796381012192765 -0.0105680957521976 0.0013929210322192285 -0.005726201199907994 -0.01111446984825957 
18 18 18 | 0.16661904847844922 0.013118408813963658 0.0005150850950672851 -0.044247866303948655 0.008179833778900159 -0.009619605000652513 0.01152754714024591 0.01019988167746131 -0.0012301458230804582 
19 19 19 | 0.17032353153191127 -0.03438868617621421 -0.02668320188127679 -0.013151890796492528 -0.007660394382691886 -0.01609513230451936 0.0031728480880092755 0.0035180547983834605 -0.007868144089360924 
20 20 20 | 0.16799155811660338 -0.0029026198578469046 0.02260329360263942 0.036805296792616064 0.0075912404864027835 -0.003571646372252441 0.010065763332001976 0.008677782494253192 -0.0167661259762282 
