-4.841938521977373	0.5163028650139396
-4.1857416603831705	0.4907147494706098
-4.485187170884046	0.5022986188966457
-4.773807333563678	0.5124922946376084
-3.727373784795151	0.4715173728824629
-6.867353002534875	0.3956194269718692
-4.837014883562146	0.515102125881273
-4.012314718549249	0.4762451596099828
-5.805527251554403	0.45487274629901747
-0.8380578152465042	0.3812330980731823
-0.8225382218907312	0.3752727707685438
-0.8379590322679619	0.3812240452546652
-0.8181607537195061	0.3754763324924552
-0.8181349956402981	0.3754611034374989
-0.814104030531985	0.37637716896636975
-0.8140893017479421	0.3763734117540035
