number of atoms: 16
number of fields: 9
Multipoles
---
0 0 0 | -0.47430866078815104 -0.007168248569191544 0.0005686343076210159 -0.056451102210115366 0.0131033488665999 -0.0006357257213665656 -0.03157864983141409 0.08358645069435283 0.0012306581562565525 
1 1 1 | 0.17502873253410822 0.07685611226865938 0.0011415069149564262 0.051814282069074805 -0.14814112132331708 -0.010731495950257611 -0.05489107100778881 0.2619230110532108 0.0047067562769291 
2 2 2 | -0.12065478008916486 -0.06471713839843729 -0.00043682404203120777 -0.09099698053326118 -0.15609670608741363 -0.010041807414971446 -0.018145197874036244 0.20317707668505355 0.0037768348269149573 
3 3 3 | -0.4042988232112865 -0.03848248101699432 -0.0017666390152588558 0.06546203968877068 -0.042596495257640955 -0.0034068402271084336 -0.0686841715479273 0.11194690273694634 0.0009712783459514117 
4 4 4 | 0.6278407840133831 0.024911814913296536 0.0009212257473822261 -0.03004707702607393 -0.1924985431018835 -0.013944736607020659 -0.03351019956793331 0.30466710851853157 0.005763955277518597 
5 5 5 | -0.48650533130135365 0.04249384812850165 0.0016173489884645498 -0.06337448095425462 -0.14330641201690325 -0.010158808373220531 -0.02631315343220804 0.22288725249949382 0.00416513191307201 
6 6 6 | -0.46745483645822894 -0.028046584192757292 -0.00110830530573896 0.03913804821584475 -0.11821295245689979 -0.005932121744507967 -0.028713000006208255 0.09020098800330845 0.0012235972225133423 
7 7 7 | 0.35566681719270576 0.0563033859600225 0.0015831420508262374 -0.0354895805132187 -0.27461744473540245 -0.012320210431733532 0.1742997720649255 0.0003764747145652473 0.0037443772132944976 
8 8 8 | -0.44381581873518705 -0.09657174653201457 -0.0023938342748173855 0.024901605974441115 -0.3245431413463354 -0.015277637065727294 0.20759158961864496 0.030238035972766794 0.0052285888348934 
9 9 9 | 0.1619421847534943 0.021798606562368334 0.04141667941804854 0.011716687750422727 -0.0041015627733091186 -0.006159796760445033 -0.007127540199907726 -0.009161836263297739 -0.006855561297664966 
10 10 10 | 0.17746177810926944 -0.04761803288960553 -0.0010480897090741881 0.013960575427460455 -0.008075913138699814 -0.0002946309348490383 0.008130207763875557 -0.0037824764406526796 8.717502569443264e-05 
11 11 11 | 0.16204096773203902 0.023293437841140928 -0.04082592067823499 0.01079327034184689 -0.004559352099619159 0.006340457973798131 -0.007165680223234184 -0.009213885247499724 0.00614985056919782 
12 12 12 | 0.1818392462804943 -0.015845909858989562 -0.04248292284330079 -0.02054200203353313 0.0009572652570753278 -0.003103333752218754 -0.014901258983001823 -0.0065427135319593745 -0.007132776902656198 
13 13 13 | 0.1818650043597042 -0.017735170697294505 0.04213694816949636 -0.019627475484990956 0.0006953673906360491 0.00378218444386712 -0.015119676901042066 -0.006647640022748374 0.006136816283662372 
14 14 14 | 0.18589596946801745 0.02312962221472949 0.04043157081661782 0.005629881111122375 -0.004150486006288883 -0.007690369885700973 -0.012920158667188958 -0.009634719662797307 -0.0041103138702769685 
15 15 15 | 0.18591069825206175 0.02491679122499739 -0.03945637995898255 0.004772946477857798 -0.00476539003392375 0.008043840449320555 -0.01291741848738939 -0.009427443364218014 0.0031043754736093184 
