number of atoms: 17
number of fields: 9
Multipoles
---
0 0 0 | -0.4016901053760966 -0.0016907749065553654 0.009009582799614238 -0.09306771734678883 0.020280337679710554 -0.0028817044647055597 0.021185428043454874 0.06266652187548882 0.024609341858248007 
1 1 1 | -0.09656458420528491 0.015691682667258115 -0.0501393892581036 0.08171229812572904 -0.004769288427712248 0.026880028902608055 -0.004886037913586463 0.1389877473107567 0.06467704183467379 
2 2 2 | -0.354413406964202 -0.0161667081918025 0.0007055187941482365 0.016764319554207825 0.041469240990917075 0.06391387475424723 -0.07235658744929038 -0.1330232392446005 -0.09046037636928737 
3 3 3 | 0.08599318532017808 -0.017190815814202582 0.04385540812486718 -0.10308267996298699 -0.09169653861164855 -0.03410370261301729 -0.046006335061829245 -0.058605045825587294 -0.01888521467366344 
4 4 4 | -0.5377562958524367 0.04406537558233292 -0.05398500152124767 0.07799284481052793 -0.052582972142702473 -0.18440130143433447 0.28415260644431767 0.12055075135079356 0.2599500128036796 
5 5 5 | 0.46864293542849467 -0.008177395690589069 0.05470159162085261 -0.131327720016069 -0.12622932454910085 -0.014681528753211395 -0.001190293386596817 0.07164095243952495 0.17404469731887548 
6 6 6 | -0.8602751621006677 0.07495154014982804 -0.045026327311774236 0.005261949437258347 0.12773894146256146 -0.0046726179448054175 -0.03388178215101807 -0.020171125443260975 -0.07686876519845884 
7 7 7 | 0.4317777993550731 -0.08481030786936097 -0.03841828646920154 0.06541512684590677 -0.2282005212890091 0.03151764258347079 0.020987711064024618 0.12710863247920423 0.29666432931037584 
8 8 8 | -0.46419247126290664 -0.02450692002772326 -0.022330171487856612 0.032079386218198815 -0.09564712940152491 0.02366307482890084 0.004072419929590081 0.09976996540771055 0.21485463667357377 
9 9 9 | 0.1446231307024085 -0.016611667536459904 0.045396946708977974 0.01344446896731917 -0.00296799451205836 0.0023173375171039474 0.004597079030368937 -0.009147055278512261 -0.015185807019463272 
10 10 10 | 0.15054496008801554 -0.035344598174835345 -0.03615779930685107 0.0034246913860542885 -0.008297547662296878 -0.005222055985072805 0.006259606175802239 -0.011797949289672678 0.008611216059037807 
11 11 11 | 0.14129958283068833 0.0465587453231252 -0.010720844034132086 0.009540691520888956 -0.011282449540093109 0.0051668896374953135 -0.009830384344781062 -0.010394795943820666 -2.843604101654059e-06 
12 12 12 | 0.1713238843504039 0.030544043038277027 -0.02560995003181023 0.029355204166153278 -0.003664967895574154 0.004794194868877536 -0.008899245397994358 -0.002078093058826748 0.010224199404786556 
13 13 13 | 0.17647217313029928 -0.01806333130811082 -0.0149086560385547 -0.04564632854716418 0.0032483955294539267 -0.005881995648094686 -0.0034904248040397525 0.00591793191175732 -0.007275794550827963 
14 14 14 | 0.1316865349992985 0.051055100709248326 0.030378728883890763 0.020130389076063158 -0.014313443774306924 -0.0032520522331096996 -0.0003581523957351196 -0.0038133352634215807 -0.02114507930612065 
15 15 15 | 0.4081552656825712 0.013293917366783465 0.01421158062904232 -0.020448561335087885 0.017339116395994794 -0.004381761818348657 0.006555744548393924 -0.003462971628206814 -0.005569231010498995 
16 16 16 | 0.40312832896912243 -0.027674649526007598 -0.004600891710305712 0.008785972611981867 3.2754509485907854e-05 -0.005591542250789933 0.010227031555641563 -0.006854826177903823 -0.01498284639203442 
