number of atoms: 23
number of fields: 9
Multipoles
---
0 0 0 | -0.47716165297656143 -0.009299714947641573 0.005514411404908567 -0.06326513921923443 -0.022060638898072436 -0.0012122014254281328 -0.04589475027016797 0.11146440615365004 0.010148987530666495 
1 1 1 | 0.09354801006440816 0.07849324850835093 -0.015271105011757689 0.030902615190143676 -0.210150107896357 -0.020148921782473822 -0.051661674123963074 0.13222502722135135 0.04566505801325608 
2 2 2 | -0.22946498078695576 -0.022472986414358288 0.008586799263166151 -0.10430319531090965 -0.07002885111322373 0.012681804536520498 -0.14786208044351887 0.15536896136401138 0.025852204930117282 
3 3 3 | -0.0847562540030733 0.06315406301147516 0.01018972667688584 0.040097214110219236 0.06468505409280116 -0.008966419361013328 0.06738808922452469 0.06133283918376504 -0.013444037010408147 
4 4 4 | -0.35800444093714745 0.0018714255371801056 -0.035042610227149 0.04014394762430955 0.010360878291685104 -0.11125521771272703 0.09045728035035049 -0.09553212493413794 0.042150533760369105 
5 5 5 | -0.1063530535184638 0.05418030972935509 0.014003167789061357 0.04099052414542256 0.013638692881760638 0.08446775778380691 0.01858282333376921 -0.08401964225547398 0.013488889755711032 
6 6 6 | -0.19869790373162477 -0.0038323406622991687 0.09964821541657919 0.01814357114993876 -0.04760495883935517 0.004648493458729386 -0.10083833622878242 -0.06705817557410106 0.033608160105357346 
7 7 7 | -0.21156934593351817 -0.09403456204882277 0.025699967211494888 0.025568682317511433 -0.011592046936936537 -0.046573208914423195 -0.012702874297662196 -0.0356337552106737 -0.11223216070166962 
8 8 8 | -0.220581468785638 -0.0641396752989485 -0.05919230007334975 -0.035154873408191116 -0.048806040987413514 -0.018106801340294434 0.08600421523917429 0.001457701975940687 -0.07171261336538037 
9 9 9 | 0.14219022623397792 0.022145294783051626 0.039254110763519014 0.009789532089340209 -0.0057964906902055425 -0.006244240737201544 -0.011232661539114574 -0.008449985609064296 -0.014629708167558306 
10 10 10 | 0.14775636758381072 -0.04353558738660308 0.0014812377794877452 0.008611588658273555 -0.0171506503519112 0.0005495444844065418 0.010320546350152712 -0.004150488029832328 -0.0011588500564430825 
11 11 11 | 0.14147452071790478 0.018886494630516927 -0.041941291659079706 0.00575226538896041 -0.004811885203547897 0.006148899145868879 -0.010410926884311786 -0.01195828679142173 0.013145600989930995 
12 12 12 | 0.1301478798304314 -0.04224532057665667 0.00018232445496581086 0.02621714316576372 -0.0020315709246604636 -0.001920508393835311 0.02071485892317512 -0.014624130289722948 -0.0018369254122846232 
13 13 13 | 0.1219080861263927 -0.05264793516419653 0.006188454544472242 -0.01435958593782636 -0.01683043009279156 0.0017004302253103283 -0.00762062811924272 -0.01919912412308676 0.0001999097817998074 
14 14 14 | 0.15210292108255952 -0.026245823698522044 0.019120056116330428 -0.03913302395466539 0.006784648936548022 0.01044291085046106 -0.0012448294088200848 0.005831391401470262 0.006707654672039735 
15 15 15 | 0.17128539350763494 0.04162073178942585 0.012884822086411521 0.02393837086801996 -0.00872633542139992 -0.006409784774233404 -0.0007755027481942309 -0.0005800479789441134 -0.0115857640168013 
16 16 16 | 0.12207067419619044 -0.028886516462961597 -0.02215578994791133 -0.040207542567615925 0.0010245874537532815 -0.018714103279965248 -0.0015242430325216455 0.014929113478633687 -0.011245404934906276 
17 17 17 | 0.11615317120758528 -0.027727305458157367 -0.019010665616298474 0.0394323018073718 0.01742525591745589 -0.007470880556956307 0.019752630162414683 -0.004175409373751872 0.008975770818260767 
18 18 18 | 0.10827922319059613 0.023478446617384314 -0.020479041583506098 -0.0415172454126042 0.013329908347175004 0.00425801248586584 0.015468084327557188 -0.0025509439293425213 -0.014006679177045416 
19 19 19 | 0.10709964313275555 0.02040673939044721 -0.04103413390536869 0.024151859589667618 -0.007566944235060707 0.017103120051168434 -0.0016743910574475217 -0.008097128920014211 0.014512687835779643 
20 20 20 | 0.10648395781734932 0.020001560051939996 0.027953599135700755 -0.03875420052250139 -0.005097735926996832 0.0017633245487833243 0.018953439653683287 -0.00302437421246351 0.017956234701003704 
21 21 21 | 0.10828808757538622 -8.75021331769271e-05 0.04834420642125479 -0.019694586417302866 0.005825493956090569 -0.013517521483504973 -0.008749687282208405 -0.008186839175543558 0.011942458458332117 
22 22 22 | 0.11549871569957315 0.028274467294935414 -0.01662047789668088 0.03886349562415515 0.00038995964388028936 -0.005191520725220577 -0.026763393237074988 0.00014564112315916563 0.005457714545456409 
