-4.9896878840739225	0.5242418779852039
-3.6696878602110097	0.4706319252245322
-5.972735108223899	0.4578432257124508
-4.291611251677488	0.4965381952716951
-4.343666157880793	0.5016662679551102
-6.7523692452014314	0.39162122504481184
-4.295255379716176	0.5006772629073841
-4.374232927957891	0.5015883767847406
-6.760148809029261	0.38847386200531636
-0.8223767257890171	0.37851027322946046
-0.8177447490942558	0.37746892127224146
-0.8045472339553155	0.37268271607702536
-0.8981791206870703	0.38195342636752777
-0.9181941312365187	0.3882032049040741
-0.8945747010100349	0.3827721062456886
-0.9069161003124363	0.3849438464925909
-0.9019009173684276	0.38578252142435604
-0.8719410697007085	0.3778739656068339
