number of atoms: 17
number of fields: 9
Multipoles
---
0 0 0 | -0.4406521275118864 0.014450682382284058 0.001432511769606132 -0.0747675425099994 -0.010399878333815527 0.018505903364098682 -0.01054614652256664 0.04828359208920596 0.037475124844285806 
1 1 1 | 0.0496849080534858 0.04744313624598187 -0.012738597476545464 0.04636767958643282 0.05963728028087662 0.08195316190600567 -0.03790196187599192 0.0686289899695198 0.016209857995438014 
2 2 2 | 0.021101573786348915 -0.049673160516687784 0.10981559384629923 0.09269554357542677 0.07889485126909099 0.22933296548900514 0.11516146812546488 -0.14221802382447193 -0.23157619542256938 
3 3 3 | -0.3980601531277017 0.06392365572635697 -0.11691426030367198 -0.05981903588090332 0.05056760126808877 0.17249704919285141 0.09670778052225097 -0.12417083793072521 -0.22219930457662285 
4 4 4 | 0.14540861828896823 -0.09960799566874078 0.08376136189934771 0.0663763905653167 -0.021549426316987013 0.04505627442281151 -0.010634039130594967 0.04686915499670221 -0.011784491890775984 
5 5 5 | -0.8156983384543413 0.09106588309140007 -0.04563236000091516 -0.06762730627309424 0.008812549616589761 0.17503954707353123 -0.16084456390456114 0.09746522980670541 0.16065982379919547 
6 6 6 | -0.29401996068222314 0.010071879050635097 0.014190352810024344 0.0346612467346422 0.04243967576923575 -0.14403705954629606 0.032716933944334434 -0.02527982745816419 -0.049827988117668455 
7 7 7 | 0.39142909327182007 0.0038992989819622496 -0.06291781855631906 -0.05062349315676273 0.1472170524707115 -0.053833686789685004 -0.0009363994574590783 -0.0705585465602715 -0.267891366876456 
8 8 8 | -0.46515616090773193 0.031636361765361345 0.09691858316952531 0.056346562330836306 0.16599314319399197 -0.05455386244297752 -0.04379036460705282 -0.09402758837051872 -0.3106274566190153 
9 9 9 | 0.15160383072201122 -0.01949259891364227 0.04037829707985141 0.01857780916771345 -0.012818460890921732 0.008228453141150897 0.0020777210006085027 -0.013770112921184012 -0.004264225223537416 
10 10 10 | 0.15653517860850774 -0.02088560250624601 -0.04444097597498041 0.005417270987003199 -0.006549629650083312 -0.003954998446357842 0.005487248177219985 -0.012586994743385404 0.009732105225826536 
11 11 11 | 0.16371103562778067 0.04891212095879986 0.00018717397157949387 0.010116970845812014 -0.007760614742793831 0.0014044166716816336 -0.013252452856243505 -0.006702775338202988 -8.790003318716663e-05 
12 12 12 | 0.2724831587541138 0.022433745167652015 -0.042709475475097576 -0.025679521679282676 -0.004818422812818233 -0.008046190009965783 -0.0048644052145300045 0.0038149320459867054 0.007859408706215472 
13 13 13 | 0.13002458945654427 -0.01992454913958891 -0.023884608344173757 -0.05659854037074016 0.020990037671415582 -0.013272871513555199 -0.010097466264378872 0.0076560769278620645 -0.0012246547544737263 
14 14 14 | 0.3569736563006728 -0.0215639331854327 -0.020654371130613313 0.002432943823116468 -0.0014865492833611518 -0.008380290233169838 -0.008611404780193881 0.008759494351118613 0.019905397539050736 
15 15 15 | 0.3676829463967264 0.00783324458293117 0.027033325428174465 0.011835832843895068 0.014773374722036048 0.00030625319079943304 -0.016369051375678595 0.002553274668740089 0.004438333841927583 
16 16 16 | 0.20574846739078922 0.030061651152776283 -0.004566370330176832 -0.044666837297565515 -0.003574531534940698 0.003922455248657455 0.004559810084903892 0.010691159426875508 0.0037421001363696894 
