-6.959554356128695	0.39791520049042167
-4.189171694678059	0.49969687094996584
-4.592813341024628	0.5105042037414618
-4.278631505958636	0.4981924014112998
-4.791898460013542	0.5251686609825696
-4.516212973102532	0.5076768632988654
-4.408801946377694	0.5029684909514018
-4.687406587750378	0.5179557531576332
-4.689508467243746	0.5179911511438088
-0.5603037260292066	0.3518177566870338
-0.9013927085658685	0.38262758314883283
-0.8278397387430989	0.37371321947268915
-0.7222293256340607	0.35658097218759927
-0.8538735280398655	0.3768733691490537
-0.853151672592346	0.3759809885387953
-0.8425769395589378	0.3774559692698027
-0.8471022326270692	0.37892976338043644
-0.8446643885643361	0.378116994300072
-0.843266116685656	0.37770938588358166
