-4.761141973036769	0.5169667350029599
-4.414495437839307	0.5024528033307223
-4.279262238897295	0.5013255967420351
-4.478277977272386	0.5086084506574124
-6.709695989408388	0.39094101972584205
-4.292371452023669	0.5042640232677214
-6.946054135534454	0.3982357843387866
-4.329639495284676	0.5067704793838127
-6.952924673847871	0.39889051934468595
-0.8482114272473754	0.3819272708547042
-0.8593277174756109	0.38336663257615333
-0.8652531017858097	0.3852843410027791
-0.8906023034873851	0.3814134438414958
-0.8715436699141138	0.37957207285357475
-0.8639280156964586	0.37776550055677777
-0.8688040777770285	0.3777418176642145
-0.5752506164473679	0.3580693444903837
-0.8764524339835787	0.3796444646237432
-0.5726708397193764	0.35251224770172346
