-4.750914804085866	0.5173547973345163
-4.533375827882765	0.5078071997468557
-4.522608805426933	0.5072557975557788
-4.750963707695795	0.5170324424383945
-4.060438667668812	0.4921537576060263
-6.73748129222929	0.3902126049807849
-4.224047753615287	0.5021411216524418
-4.741679337641541	0.5190471263288212
-4.625723037858707	0.5144435783131557
-0.850572550173599	0.3814938707206918
-0.8715917769096135	0.3862176264706872
-0.8694009132384309	0.3860338077433231
-0.8655966713341193	0.3799249015138449
-0.8700082329667445	0.3810613191821718
-0.8514851418022978	0.38200798966987615
-0.8685934488730653	0.38571117403551575
-0.8716694033105018	0.3863559948693559
-0.8810864759188216	0.38099986482912096
-0.8277604900092075	0.37533205028867767
-0.8222937006205471	0.37450454162288266
-0.8347999707833611	0.3767358942838534
