number of atoms: 22
number of fields: 9
Multipoles
---
0 0 0 | -0.49585894671165054 -0.011039198637207134 0.027768436656150874 -0.058184597728132254 0.052924887231736516 -0.013499895246154298 0.010122217376809418 0.09341922355345361 -0.008645241896731664 
1 1 1 | 0.11025526267764363 -0.07217785337067162 0.03996792847345695 0.040289413255114405 0.10323358187561568 -0.07651261553973422 -0.014690085952436163 0.009730781006154264 0.053267372063941984 
2 2 2 | -0.36010112402832917 -0.004646668694324566 0.056388988156687164 0.13566163940697548 -0.05655868119370487 -0.014670949771975448 -0.08230315126409181 0.13506518327950398 -0.1275339512912943 
3 3 3 | -0.18106147016081842 0.1390808470018871 -0.035786419627763744 -0.06374850233957795 0.025681256797666436 0.0071719779963236845 0.011553970118515684 0.04507885819709318 -0.046720623608617735 
4 4 4 | 0.10976651022046369 -0.07446523760890754 0.008897623574644782 0.053108678909456114 0.11416301587752369 0.016106536856625445 -0.05843389247581794 -0.05407886987686734 -0.0009841663964504609 
5 5 5 | -0.49518245958823215 -0.017151927358359863 -0.059111389260093065 -0.022354324573605897 0.05576735155140874 0.010842518698646282 -0.008080931103844875 0.007489333392418181 -0.09203209402972641 
6 6 6 | 0.14270201482784373 0.02817849499494485 -0.03785230678261027 -0.08709203558955667 -0.1624067486993928 -0.003197961680946701 -0.02846759933782599 -0.10930593359971007 0.11094989534067622 
7 7 7 | -0.1116753639192618 0.008126122652042565 -0.045917554147403804 -0.10985108907112098 -0.1643796060354535 -0.031052342756269866 -0.10745439093574219 -0.06185561482811027 0.07169612045073488 
8 8 8 | -0.32772502107126655 -0.00427051915134154 0.01494920825391255 0.03536312660772913 0.2135180564340657 0.0034672490054589605 0.07887796831685477 -0.040326293346624874 0.033720906126776876 
9 9 9 | 0.1447350242939277 0.009585509469390683 0.041066215278285294 0.015950611035411066 -0.0015335382697382318 -0.0011404311749904994 -0.002392136846071104 -0.00821980286287623 -0.01795915185107697 
10 10 10 | 0.14823530296756093 -0.04244664742584455 -0.016511880084775506 0.008581831780034146 -0.009662862471816547 -0.004663001239696022 0.011880624126975775 -0.006267284327622815 0.0011755668114359396 
11 11 11 | 0.14782608900196126 0.03383910467450007 -0.03212741523826117 0.0008929677649197554 -0.009354374995333467 0.007191039157318561 -0.007371243636896473 -0.01020382185363757 0.0033558685663030285 
12 12 12 | 0.090213648703652 -0.009687132859606734 -0.04585971902091006 -0.03122443286325036 0.012981965423960896 -0.008259103910699148 0.001090575092373863 -0.02119009469787636 -0.023368007165511434 
13 13 13 | 0.07262839659064813 0.022724432337060504 0.017457644446189247 0.046021020391017 0.026923810490611974 -0.006120840280306176 -0.008607556482864728 0.007101363720582643 -0.00613515229211143 
14 14 14 | 0.11155746666846489 -0.01933597484029489 0.03718995174620017 -0.038244328601286126 0.007153467215362275 0.0008453115636660794 -0.021401903094310514 -0.01326128201907015 0.0036775734822801632 
15 15 15 | 0.11161147324360432 -0.02530756054705559 -0.050680476796362735 -0.0019146101280073965 0.004909322943653869 -0.01777567308081047 -0.012567612346137869 -0.0010803715714679915 0.01404046906852316 
16 16 16 | 0.0902372080874807 -0.005777976203280983 0.011363762497809609 -0.05491494348283828 0.014520071047720478 0.00546207621903098 -0.00028308932646479724 0.022730678401554263 0.02190926114308305 
17 17 17 | 0.1445514591056044 0.005517816322674441 -0.018716299828712743 0.040752471602211064 -0.0013071967984805229 0.0011292865830988918 -0.000845868508541889 0.01811720127906393 0.008463888042970146 
18 18 18 | 0.1477895808647669 0.037321441948271306 0.01920549014234901 -0.02031655228638047 -0.011249556554394944 -0.00896773772604321 -3.671630463973422e-05 -0.002271315028141429 0.009700671550745917 
19 19 19 | 0.1480487084157558 -0.03988062990750705 0.022614305574553625 -0.007566017691107311 -0.007673350273218815 0.013018044890275953 0.0050511368643780565 -0.0028960087512521723 0.006244670943526216 
20 20 20 | 0.12456477075216221 0.02505624847626947 0.05193475196387438 -0.011827410797678106 -0.00539278506997511 -0.009857539108321116 0.005070249537095677 -0.01584593256743604 -0.0017254926952534747 
21 21 21 | 0.12459822651877772 0.018232491880289622 -0.0476422419503978 0.029294859774928173 -0.0030580323833455858 0.010743432991089624 -0.0017376695381235148 0.0005221795749969559 0.016613165672653696 
