number of atoms: 21
number of fields: 9
Multipoles
---
0 0 0 | -0.442583323778309 -0.006506991370328698 0.037615101170673126 -0.07962777052315506 0.05449226007572095 -0.0056307325017146345 0.01357961891470564 0.08127706335051392 0.03528307256881893 
1 1 1 | -0.09716063047819379 -0.019293738139708402 -0.019567812738289374 0.0668309341638868 0.06075450446731905 0.0136325390953056 -0.020358800934837846 -0.02732535375814961 0.0754111115084586 
2 2 2 | 0.08492768061559097 -0.013030385431938815 0.01178400176265443 0.005768323490487634 -0.14079825788016212 -0.0037664696957655495 0.02179256500707074 -0.01118642761300503 -0.025947268369634027 
3 3 3 | -0.35151599252929877 0.0074979248798500535 0.024663251037591667 0.035566152227787494 -0.03686233949016256 -0.06043490693245699 -0.0721673964247333 0.04966035050806041 -0.10842092159077552 
4 4 4 | -0.33761649462392285 0.008810743336883689 -0.023228052697522806 -0.03922933169768911 0.0035592350442902464 0.02505692201304002 0.09135380562165366 0.0676146913502952 -0.10916806475830947 
5 5 5 | -0.3285938859311681 -0.018356337091846472 -0.009529097751083496 0.015504008688129406 0.1012999748498956 0.013104603552586759 -0.031180115040545887 -0.03878297167553719 0.16722026571535448 
6 6 6 | 0.23530850653673419 0.05943159307796563 -0.020802119096717066 -0.06608658347607205 -0.03799371599311921 -0.10805561522110893 -0.17219146201011176 -0.07617130232708912 0.03144756852801055 
7 7 7 | -0.12400776430801397 0.07677566714469176 -0.04020693427134981 -0.0835867612067556 0.02149097952503959 -0.10329518564567768 -0.20704169049170326 -0.026058929319668838 -0.01818605701873612 
8 8 8 | -0.3411434797946047 -0.018959165839074213 0.017710081681653264 0.028698607051970106 0.0603798566859955 0.1089606203959727 0.1369807176761262 -0.03883927518982787 0.10834849212178366 
9 9 9 | 0.14002142687609098 -0.009247939204944138 0.041610550018532366 0.02341130765229668 -0.006237407643985298 -0.0005241872637382971 0.0026131252302548707 0.0016430531481467306 -0.01804089420157026 
10 10 10 | 0.13815730282882754 -0.0352387060607206 -0.03209516796849235 -0.004009881106528071 -0.006965134909584456 -0.009135320108584229 0.009499037215342863 -0.011618534691747643 -0.001571664722874561 
11 11 11 | 0.14226895904255088 0.045256502714215836 -0.018510137534444412 0.00027350585115096606 -0.009189561426762605 0.006242822433626323 -0.011520520442117146 -0.0064866483143687734 -0.0034995446036082513 
12 12 12 | 0.1273489654375891 0.010009594509131832 -0.035202280637613395 -0.03342251326576525 0.005914401737007556 0.006918197548215103 0.00655962338928642 -0.010569135710046734 -0.028734662350471205 
13 13 13 | 0.15855466953800212 -0.015390220414452904 0.029794960144216488 -0.03659424489082988 -0.0009846972004081524 0.01017950294271227 -0.003026212436414096 0.011307892153335481 0.008939308754329424 
14 14 14 | 0.15653852363847376 -0.006355030677101569 -0.04810160431559 0.009421813679255936 0.0031530878463163236 -0.00453898743811167 0.009495933386582027 -0.01387377037130996 -0.0013990387621250072 
15 15 15 | 0.15654257166952557 -0.003979730359137905 -0.03167461610881189 0.03868908473474049 0.0030313512046656354 -0.010173298305113362 -0.001596168104376454 0.0084002130149315 0.010203068663326067 
16 16 16 | 0.15346049968096298 -0.014356047142250932 0.0472798730133476 -0.007726675174713274 -0.00036006466474802795 0.005209769282843201 -0.005446700211928667 -0.015468605614516412 -0.0035678010833953915 
17 17 17 | 0.14556398696012207 0.007860515569505554 -0.015566267928722706 -0.04574181687284168 0.012873567054174835 0.0022644266425540043 0.0028320780606804967 0.016624382349448203 0.004014845698938057 
18 18 18 | 0.1326664018475595 -0.00966883772792173 0.04282987395610564 0.018540976807315392 0.01661328850692462 0.009230057816204177 -0.00019348407520190325 -0.01328533605073237 -0.00133751371410412 
19 19 19 | 0.1233698269474689 0.00681208182558927 0.05685353060412314 -0.011626641961263166 -0.0013161084427589995 -0.004380308631068299 -0.005085552169741663 -0.020482386818009915 -0.0007866228426917281 
20 20 20 | 0.1261850683629493 0.018810918221974386 -0.03483286351953589 0.042755399159760385 -0.002230201022748196 -0.00014790620712652346 -0.010156788430140614 0.008824772016759345 0.01376086236238607 
