number of atoms: 19
number of fields: 9
Multipoles
---
0 0 0 | -0.4048194308027506 -0.0020484968378100634 0.009354557525403047 -0.09514809430154142 0.0712646842577837 -0.032752840280607334 -0.010226726724725733 0.07168210728820472 -0.01348742937742021 
1 1 1 | -0.1406203507938537 -0.023168085284271972 0.02196747984369816 0.08538596731188133 0.05346561249705094 -0.06126102276679746 0.04614404764819522 0.07755434994778963 0.06758049852206136 
2 2 2 | -0.31711820582356864 -0.05138591079306801 0.03248364666829663 0.04106543600076332 -0.0720289908026064 -0.01308930555044734 -0.12007017769186251 -0.04740751849148659 0.07965601615149273 
3 3 3 | 0.05985172308486586 0.06528623694345598 -0.0921745498050872 0.020379419893700908 0.2040102343214723 -0.0744899596803602 0.050709654869014374 0.003414023032190303 -0.017210946311580877 
4 4 4 | -0.3644979315170591 -0.06435660743920696 -0.014689342051133964 -0.013531073031170595 -0.10478564992500469 -0.09109722187643604 -0.05699556206087508 0.17786674159091317 0.1337516037607867 
5 5 5 | 0.3288540776070592 0.10462457104396751 0.04616014153152155 0.03053005057455818 0.03682129375569355 0.05693311205016053 0.19291499087292965 -0.02468316497308199 -0.009461002238132768 
6 6 6 | -0.5166213988161639 -0.00698879950420287 0.02308052556276109 0.03212585100725381 0.006250435493965622 0.034701494174340895 0.09442207700014932 -0.021953859432488957 -0.029435700362891754 
7 7 7 | 0.4040861073858393 -0.03440034377758142 0.064788545024551 0.009384937392795856 0.15430374321160772 0.169337224875065 0.2824767130278695 -0.06203164504326716 0.16938931397411794 
8 8 8 | -0.4424670450417185 -0.028468359266891962 0.042578481508944575 0.008098222872157546 0.09349675552679652 0.12007648100701562 0.23711760440442328 0.013841418226530514 0.11699271305688333 
9 9 9 | 0.15033739418070124 0.036972529676245355 0.033645769590584414 0.007254743490273306 -0.007443617936525551 -0.005629331539322577 -0.00016883714846175398 -0.009334657758580361 -0.006826567977542626 
10 10 10 | 0.13578715234884164 -0.04744384166042505 0.010677418494679293 0.012112548232326386 -0.006818370302797193 -0.00030886166820763425 0.015630635441106874 -0.006502868145498423 -0.0058561232222229895 
11 11 11 | 0.13685928174649697 0.016761934837960894 -0.04636959994750312 0.00451793187468343 -0.0012494361970984906 0.0038957859214693792 -0.0042168928849714285 -0.013894643977223745 0.010071359018924874 
12 12 12 | 0.14665063427294367 -0.0290497537623704 -0.03800911955001491 -0.019447472930686643 -0.007818950629308555 -0.006188385878549498 -0.007904647989607093 -0.013563910872272388 -0.0170409656062638 
13 13 13 | 0.17412275601286942 -0.04120601960292347 0.007946643328748164 -0.031452075737917036 -0.008481953571457302 0.004739923153744498 0.0007106710942397166 0.013002856530397783 0.006188506340722699 
14 14 14 | 0.11873803367888469 -0.014718138752010628 0.01693106762891811 0.05543202402549887 0.01670865125218952 0.0013686318656841207 0.00689620536739294 0.013018246881025094 -0.009905462374200725 
15 15 15 | 0.16640478595165564 0.033904623443749005 -0.020241915746526333 0.023992574514185714 -0.009322408874056203 0.00823090402072362 -0.00730124330853022 -0.00959918288142369 0.0066044811782569055 
16 16 16 | 0.16367711328841716 -0.032815960982506685 -0.026452743024875894 -0.018185431725365138 -0.0004590746990954269 -0.01131453589561678 -0.009334005104644391 -0.004165077416785695 -0.0007194701950707891 
17 17 17 | 0.15717687905986066 0.01586178951225514 0.03258489258434797 -0.027243876350682244 0.0031388204541506967 -0.010861122260311681 0.0038648142236675964 0.0013722120344988559 0.014161709241357045 
18 18 18 | 0.04182913849278358 0.045893314320487 -0.00825836578524135 -0.05334889712095653 -0.016077027025524146 0.010264020642492332 0.015965094558862736 0.018707069258198275 -0.007864357126123083 
