number of atoms: 21
number of fields: 9
Multipoles
---
0 0 0 | -0.45208935998068167 -0.0010486532391048293 0.0013251894578511442 -0.06983759227193291 0.09692831845316399 -0.016819233993311103 -0.011542290652634239 0.09903889866962717 0.029236675231344485 
1 1 1 | 0.18156264968218228 0.0033171892252218086 -0.023129676637472837 0.02809116219027534 0.10356750822747166 -0.028620274391490192 -0.018408674562436084 0.06361271579820828 0.02958097603340928 
2 2 2 | -0.31894750232121716 -0.0006357409400835762 -0.0187294204731378 -0.00699358047763963 -0.15792114265129698 0.10865467279594243 0.0289439579201887 -0.07838810432663264 -0.0389387072741996 
3 3 3 | -0.034676122933733566 0.012250065875845971 -0.02881704492694651 -0.005005573384724564 0.12144558849809318 -0.045182350869153474 -0.022807510846553646 0.040660361034043364 0.0484762654742993 
4 4 4 | -0.31082882620528185 -0.01353782655156332 -0.0347631242418142 -0.021738831974809778 -0.20406325786010995 -0.08729262419492587 -0.04185237890391636 -0.04305375872947374 -0.0009712281845662198 
5 5 5 | -0.1980382301331307 0.019949858462784253 0.05888182290369324 0.007537381789214002 0.12246030369214114 0.08143744485506009 -0.08972516569788458 -0.06778040742791955 -0.04227089006449943 
6 6 6 | 0.1515090665026344 0.15427908731443776 0.0901908041715269 -0.014255955990020648 0.0076014444181611305 0.1595330634568044 -0.024010667956215443 0.025171908379244396 0.02567762661270143 
7 7 7 | -0.5725720042045701 -0.11265285216127799 0.07527483498364515 -0.05481291944638724 0.053745691815112955 -0.05159627192127518 0.10395931400458822 -0.02015851025977682 -0.1199403535815616 
8 8 8 | -0.2925287826564338 0.0013208611745238468 0.05037935408940422 0.03267999709026565 0.08439265102122856 0.0375652615609905 0.09816372224560128 -0.09267792473761303 -0.0460618563712316 
9 9 9 | 0.13755484249262917 0.0017136736160496013 0.04563063685582265 0.009316682777909969 0.004450609960620168 -0.0014640646970044313 -0.0004939009733041428 -0.012872134523010474 -0.011567128113761064 
10 10 10 | 0.13565983372405033 -0.04096558806884592 -0.02053549647188436 0.007543128134525714 -0.007562883477309979 -0.009323741237144046 0.01194556237472291 -0.00809879916651452 0.005978477313863039 
11 11 11 | 0.13797848010886338 0.039649574962954806 -0.024443234319527666 0.004490848181169833 -0.008938294401777822 0.008208058552374945 -0.011964625807777145 -0.007757209001555962 0.008329420128526653 
12 12 12 | 0.13045303762050575 -0.03618659037683318 -0.027282600069776678 -0.009747281383150463 -0.022403288202675193 -0.010900726240890925 -0.003440120281181838 -0.004383847929799111 -0.0029535872986222724 
13 13 13 | 0.12671813786695763 0.003913819987668015 0.04390479546636685 0.015521405871444353 0.006559468505723722 0.0008044369142740462 -0.00048722820059274313 -0.01642840228111823 -0.013856720353908215 
14 14 14 | 0.1070950885141091 0.0032270301214114396 0.03249732040566348 -0.0450464356684608 0.010219494237200206 -0.00017805880673464622 -0.00033035671663360393 0.00743265665980689 0.01877062055925389 
15 15 15 | 0.12708389721373203 -0.0040663842408134605 0.044180449018438366 0.014899324823131575 0.00665894552549769 -0.0006697523792475351 0.00010922913765428556 -0.015712098267137146 -0.014517774019622509 
16 16 16 | 0.15261030428549094 0.0392342660606493 -0.03129498266697442 -0.015882513442484467 -0.013612184834461099 0.00975384782936939 0.0003098589868045726 -0.00848494248203129 -0.0031122968402343743 
17 17 17 | 0.13761115321127626 -0.038001464682577014 -0.012831743123772743 -0.03460183811875969 -0.011383456330946914 -0.005836556871510747 -0.005184576750704093 0.015244335962354855 -0.00555009896541782 
18 18 18 | 0.08866321009738554 -0.01835533668674612 -0.057001608154320385 -0.024037602785474642 0.02887422694367145 -0.008037537275620205 -0.009596023453071992 -0.008250137738326925 -0.005597561506124497 
19 19 19 | 0.41513140335617893 0.009461325718844995 -0.011473453189747835 0.018419008984006623 0.012068192611590806 0.008879208306104787 -0.006336641261712509 -0.0026415380209043843 -0.01038374075433157 
20 20 20 | 0.14837323855671347 -0.03500769681988608 -0.02902586413078623 0.018014342198032322 -0.01302553054235225 -0.00786118639966895 0.0031938449200900948 -0.0027369984305772757 0.01872238982162784 
