-4.775704446474083	0.5182803457897842
-4.421559157878427	0.5048638605067481
-4.611081795334626	0.5146703370981707
-4.492024499755605	0.5101944018993279
-4.638399029630702	0.5086770923049486
-4.158686488316544	0.4939497450880199
-6.7899886730804315	0.39285833537562515
-3.7140117061461164	0.4768536361635303
-6.140730875179006	0.4642179486983146
-0.8596322313707031	0.3835289357364812
-0.8587268186876913	0.3832326381560473
-0.8571402739016412	0.3828565440236808
-0.8508301272524331	0.3746408249178177
-0.8401680673750971	0.3777200744122081
-0.850602675773529	0.37862265259302186
-0.8304488989021672	0.37414046054107686
-0.8988217174050971	0.3811647223368291
-0.6438502632856866	0.35544072117855957
