-6.962220585933904	0.39803677854444175
-4.235057493227319	0.5002315450903929
-4.39421833714448	0.5032100616222821
-4.471846676763431	0.509801642174476
-5.780626065735724	0.4543258439833171
-3.808857063890576	0.47650078572411536
-6.12443905036227	0.46484084358876043
-4.228459169896723	0.502016894846562
-6.944546191522456	0.396809738354925
-0.5683231119232316	0.3510933329275768
-0.8949418330034282	0.38159463621213335
-0.8357827591841853	0.3720030109465247
-0.8144377695420115	0.37131732148407215
-0.633581315886417	0.35100933380740057
-0.5437560484133311	0.34612343327389994
