-4.559436857464108	0.5123496562201815
-5.653296032484601	0.44408175292597857
-4.379771278312388	0.5082862074063401
-4.594825972628016	0.5110440154122009
-4.36075242092974	0.5078449107952417
-5.741084937128512	0.453065424360197
-4.441040566087101	0.5045681272581667
-4.35661383444291	0.5049806813629732
-4.249342423492856	0.4970444108836182
-0.9260452660390405	0.3973558423877076
-0.8845217872416725	0.3855427312241839
-0.8831505713826503	0.38525813278452875
-0.8587111562035203	0.3771446198500313
-0.8416846891631363	0.37898905954533607
-0.8767976226365182	0.3823441418438735
-0.895177768912484	0.38551630017023636
-0.8968540480130778	0.38564078210696157
-0.9040397813790977	0.38618667523948985
-0.8980886161359907	0.3833031019427203
