number of atoms: 17
number of fields: 9
Multipoles
---
0 0 0 | -0.5914234680568047 0.0750847300616715 0.0145858162660738 -0.07225710771375167 0.062323666023700784 0.05728250596470151 -0.05736637479479002 -0.05524110142629189 0.010921436852792744 
1 1 1 | 0.2374856521907729 -0.0500213484041286 0.027062056719041147 0.1410234755836764 -0.03462200402153438 -0.009626873031863839 -0.050663128761216876 -0.00594768826138291 -0.0031474949839426112 
2 2 2 | -0.18334042418715235 -0.05129023744999784 -0.03329521803372716 0.028052833256072194 -0.055627848256642555 -0.005056350575409622 -0.10797122028754043 -0.12118206221966173 -0.027608669946570838 
3 3 3 | -0.1968443089906593 0.027797654210310076 0.03731256566278914 0.01857439109734815 0.004711315963779885 -0.014587803914950693 0.0776004596387036 -0.03734480988055077 0.11640222907596308 
4 4 4 | -0.12462275973179704 0.015509385342919464 0.030826066938423723 -0.006675961845633254 -0.03771618166614868 -0.028466561058343977 0.029213391163129196 -0.020631665857982637 -0.06485504256726775 
5 5 5 | -0.1644120773662383 -0.04417575401205009 -0.021416625992383365 -0.03296342011942919 -0.01279292071282529 -0.052242933101618906 0.12995531065245303 -0.11451599089777731 -0.038337396814441094 
6 6 6 | -0.20006512844732072 0.0051803198068969495 0.035176079725535145 -0.047119973206288586 -0.1800873960186883 0.12823027536021173 -0.035968454774907316 -0.05526708082291169 0.039928353265864164 
7 7 7 | -0.04100623269300385 -0.03886416992937089 0.00677918146882875 -0.017567034298602346 0.02382274247160454 -0.08657434990475997 0.10228170200754733 0.05541851959077467 -0.021906851743236946 
8 8 8 | -0.12784621238473814 0.010443203530246659 0.032259501709978725 -0.014011631093749713 0.004387631612796359 -0.06361743306828761 -0.044710737827684345 0.10418421498611537 -0.12319262274317808 
9 9 9 | 0.4330907823902508 -0.018817224193723527 -0.00654861577000264 0.0020535822437867937 -0.007820464946199566 0.0054532408533873 0.0036457095311978787 -0.011952747655093968 0.009312630206331276 
10 10 10 | 0.10214194982683444 0.05919001368406726 0.02138397832655829 -0.005675388963643011 -0.027429996676121785 -0.011587518102408233 -0.005484954609106993 -0.01881762484286151 0.0106162733726224 
11 11 11 | 0.14742950707464464 0.04030565651300078 -0.03377451052494186 0.0016973192962997916 -0.0025149410331737902 0.018150952130995924 -0.0010105141718858683 -0.010381499637829002 0.003483719163314891 
12 12 12 | 0.15464166905754884 -0.01250761599016532 -0.0512394577996728 0.024952845132835882 0.010995081986381505 0.006183494826616421 0.018620871347956997 -0.005588950770860646 -0.0013010113672078944 
13 13 13 | 0.14942911173089912 -0.05186317611387139 -0.020694891441015204 0.0024717757372704394 -0.009344201290145921 -0.013646895210645863 -0.0030197439546959474 0.012974412594171019 0.006940057800918339 
14 14 14 | 0.13310097448898495 -0.025594065805770783 0.027593487702627525 0.03880062834682219 0.01429177890372064 0.01541237549086909 -0.0043643521767322176 0.021290065900564994 0.008137366847936275 
15 15 15 | 0.12338491458104839 0.03768910012934024 0.014962319813239248 -0.041185488136230075 -0.0015171477139172016 0.0006837459572042044 0.013161641618490523 0.005944810440453701 0.007664159599793769 
16 16 16 | 0.14717291994896375 -0.015406128481674901 -0.02953503053884503 -0.04808559485766711 0.0031768744556431527 0.007509837908679484 -0.008840992791299521 0.0021222567347896617 -0.005331598747116961 
