number of atoms: 19
number of fields: 9
Multipoles
---
0 0 0 | -0.4102362834525364 -0.006454073239167425 0.02259160076000176 -0.09014733306637258 0.052811593609872205 -0.028600544108838825 0.008835360129336054 0.11686625678995574 -0.010479897991507418 
1 1 1 | -0.1167620878189064 -0.03665220667888876 -0.006727503567541534 0.07669378271260034 0.1365250205416826 -0.0889450549448978 0.042263832396952875 0.006889008687201602 0.10886379342087146 
2 2 2 | -0.18970113088995788 -0.059826470780690776 -0.0021379117061928674 0.03904223864621928 -0.24726788102995953 0.11349927497615915 0.06330768488785159 -0.06293345214938856 0.05020933256834111 
3 3 3 | -0.19868215957441038 -0.006082726328894177 0.07422866767928743 0.005118175565568241 0.18395216472506012 -0.026447548176603324 -0.05579035683893247 0.05400337833152447 -0.1745789155764835 
4 4 4 | -0.3389325841163888 0.0005394216145249299 0.028289054554752405 0.02692000362373346 0.08059746341410057 -0.047504517011454805 0.07129108758354098 -0.11530913222901627 0.2302048120361051 
5 5 5 | 0.28159829377831347 -0.06930617248184459 -0.07269443021991215 -0.1624152398459609 0.13991537212968017 -0.003889727543620351 0.026434436245229252 0.057744400429343264 -0.009518792413574314 
6 6 6 | -0.5898018493384711 -0.07759829217661282 0.05359799646443483 0.09371586138772177 0.0717402503257212 -0.034287227158694915 -0.09667948394296823 -0.04577091631549382 0.10891199739699943 
7 7 7 | 0.2014872323547161 0.19217547556886064 -0.050791622681696263 0.006206217134863091 -0.07575729334356648 0.043709596787576875 -0.07120296426154979 -0.03796364988227029 0.06524714625047885 
8 8 8 | -0.5869805192210293 -0.1048731758327739 0.02617668216285772 -0.07619627230350125 0.04211446964428388 -0.04441151423184138 0.09023256947883727 -0.10992467128616534 -0.018292114906262657 
9 9 9 | 0.13287209199139594 0.008270117852902008 0.045892481780035396 0.010478308710621593 -0.0017199783066362893 -0.004879328497197199 -0.0031426663994239433 -0.011162038096548576 -0.014806066023087493 
10 10 10 | 0.13609633591659387 -0.04721824914467999 -0.013637208704889811 0.004375592408363222 -0.010380622766661511 -0.004227542353499141 0.012955264281679651 -0.005883157354673266 0.0013829575726064063 
11 11 11 | 0.1256289380866098 0.03231464925412043 -0.03665107101404732 0.005781147722979903 -0.010333765887951958 0.006212024142916098 -0.00912151278896755 -0.009159117387971165 0.006225431244053834 
12 12 12 | 0.12293993369535472 -0.012198486768963174 -0.04106122698073251 -0.024234890180413218 0.00649401373729898 -0.008726905552964534 -0.0035465518310483467 -0.01849432665243464 -0.021969366339552154 
13 13 13 | 0.14873600258235875 -0.04958509495222585 0.013238367946652929 -0.0019928413545821414 -0.014780470255915903 0.00992178539378129 -0.0009169824877526266 0.00025848801971945905 -0.00496911089543152 
14 14 14 | 0.14224026058528927 0.0056152976635201034 0.032361993534286274 0.04076553951784053 0.004375119671167105 0.002978707545355617 -0.004629288812771597 0.007516111954622021 -0.011872505722004704 
15 15 15 | 0.1365361101474658 -0.03801207608669828 0.0250929414056805 -0.010796119723640574 -0.002386062122344366 0.015881298165948084 -0.00783625715910378 -0.009516840809681936 0.00969198106280024 
16 16 16 | 0.1351705973914561 0.04671490349486076 0.005141737387752698 -0.008242288216422682 -0.01511961748623999 -0.008177314133482591 0.011836703616929053 -0.0024934704592128876 0.003801388391857606 
17 17 17 | 0.4340233137467868 0.019991737868455022 -0.005308306733773871 -0.009801074543788316 0.004777027459200038 0.007687684773138955 0.008837244230604339 -0.004309167308673422 0.014020051092816852 
18 18 18 | 0.4320450810235946 0.008844462267898286 -0.0008477419643378104 0.020628245059466956 0.010140047242565712 -0.0076213665208308 -0.00984915935290684 -0.009066558431695963 0.003782318610240616 
