number of atoms: 17
number of fields: 9
Multipoles
---
0 0 0 | -0.4294952340978613 0.0033512663849229653 0.017041181721846384 -0.07949442026253026 0.07278954004616746 0.013870348996913178 0.001971092687157292 0.09427410621398906 -0.032794540618179054 
1 1 1 | -0.0016719195514980356 0.0062372645679869805 0.016087123407070147 0.05097259126314018 0.14343070736582827 -0.01857741203983031 0.01064240950995076 0.020008246858365053 0.09936982418898631 
2 2 2 | -0.23220506989385203 -0.06779628127248132 -0.018817338366369497 0.03398133627641362 -0.23951066100281984 0.03613432911340839 -0.002922420542534567 -0.04752333701804585 0.0587423426204874 
3 3 3 | 0.1350266206587536 0.006937973242472714 0.05953483072367437 -0.08428991954053103 0.03825289596265673 -0.037264143843895634 -0.01641736983941289 -0.08686766335703335 -0.22574382956896558 
4 4 4 | -0.37911069516928464 -0.011678484959238367 -0.0377421461987035 0.03196903898605726 -0.16290130779842327 0.016594788238905665 0.012099581707113897 -0.041320720061630435 0.2332286509262802 
5 5 5 | 0.13267012308163473 0.00940232378243329 0.09248755081027984 -0.048584245752363385 0.03745121370956365 0.005762082000326844 0.016806818100858715 0.16845615133208497 -0.17266574387756403 
6 6 6 | -0.2143493810578958 0.034408545520031524 -0.043221345663029216 0.048423733495275116 -0.2885746358873282 0.011667465538915822 0.006023209411345193 -0.04836158377524771 0.07818186121632195 
7 7 7 | 0.46862125209383 0.0031498437259713558 -0.059143177960249406 0.050843620523537844 -0.2181723328900739 0.03463320978324404 -0.004625740303614295 -0.05386960297660255 0.26790228974941144 
8 8 8 | -0.4563550743968303 0.0029152685388451763 -0.04423400381512983 0.03878571488379649 -0.14165079372127637 -0.030091364914923528 0.03951767706083516 -0.04347621278584907 0.234948910858671 
9 9 9 | 0.13836996434062077 0.00408389747192195 0.04605638521991614 0.007177211082334059 -0.00019692361236801074 -0.00028067079482710654 -0.001457904689368353 -0.01472058768490939 -0.013336279931682958 
10 10 10 | 0.13528551640073982 -0.04344759328169228 -0.021018077985944995 0.008908005251799444 -0.009622104823449117 -0.0033009582078175085 0.011202976563697658 -0.007019277353047841 0.004617443138658195 
11 11 11 | 0.1517977668428726 0.042539442132582414 -0.02680086037545579 0.009506007968452489 -0.006667321780329406 0.00433326509204839 -0.007157877228647239 -0.005212420595817443 0.0052657974567045535 
12 12 12 | 0.11006178096213848 -0.002434445005351246 -0.050650424929680644 -0.01641156107811441 0.005369763921792515 -0.0029043366300795085 -0.0027608489876196594 -0.023794774144977604 -0.01782625272622977 
13 13 13 | 0.15500438023959395 -0.0493805642923248 0.007045563330457293 -0.0032205508337218624 -0.018072887011566757 0.003832261567591346 -0.0011032736174672443 0.0001848320971801414 -0.0040255447451761515 
14 14 14 | 0.12308974591915589 0.004423823664284907 0.05472764454061504 0.038904938901316743 -0.004297777704591373 0.00046758687422092274 -0.0014011275873731558 -0.003547917717011083 -0.02009541155116187 
15 15 15 | 0.12572717977741432 -0.000935601123116904 -0.030630747492599506 -0.058829159535763606 -0.005414267519481545 0.0018169505559399348 -0.0016430131825935221 0.011947657593291167 -0.02029373377439281 
16 16 16 | 0.036336054739759205 0.037479633477936286 0.049377700379434085 -0.04326921946430631 0.01707169049377215 -0.017625966001268516 0.013806413030568988 -0.0012140010498935378 0.010660941082099213 
