number of atoms: 20
number of fields: 9
Multipoles
---
0 0 0 | -0.43621575643628496 -0.004020179169116502 0.0026913994042369357 -0.08130294764915692 0.09193114240538246 -0.03909933790083169 -0.024390105581626353 0.05832155039635574 -0.0724485185426736 
1 1 1 | 0.0032986637830827448 0.01665409430239383 0.049353012731491286 0.05139180326390238 0.1007542932219045 -0.0019594929385116327 -0.005115300767094767 0.10822261930343752 0.050597662070377455 
2 2 2 | -0.09847271411293601 -0.008868689753307858 0.10679033879952089 0.04686128495511339 -0.18751354204191636 0.033696596673927964 0.038697676341216514 0.053038662174612075 0.12864390392360092 
3 3 3 | -0.4090368207364419 0.10968582566186985 0.00695233517541895 0.09175009011460286 -0.19450121251023214 0.13694996900716175 -0.24173234534465216 -0.10613398793123342 0.1066340775752763 
4 4 4 | 0.016033970009042164 -0.058002057449191353 -0.11675301847541314 -0.014839826599612159 0.04285899230452619 0.07428095616468337 -0.06644037619677888 -0.09876200352565477 0.06135995305438317 
5 5 5 | -0.20417870608968158 -0.007348310894734114 0.031727714418210845 -0.015246481818595729 0.0012657024944678328 0.08720443115357487 -0.15082386429723404 -0.17661712536537202 -0.12472683666048 
6 6 6 | -0.174196065489026 0.031908018079678885 -0.05131231731214223 -0.012259819314984597 -0.1645140907461114 -0.18793503262793795 -0.015173847766231272 -0.1427045016949597 0.08791606061737603 
7 7 7 | 0.27770490134204984 0.010029789755535062 0.05038787906524451 -0.06799215987470181 0.03066146723551108 0.011128171580041634 -0.012582463819921891 0.1622708360492475 -0.10820313359313766 
8 8 8 | -0.47998179641693106 0.008424484307191815 0.033728485568084665 0.05308205740384977 0.03733151135270558 0.010102106069181768 0.024886683578968446 0.07918905170626583 -0.06047636583714288 
9 9 9 | 0.1424119337009616 -0.005722605335820488 0.04691641650740644 -0.004239853411720031 -0.0017849725814319305 -0.005414260450896858 0.00434635987095676 -0.01760987873259188 -0.0074546427038089105 
10 10 10 | 0.1394823278811983 -0.040026125256953475 -0.02232121381879129 0.01575931077846855 -0.006622794460851705 -0.002528367729824666 0.01256456525625712 -0.0039542898646562265 0.008346537895476805 
11 11 11 | 0.14300977489771527 0.04431740617765679 -0.01905407712232865 0.009369497123364292 -0.0076267856983677496 0.0013624986070441612 -0.01203622053090311 -0.005141217309373427 0.007433156374330048 
12 12 12 | 0.11588825364937283 -0.002105088704607061 -0.05292394043781957 -0.008882532028079392 0.008424829871952597 -0.001446200538229683 0.004299098544877491 -0.03145976323707271 -5.739258508233131e-05 
13 13 13 | 0.14432904553279735 -0.05675646113128077 -0.014340820703882626 -0.0020760070417741813 -0.013149064016340613 -0.00753141493246927 0.004708709073582438 -0.0007369515177791851 -0.01126688277908269 
14 14 14 | 0.10418733421094373 0.010531240984627597 0.01734528745848252 -0.05737769169587022 0.012431626517758537 0.01122924543185409 0.00933429278536033 0.004542019945942862 0.01886975878559012 
15 15 15 | 0.10669816462508364 -0.026769505924708944 0.02843640902187335 0.04567495761483123 0.01979343403958885 0.014257515401611477 0.009734455621617772 0.0024472377363592398 -0.006856524786913406 
16 16 16 | 0.14889361478121843 0.02475768448210063 0.009697377317104667 0.046753860826972124 -0.0037284569624514916 -0.00387958431507276 0.006175150582126861 0.016540281082548233 -0.009626966674260396 
17 17 17 | 0.14895815901620257 0.015056722738022263 -0.04349604754812482 0.010441755588954486 0.0005472269768072434 0.005416643878853287 0.0020504418878272207 -0.016896996039592865 0.0017846849306472285 
18 18 18 | 0.1593968599351845 -0.04578690690467803 0.007999118598112757 -0.011485403033385584 -0.009694857024889236 -0.0014522899797205803 -0.012431847639199037 -0.00166689108308505 0.004044523850302677 
19 19 19 | 0.15009925128836765 0.03090621325283861 0.027514435272884302 -0.02197417969840542 -0.00489824671691151 -0.0027473805466411753 0.011799809956832477 0.0032554611474571553 0.013503958243309381 
