-4.779476751575957	0.5144681277451618
-4.451618876023946	0.504363196212449
-4.258946396842679	0.49950416744419024
-6.7557977579296296	0.39040046268358203
-3.705309734296546	0.474957649969108
-6.102450828136003	0.4602218891836942
-4.609785976270527	0.5077311349163304
-3.9723193134688533	0.472546850355407
-5.804372829772224	0.4541975369445776
-0.8376105609025073	0.3786036579948948
-0.8504650997287535	0.38180995508718535
-0.8449653476696095	0.3799545076316871
-0.8302779839543103	0.3701735463638531
-0.8443481917840524	0.37301893936596053
-0.6350771648028709	0.3527722576855443
