-4.794514671897414	0.5164509793194841
-4.405197043516514	0.5027061505286928
-4.344753245107041	0.5040996638953912
-5.8852552819508865	0.45715844610892475
-4.3285699094084125	0.5065396644058561
-4.017727981385794	0.4737006330348706
-5.797189752116475	0.45438955767432027
-4.255827643483225	0.5079848148680286
-6.949631412640201	0.39751859396798006
-0.8366964434042105	0.379542578826971
-0.8614418579703181	0.38488192088489354
-0.8565576885213102	0.3834956545477042
-0.8608903097472659	0.3752384001307302
-0.8699658459250017	0.3782172856091227
-0.693246658557918	0.35906152813524655
-0.9175189173623695	0.38888086675944644
-0.5649270092513561	0.3498049697697931
