number of atoms: 15
number of fields: 9
Multipoles
---
0 0 0 | -0.5760907756637774 -0.05010525625874787 0.05026660966546285 -0.08011072305995653 -0.044762841120974825 -0.0921498238919782 0.041052522898658454 -0.04975935592944743 -0.05847192003390941 
1 1 1 | 0.1319959933362771 -0.019681800979649767 0.0146469832187503 0.16493913126507065 -0.024133279504717442 0.10474890578395844 0.013327072930688594 -0.0008425843321258911 -0.009314682651844068 
2 2 2 | -0.051333244661339705 0.07447807622399898 -0.048306841097351644 0.0465442642981163 -0.151695541756251 -0.20853851906366064 0.04662631212969132 0.0921819608915517 -0.15146387870065658 
3 3 3 | -0.33599823554292385 -0.03221417189824338 0.022671848083190397 -0.03668167220640505 0.10910788561955433 0.23499318515562467 0.04716291766531199 0.16641765646038006 -0.025885618913513646 
4 4 4 | -0.00720686509433488 0.0724188296908694 -0.062261826735237676 0.04041236795042022 0.05293452181387557 -0.2649229205167196 0.13917488953902354 -0.12169953333185331 -0.058970243405917146 
5 5 5 | 0.4233191943776342 0.03420735486977957 -0.05340635379618992 0.04316681290164881 -0.06881736798989888 -0.13859575201395083 -0.1777297188534228 -0.18154820444822983 0.1961412281586869 
6 6 6 | -0.4235104007146102 0.03218616511433189 -0.036283973955709675 0.03165606833524017 -0.10917433109388845 -0.09012946795289384 -0.1835603773926659 -0.10165986170112168 0.13227588006090746 
7 7 7 | 0.09604902837147122 -0.12570389714961963 0.08605988107786378 -0.07931027960785414 0.09901171680349337 0.005452063758899303 0.044430683888847376 0.14401511225077263 -0.02151278596926045 
8 8 8 | -0.5792583684916597 -0.011795086721554222 -0.07071624774248741 0.11503012799532221 -0.003256657022944807 0.008799202544586793 -0.02292244064103872 -0.05382473864119212 -0.16666350286519901 
9 9 9 | 0.4496211254605993 0.012703198820335276 -0.01484927726509308 0.007098330187043651 -0.007601723582947106 0.0009416666794537028 -0.002945083889200909 -0.012263920484062135 0.0014790312224333224 
10 10 10 | 0.13368916196874403 -0.042818808084735954 0.04400698834119281 -0.019272297412574715 -0.008842822671345655 0.00826773388760997 -0.006719470299057487 -0.018928862492638605 0.009352370562312844 
11 11 11 | 0.14571769891214625 0.0489079270459486 0.029915899547670773 0.009238891912706205 -0.010883237051492014 -0.01870344507062838 0.0015647013945542946 0.005511137278179427 -0.008840986270179579 
12 12 12 | 0.04696751751892336 -0.06536120357070001 0.006304312197531927 -0.034394564581715754 -0.016259520388833736 0.016506714026470103 -0.016201546545417545 0.014553430422612207 -0.00580977299798762 
13 13 13 | 0.11064371550025043 0.03835100954428912 -0.04379105915716817 -0.03125302473563181 0.0010918474072299895 0.007902725719990495 0.015011826750871562 -0.002400558569244775 -0.009635915813952196 
14 14 14 | 0.43476708198753033 0.009355094264732527 0.010959212162395137 -0.019100933376091513 0.01123586170994036 -0.010279138622399216 0.0027669615449492603 -0.0034423258178813525 -0.00995247887399383 
