-4.839741458244001	0.5185839312275323
-4.20916941387738	0.49606503206138347
-4.565195235689948	0.5129888612504956
-4.437925720002549	0.5051293400676827
-5.733594657936311	0.4565823290876456
-4.182783944944054	0.49921826033662187
-4.839058637989785	0.5174219548108352
-4.044543270480798	0.4772656790391529
-5.805632132091029	0.45473325887436467
-0.8563885403274577	0.3820505013636763
-0.85156205513327	0.38300634513032805
-0.8406755689997035	0.3807859572939319
-0.901158933304672	0.3774242384686522
-0.8654315594666632	0.3811702536720841
-0.8654207736484084	0.376754739912671
-0.8786246953051967	0.37837361312656514
-0.8501944032115387	0.3806916575392
-0.8344064493854981	0.3782506689004072
-0.8280591402133595	0.37728565750829246
