-4.779830927243967	0.5187170564563276
-4.472812026730621	0.5062970843383997
-4.390227930837073	0.5056319827309094
-5.942840945317286	0.45798545085411363
-4.160263762700032	0.49332773080929154
-4.830326878174322	0.5184621620159331
-4.216857605333991	0.5005428208952468
-4.450688975464193	0.5053040717141161
-6.7207873816902	0.3915656852269493
-0.8584509629474929	0.3827623748018502
-0.8610468360218652	0.3840281441808378
-0.8627318212528069	0.38467852731231345
-0.8799653208243869	0.3826364981135285
-0.863130747256317	0.37869824041051386
-0.6559671434271832	0.3493119839030188
-0.8343191420109807	0.3792106580972355
-0.8601945486346556	0.3847561228456995
-0.8486382778255941	0.3822838313755114
-0.8754554324073209	0.37996511543471007
-0.8758520055567323	0.38004289976531963
