-4.769037333626119	0.5170347331336099
-4.558666393375757	0.5056081955657067
-4.366922905877608	0.5023043996135313
-4.52111064876638	0.508040547993585
-5.733684072431517	0.4479628379029737
-3.9529799939514656	0.48063820795733636
-5.991551329298481	0.4586583293192371
-3.9425053251508237	0.4827251816549161
-6.817145706423839	0.3944335257151982
-0.8609015759847618	0.38330296182357004
-0.8569012473021765	0.38211785893880484
-0.844564962933327	0.38113929740428487
-0.8375674496403381	0.3751313380072899
-0.863261912709072	0.37548938913028485
-0.8432555709968836	0.3739031702594895
-0.8546953369606944	0.3771174201600705
-0.6561368576351265	0.35645133616742175
