-6.988127437607707	0.400007225021651
-4.114053264145007	0.49436526913217704
-4.613048801348822	0.5175373558139732
-4.6742688765306655	0.5186039199225652
-4.472489259638153	0.5099206382495757
-4.501579338226203	0.5078697359433654
-4.428096134561244	0.5061096417017048
-4.686620392616596	0.5188067426457573
-4.687917331057058	0.5188053419080387
-0.5766990647889908	0.35214401555272407
-0.910808341570239	0.3806669700863872
-0.8424373273908157	0.37724298987806465
-0.8325342330726371	0.3750242882957047
-0.8677813765883453	0.3847189450859779
-0.8637599428571652	0.38086921071838814
-0.8733220376247524	0.3798910311489543
-0.8808365799395239	0.38201802706340443
-0.8431613787109465	0.37752126703173294
-0.8433235098081365	0.3779938954069375
-0.8470230434503689	0.3790590506168696
-0.8462166379457536	0.3784263865230563
