number of atoms: 22
number of fields: 9
Multipoles
---
0 0 0 | -0.20028862451135332 0.03179505939581321 -0.0048367252373518015 -0.1485941982918336 0.006459428156058639 0.0034574427752388035 -0.04734283927474116 0.013483980983395006 0.012625003058546403 
1 1 1 | -0.3744303780803335 0.10431189782146201 -0.028414876906037913 0.09187166007491991 -0.25790367208502935 0.169517095157494 -0.14872650650309052 0.08995499720034235 0.04160994229922209 
2 2 2 | 0.10241273791030014 -0.03500301805836241 0.04810494114914534 0.013292287775502619 0.06705578981867472 -0.10411010649176272 -0.08164065238775421 -0.025156436667664067 0.09101412474004768 
3 3 3 | -0.3237058178328569 0.02273174328943908 0.027797106599493675 0.011690096875722972 -0.003454708943628383 -0.07560426367060133 -0.0830707209764729 0.03819601461094112 -0.10153983037765937 
4 4 4 | 0.10956783193203101 -0.015785764050821532 0.012020687716807357 -0.04696108884131722 0.06834208396311477 -0.013222667961789196 -0.05142963578872447 0.009485181912667322 0.09673678047556634 
5 5 5 | -0.44939744320374775 0.008361913917104074 -0.054364799333068176 0.050803406217635655 0.05483195625295177 -7.355712094105627e-05 -0.04272794347493355 0.029003797125178553 0.10446509392346652 
6 6 6 | -0.2768271575929697 -0.019928720904545946 -0.021067704537936258 0.014025613639259228 -0.15958979709141713 0.054295101105769614 0.12934019663242674 0.028362161828693975 -0.0659708620381973 
7 7 7 | -0.21093621797316242 0.03966605622880272 -0.03853882934899658 -0.01877406033199095 -0.018541648582869153 -0.00504775581742326 -0.075053559900359 0.10168788937371799 0.13263199883144478 
8 8 8 | 0.04533777495044777 -0.08518980471784318 -0.0035393586487622954 0.023057441565814865 0.11337164905069569 -0.022211610381851758 -0.015454703803074359 -0.05958674463779394 -0.07160780770950997 
9 9 9 | 0.11359369084651338 -0.017395201478915115 0.05279313633128201 0.0021386394729991194 -0.007784933117011287 -1.9054241869125752e-05 -0.00168474574617851 -0.021749259345733463 -0.013086268653326008 
10 10 10 | 0.11287081052254844 -0.042260035823777804 -0.03621368298759633 0.0005678371680791117 -0.00951272873061803 -0.00359229360629492 0.0049038767473680665 -0.02202795858861904 0.010435982092741823 
11 11 11 | 0.08036996302504618 0.04900256080165707 -0.013555804522620713 0.014574012694507718 -0.008332917144790468 0.0010743856349370434 -0.027522495730453452 -0.010284896205172846 0.007042836012412915 
12 12 12 | 0.09606868222492226 -0.021312313466088147 -0.05213665107435224 0.022737759552365296 0.009038389799781537 -0.017512020508113388 -0.0030364813451964 -0.008166206503464061 0.014365316784693983 
13 13 13 | 0.1284043863389981 0.025106209028701667 -0.030133435520842373 -0.024912657591414755 0.001890836102321099 0.012412108419709338 0.0061850910188244665 -0.002524488067437087 -0.018798041371305113 
14 14 14 | 0.14554449730010866 -0.04556973984334284 0.015405926631538102 -0.0023318767553226617 -0.016518468817452066 0.013711420034582896 -0.008256509062674425 0.002193957017179417 -0.010201183521553176 
15 15 15 | 0.1444984727658949 -0.04578689943191364 0.010793590752556823 0.007976879230619127 -0.014155498915139899 0.008240658789945407 -0.005168764677011644 -0.003786582549317421 -0.005762405070208745 
16 16 16 | 0.13323364152909634 0.03152237872678669 0.03167456432856945 0.013086567862388472 -0.00394918818251403 -0.01366002033366933 0.0015072091855158208 -0.008608453952532225 -0.008127092084863051 
17 17 17 | 0.140475000963318 0.010954541212922641 -0.02761404215923545 -0.035976542639049584 0.0019221302559234248 -0.00023223533473298286 0.005006462650295219 0.013515291311742885 -0.013508439087156113 
18 18 18 | 0.11567562143197307 0.008219906622988974 -0.0395126504312582 -0.02441482460790674 0.0032871907124274605 0.006020451658223208 0.008763498101861935 -0.006751275817303413 -0.021892889996813335 
19 19 19 | 0.13053768058534632 0.027746390570511904 0.0377354638919527 0.010743731665948756 -0.008402285234850898 -0.018223726087887835 -0.0007354848216253919 -0.010812970788479969 -0.0031769002446021635 
20 20 20 | 0.12850134366445431 0.02868889143191504 -0.012557625296338743 0.04125650379924312 0.005567489620432376 0.003790688569709313 -0.012294453335817381 0.006736838516021778 0.004838239853474585 
21 21 21 | 0.10669359761215014 0.008293667497389322 0.05415737042477799 0.018243265340585433 0.01785907891071502 -0.004203039787026019 -0.01053609516024361 -0.013014745302662556 -0.009797662234499212 
