-4.860710299228658	0.5202146752371698
-4.172180972435552	0.49380693144412274
-5.7659225095324365	0.45663764717339794
-4.366862776681712	0.5008868564296671
-4.55298860166071	0.5111778239329268
-4.3081699018233595	0.5029939800540376
-4.588214207716794	0.5118170912661374
-3.8943123517175486	0.4803330889842525
-6.8528222134918515	0.39621932191314513
-0.8510675875176923	0.3812109373900063
-0.8400129679842511	0.38108259199055006
-0.8502060478195854	0.38333677237411246
-0.8976643053504412	0.3795793888195555
-0.8820638793384712	0.3804846113509485
-0.9030072770803403	0.3842129025284187
-0.8196134710774534	0.37315023893429283
-0.8464453705337337	0.37730169550666653
-0.9739937646889351	0.3985007142700296
