-4.8057783220187265	0.5210339401772741
-4.372293392944459	0.5030680119804865
-4.528061807356008	0.5133843035195402
-4.687958295582759	0.5163608851193092
-4.182918314708578	0.5001305546803946
-6.7519684827728	0.39185559616335275
-4.178828143182103	0.5001797302131806
-4.703522296158843	0.5189577566576571
-4.517196750386376	0.5121892238644464
-0.8645137648273553	0.3836705730638125
-0.862124340882749	0.38509831580991
-0.8644265396636138	0.385034768357831
-0.8924488845893441	0.3809996865023502
-0.8760056842144233	0.3822570103630752
-0.8552317954668052	0.3802631813043167
-0.8565629096848472	0.37855725915526056
-0.9043788370030749	0.38181563828276244
-0.9040051179116819	0.3815698066430903
-0.867565003153484	0.3831002039370536
-0.8504147983446204	0.37889352798222004
-0.8743307743447087	0.3814720585278466
