number of atoms: 16
number of fields: 9
Multipoles
---
0 0 0 | -0.5584612266791691 -0.047517966702924595 0.06279426122360658 -0.10013519615956697 -0.13828744604629567 -0.02853573094188887 0.0723812218472063 -0.02325091421669898 -0.0742800435476681 
1 1 1 | 0.06791824465348029 0.017898033477200568 0.05265422488552633 0.17718583987627645 -0.05644148507675034 -0.0272601780130933 -0.04739949794905932 -0.024988080787253994 0.046906371890139555 
2 2 2 | -0.0392697730103988 0.030966526606493502 -0.11657757985567503 0.1135384908752655 0.0008732740826608594 -0.01760185070542091 -0.0001165169388825897 -0.03745123681886653 -0.1260538373912934 
3 3 3 | -0.3019342126952722 -0.08094353534698052 0.008733323887841525 -0.06719251816277395 -0.009144570577058562 0.09052606686953904 -0.09407134869076314 0.05545937063807171 -0.11895560822551153 
4 4 4 | -0.12754285977493307 0.1344094533578916 0.06702009751232092 -0.025091597798494496 0.07037504972812733 0.12944098679860136 -0.021477327454463093 -0.05098828065035356 -0.045551825393219975 
5 5 5 | 0.5748921341573752 -0.017011197057500763 0.08530394041788317 -0.016057676156264897 -0.06740004643001271 0.12159861126745629 0.19369897761286317 -0.05237473999444953 0.025197745880622322 
6 6 6 | -0.7721663729186963 -0.05036413063688567 -0.009158507552358308 0.0446534822860672 0.07437450368343793 0.007844449931117534 0.12953941534892266 -0.12937641992752452 0.2362377109333389 
7 7 7 | -0.31732633093970897 0.07583088995853068 0.007811867132859991 -0.045953546030144295 -0.020795415799544744 0.0849353532089673 -0.023522916159714337 0.00010820463922382449 -0.07225107448112471 
8 8 8 | -0.009084479420067737 -0.11879654955588666 -0.02548899981526049 0.13370290506107455 -0.037475886611943135 -0.018265819339410645 -0.10623817713049102 -0.06398808834233657 -0.03515853109370375 
9 9 9 | 0.44284389657324896 0.0026270490343993703 -0.018546285639084076 0.01026053556294135 -0.010158627560017048 0.0020231158249010275 0.002324877642383913 -0.011912030634091325 0.00840786026952833 
10 10 10 | 0.12661706997519062 0.028576077246812017 0.0486843185314679 -0.03137756072680553 -0.009772650584054892 0.004604524497456383 0.01504207612105672 -0.01479508927197908 0.019017067033776147 
11 11 11 | 0.13104710354849958 0.027925444074717847 -0.019845937762408974 -0.050964674637732424 -0.0076917442098619684 -0.010461264693632061 0.007794020390393244 0.011519522740570264 -0.023077395991076544 
12 12 12 | 0.12465284700983514 -0.01047286196031685 -0.025790632652709474 -0.0504429347157952 0.022097810625336906 0.006656881654025132 -0.012778547892636504 0.002994753263895434 -0.012045944583889218 
13 13 13 | 0.16516166836095325 0.0075011183813687085 -0.03216883827799541 0.04926484741283243 0.019837592362961582 0.009242727775671585 -0.005316014862162209 -0.0013506893327564556 0.003816159543606762 
14 14 14 | 0.3572837658187952 -0.01965685251588178 0.012634941874008866 0.008617756837768832 0.0016293553161706544 0.014769421428950002 -0.0026461748241076418 -0.010950808445723293 -0.0004155121344456385 
15 15 15 | 0.13409272633640024 -0.030971962797365978 0.022056173305935765 -0.05149667399188799 0.016876342821644345 0.003552678374881081 -0.02229066302871676 -0.004880428808971655 -0.0037181356378349815 
