number of atoms: 19
number of fields: 9
Multipoles
---
0 0 0 | -0.6153442052026037 -0.00868779323314344 0.06279130098709518 -0.10355332737166711 -0.13695909950200527 -0.04863519557006432 -0.012601518518367714 -0.015553013767624415 -0.06722456173430506 
1 1 1 | 0.16824582242489505 0.012938527801171903 0.002348715958059636 0.1680479045224725 -0.06065293268455809 -0.005521820685855831 0.033317784363204817 -0.013466984731004371 0.013415284954478955 
2 2 2 | -0.20004757560363817 0.043973629193983524 -0.06354914808291719 0.028127527232649736 -0.11094324252618827 0.03626722562115624 0.004509485295847883 0.039559475614030205 0.02079524091379442 
3 3 3 | -0.17476442756298027 -0.06634439571673889 -0.05014905833113885 -0.038233358104443046 -6.049040083603249e-07 0.020575025404099938 -0.06811969275784113 -0.0021976187472442592 -0.009641821845851101 
4 4 4 | -0.2742027037956287 -0.061816661975567545 0.0551286835254222 0.0022750289629006556 -0.04500673440595291 -0.002776887230740368 0.048810684629090134 -0.14189041391496837 -0.01454726628844739 
5 5 5 | 0.07218260303896162 0.014948863968322448 0.07706892887294997 0.10116654970555058 -0.1856437656870556 -0.04245774244293153 -0.06477664397763838 -0.12694750818040262 0.04778221540809848 
6 6 6 | -0.37546055169866577 0.030802942893029348 -0.011027573761239404 -0.04256741018744944 0.1336656085539435 -0.1096905724810315 0.09286710106264694 -0.025664767635925127 -0.05534725615553112 
7 7 7 | 0.09851009925005272 -0.011016840165079977 0.09175244278672741 0.07889706011015575 -0.039713420158667787 0.05141769410199845 -0.09391379717765054 -0.16205963723122382 0.10340665321265555 
8 8 8 | -0.27475840950878183 0.044405339283744176 -0.038997862248296065 0.021285708185640358 0.05516651030280403 -0.03534044924213652 -0.025747635637669176 -0.12114028080280168 0.00023434374508946344 
9 9 9 | 0.4677949355199731 0.0017418124318265389 -0.019362133119076266 0.007406889454749745 -0.011565123345919163 0.002031653336855542 -0.004331936917902892 -0.007938004789692466 0.008059466763282038 
10 10 10 | 0.10606283164072983 -0.03593428430449114 0.05032705511339047 -0.022654859877996102 -0.015842079577778292 0.000500443536222739 -0.009571999583468098 -0.02461367276746799 0.01811751961013557 
11 11 11 | 0.13397632555715633 0.011264755563273554 0.02293842727274675 -0.04614091450716856 0.018841041765429247 -0.0029375118759554643 0.013664238691866342 0.004684384796022642 0.0025846655471745677 
12 12 12 | 0.11717825509860236 0.04224691780252748 0.01928870027238797 -0.026366246243140556 -0.007612867638743117 -0.019382895502564203 0.009260383299983636 0.006099527197797148 -0.0033582363918131784 
13 13 13 | 0.12033162244587126 -0.01371103125633158 0.016848803635823483 0.04714192263102314 0.0007389672339144187 -0.010337144210133587 0.01615177675682506 0.018595183051700298 -0.016231882310127333 
14 14 14 | 0.13036871970872033 0.007060446397976568 -0.009916063340866175 -0.04813453571540148 0.00267673297562541 0.010570859604691268 0.00893616539122607 0.01413272480582133 -0.013285233352944414 
15 15 15 | 0.12884226849114921 0.030230190638164296 -0.003879240068431202 0.040875892976067495 -0.007537154679717329 0.013663773108092072 -0.014064381780025571 0.010025944671713563 0.00021437208166404028 
16 16 16 | 0.10731989352352855 0.005482335193918614 -0.061277453860190484 0.013815489147125439 0.012143227536365389 0.00619310985977834 -0.01628158189909999 -0.014092619001733094 0.0019915577601873563 
17 17 17 | 0.10852882413709108 -0.05122217143283811 -0.038766650187201615 -0.0034874740441351057 -0.013233124565628564 -0.010114257187697954 -0.00020118942455311532 -0.01006517483169378 -0.014471988303491737 
18 18 18 | 0.15373991361351325 -0.025213490278361145 -0.0019222716834726055 -0.04382082361028347 -0.005547471322188054 0.0033708318661850277 -0.006562640317603137 0.015646364047025366 -0.013575485897163427 
