number of atoms: 19
number of fields: 9
Multipoles
---
0 0 0 | -0.4195294876600508 -0.010114201672586606 0.006230189560059733 -0.08429066660379714 0.05917510850279854 0.0028845026504234067 0.023029636278674503 0.03469739710214902 0.019613084431879067 
1 1 1 | -0.12449646393561675 -0.014183069891544968 -0.030696270189845 0.047058662921891974 0.08072731024891365 -0.05850031993048056 -0.014904492878638211 -0.08055845504523249 0.03036812717332647 
2 2 2 | 0.06822074906806996 0.05908841761674709 0.03664362500964057 -0.12000439593700915 -0.05150346892826489 -0.06687499231024954 -0.04859051349509712 -0.13087901592050458 0.018302532724976915 
3 3 3 | -0.40274844173164936 0.01657958423990429 0.024996926072097272 0.07328572364898703 0.03949784694011539 0.04207161948344061 -0.12207294621362906 -0.04473150965631884 0.031151050393320237 
4 4 4 | 0.2951231146132596 -0.11409282217702892 0.11065967540790092 0.04897671764817341 0.006196573842834314 0.09193486289080206 -0.009663963019676295 0.016074297594882287 0.02999712651043156 
5 5 5 | -0.3793062612422098 -0.02706437619642158 -0.013678338696338195 0.0844098959753281 -0.05867746050603673 0.02209462628778309 -0.04562883303892292 0.047080453672670323 0.13282147979404108 
6 6 6 | 0.014791781580401953 0.04608206183828156 -0.06689670486443394 -0.14026466446335445 -0.09349574361854111 0.035499467955095614 -0.0312552814323348 -0.08993415060428243 0.010744179657362145 
7 7 7 | 0.10013789146552643 -0.130481432392187 -0.0032214911474892456 -0.1235021168599872 0.028705755632024217 -0.002924774299468987 0.020833583224981616 -0.055393073284336285 0.014555227629743369 
8 8 8 | -0.5816148837408281 -0.00682031079292378 0.0074353032856381085 0.12409974472059494 -0.03793282362722532 -0.07992900794369831 0.0112395868212793 -0.11539416799249856 0.0729954344288068 
9 9 9 | 0.1460525191021269 0.01697573837969273 0.04275092406366751 0.011634289985730474 -0.0038678745863876926 -0.004611224193801971 -0.003619983994900473 -0.0153389594792294 -0.01071801887197527 
10 10 10 | 0.14559843619796708 -0.04721207647226259 -0.006326661595531083 0.009200866599704 -0.010070294846486938 -0.004274361305882177 0.015442154220996653 -0.007991781968817792 0.002306143342020179 
11 11 11 | 0.13447934508462067 0.031488729982992084 -0.035416892321941215 0.0069758595975127425 -0.003012112237905961 0.00734198874083495 -0.006637680590379816 -0.017088843942687358 0.006247655064869083 
12 12 12 | 0.07407818118354392 0.023573791050119145 -0.04591776685849535 0.029471306042184453 -0.011910066540426529 0.007972935634153713 -0.01127664110866699 -0.016970151604427587 0.031527920177981526 
13 13 13 | 0.1124834076997221 -0.061809584218951316 0.011629471439726036 -0.009616616797803288 -0.02001178744320937 -0.004482583461679881 -0.006488025379529614 -0.013357915117851225 0.017186820464774658 
14 14 14 | 0.04402871689216381 0.03500834352219158 -0.03108973336638862 0.05333670743444276 0.007896445098077087 0.025645454935571573 -0.011384459304159107 0.011280059167544414 0.01998472626293738 
15 15 15 | 0.0893232412476116 0.009639065449844938 -0.008041797119858052 -0.07283719613255235 0.009749214481794456 0.014452531843707404 0.0008585195156634972 0.01739041357414199 0.001080390901536491 
16 16 16 | 0.12002169454740375 0.04965555225482008 0.022121618731623164 0.028583535958271213 -0.0066289420910444884 -0.0032769271586351118 -0.02604123253199164 -0.015482802028753337 0.0016525292578082435 
17 17 17 | 0.1150244038144227 -0.015621373026449581 0.05011037709773987 0.034676909249915386 0.00225685809396045 -0.00850513895051904 0.020921672577398374 -0.009864528777187078 -0.019351811246286627 
18 18 18 | 0.44691702116410303 0.009293822605206021 -0.011776230686562101 -0.014794022773410848 0.0022592184058487573 -0.009089975603180539 0.01506644764025267 -0.006207129586868463 -0.000587264029353461 
