-4.835641992990958	0.5194565444918123
-4.286424738010424	0.49362601490789126
-5.860197626903037	0.45611171272966516
-3.9610227173523085	0.4804510972880488
-5.992965483065559	0.45044303527184215
-3.8009800700490413	0.4766887699748972
-6.1336790050560035	0.46527759707471916
-4.043421454613781	0.4854202002779299
-6.796941511536594	0.39384242165545164
-0.846569332311503	0.3802210876060773
-0.8413664229719929	0.37939785335854864
-0.8305153744024599	0.37821701537781516
-0.861157556187111	0.37635511879898903
-0.6055979706294313	0.3455099348060476
-0.6629542404395823	0.35789766861767497
-0.9157922124243905	0.3876467454705237
