number of atoms: 15
number of fields: 9
Multipoles
---
0 0 0 | -0.5951915169730491 0.04276920125831458 -0.09635023840449991 -0.08033833459085887 -0.1440816586007616 -0.06713447375332125 -0.07265443396742201 -0.008442924040124531 0.08775427475311931 
1 1 1 | 0.16535724402389818 0.022865656887880177 -0.037432331949687946 0.14215013592250347 -0.034644482038013194 0.004330432234493227 0.07315751552970035 -0.12425602117824323 -0.08975791124596698 
2 2 2 | -0.1407233406492958 -0.00399596676853504 0.011160904697288964 0.03586500780155038 -0.053588210542828 -0.055327206899666685 0.2076644084586733 -0.12028086980514344 -0.2418360810859478 
3 3 3 | -0.29231024309675036 0.046013623416958783 -0.00847578175749144 -0.03236513001997918 -0.05407595007038127 -0.09449335800603602 0.22829293600145956 -0.1193494807097428 -0.15935016255420809 
4 4 4 | 0.5276306082041735 0.02079519403633431 -0.049722677293319334 -0.05402443114973395 0.003440863454986716 -0.13100241807597904 0.2686655838186504 -0.11832146476490622 -0.18215387458558258 
5 5 5 | -0.4713666610674139 0.002012679382037599 -0.040211575165261 -0.03174112928215836 -0.029712285705750987 -0.11862736191488023 0.19310907066697566 -0.07629794113782978 -0.10162433801121808 
6 6 6 | 0.019205994386651604 -0.10799547637040582 0.0005277209605829825 -0.0252166362288781 0.044472229348794634 -0.010323944253441577 0.21897185291881158 -0.14523848071080614 0.0071505949473185185 
7 7 7 | -0.06885536867875786 -0.08105915892498992 0.016847071824971544 -0.07333335314801628 0.13161979280781394 0.04072001960079008 0.18210681956792418 -0.03251149518953527 0.089489359420849 
8 8 8 | -0.2944463878372563 0.03238711461104171 -0.0092498696223457 0.02152651604561919 -0.04902438612010947 0.13727779614959162 -0.019356076008878228 0.05485862944780264 -0.16162575460124048 
9 9 9 | 0.4210391089851966 -0.007269259299492262 0.020248554956901133 0.010863052466247136 -0.015477342359354416 -0.0073075754892144365 -0.002848677892080068 -0.009400783829685492 -0.007470073901700116 
10 10 10 | 0.09979479311569595 -0.05325682113030335 0.022523934916630454 -0.031951283581787136 -0.013682351650755398 0.01604574963835462 -0.010089649879724725 -0.013579218415912316 0.003115386870254354 
11 11 11 | 0.15785825950004706 0.022750380443199787 0.05007438107671864 0.01336128465172177 0.006207501167663753 -0.0006752229589308174 -0.006145085714770462 -0.0012531388186447058 -0.0033667321468108437 
12 12 12 | 0.18985368030665617 0.044428709572240904 0.006756369001360873 -0.024981841411616384 -0.004896816343756791 -0.0004855439132370255 0.0012724302622883804 0.003908675845045105 0.005000312982913511 
13 13 13 | 0.13892418428488706 0.02672423899198194 -0.053197828020577986 -0.019867735134588154 0.0014884596994893006 0.005638295644153763 0.0105192244524905 -0.01104019415714079 -0.0009032553051429825 
14 14 14 | 0.1421392589860837 -0.026561525821337605 0.018954905126552048 0.05317641121740037 0.006613069921274787 -0.00547563001860289 0.013204464862815648 0.004579884218618546 -0.006314519681026244 
