number of atoms: 20
number of fields: 9
Multipoles
---
0 0 0 | -0.5106374747982114 0.013273123989466775 0.007162183671942923 -0.0528275864995397 0.029405345504896162 0.045015805442924446 -0.02855421628597119 0.03507479154560328 -0.08048898953245452 
1 1 1 | 0.21925465270998945 0.05791213617547885 0.0780383933465436 -0.033491466762814955 -0.03721574684829228 0.02802973702184262 -0.04851034570228772 0.010047904456501567 -0.00906379143279532 
2 2 2 | -0.21555445601910606 0.043763863617570266 -0.0004404010479334957 0.03794661715454591 -0.04726963059172373 0.07961235079158757 -0.08584319668798064 0.14377881105209114 0.14290910405983115 
3 3 3 | -0.2639694622522395 0.04133144456893652 0.020670549533066795 -0.02891747542766497 0.0044088630132206276 0.032211439878865884 0.06391125817036801 0.21956315007492438 0.10420905823859934 
4 4 4 | 0.21935079263959967 -0.012604989299574461 0.12201049477563664 -0.01949722498832282 -0.13820252645041298 -0.0016005440568130692 -0.011318523081916611 0.0921920264754289 -0.09703792636752422 
5 5 5 | -0.6108230778415571 0.06979675664012178 -0.014988640423206445 0.10952074747251968 0.003830511347374035 0.048021909062752575 0.17227359702888834 -0.03563151584640635 -0.10766591443722062 
6 6 6 | -0.015304671714230444 -0.0198337302949232 -0.030305898172596105 0.06869655040243261 -0.022001473714713646 0.005559122228316807 -0.04104033379509645 0.06883678804788725 -0.16294546840566132 
7 7 7 | -0.1726827779896194 -0.0024054145175343264 -0.08746120938793887 0.03664574694385605 0.04266595660102112 0.006560727104084563 0.0022612015057531395 -0.06216018032125639 -0.17184974711241807 
8 8 8 | -0.38350788513411427 -0.1355387782826631 0.05886827632152728 -0.022163639111127842 -0.13675948283258 0.15698282337071823 -0.07400080430685964 -0.04057980928096853 0.17545068979299153 
9 9 9 | 0.15157895449060144 -0.004009554122646223 0.044587311086863056 -0.0037402571002819692 0.0012478537443773585 0.00495155308263075 0.0004421617629760605 -0.017134666410694763 -0.002592118469424416 
10 10 10 | 0.14419934418902502 -0.033894170029661434 -0.02466436367611093 0.01935850565599279 -0.009661918552200088 -0.0023596568472050578 0.009805544842918006 -0.003992137664384331 0.00903922412749589 
11 11 11 | 0.1609171019758291 0.04431917267451719 -0.01138321567571846 0.010035718632778606 -0.010284346250727138 0.001718324063599105 -0.01090105395647386 -0.0009568813400222504 0.005174673042448627 
12 12 12 | 0.09669875749132073 0.014648611592850292 -0.0564095425244597 -0.0025887792924217086 0.013791312639641886 0.009541497586873442 -0.006220335363391972 -0.02907261339648553 -0.0028937917343668826 
13 13 13 | 0.149446016941976 -0.042643049263497323 -0.0032377177867065694 0.027480918449063318 0.0012535154219394705 -0.004140367860033294 0.01869001924607674 -0.008455675007360573 -0.003920453215035669 
14 14 14 | 0.14758331208245856 -0.04715024674478575 0.009325218285987109 -0.013794534052826423 0.0025897583404869214 0.005339654039555925 -0.018374786541911523 -0.008287663346704426 -0.00027857571383366707 
15 15 15 | 0.06922242806378853 0.006790355381946351 -0.05477773032131857 -0.031023293894251885 0.008687287146834678 0.0035335277379484643 -0.0015957045937039986 -0.002015606211877598 -0.03187654519002472 
16 16 16 | 0.41072322008594775 -0.016460779516470847 -0.0007682073408018844 -0.015294448121445868 -0.009293416308640971 0.011144436855602527 0.005045379259046884 0.009410669240360044 -0.013877290464270876 
17 17 17 | 0.12025923823918194 0.05110805277405416 -0.010397162840804738 -0.024592767722315733 -0.004514326988426535 0.002123061619937632 0.024848772353355565 -0.0059625242518902 -0.0055966426850233755 
18 18 18 | 0.1358251557420751 0.053133568204351 0.016940686324423353 0.008710010292897887 -0.005024030302291006 -0.016406359050592387 -0.0016107278444597016 0.0051867228111773436 -0.00747329787603766 
19 19 19 | 0.14597847044723222 -0.0517130020000198 0.022317114663303553 0.004235758358456021 -0.006992494369148629 0.011676918725799929 0.0036672821257287083 0.005386811017098861 -0.005096225926907501 
