number of atoms: 18
number of fields: 9
Multipoles
---
0 0 0 | -0.21108617721469347 0.0040692581143520964 0.0018770644104840676 -0.13938190603688283 -0.06060716060746092 0.03167965017027654 -0.01322425235587446 -0.007369529693713676 0.009513189966815569 
1 1 1 | -0.2914159755481265 0.09508535267508046 -0.03739582073634661 0.07995848438094454 -0.20541983237866418 0.1403563061680013 -0.05316933867027587 0.12647993707224447 0.025391980698940612 
2 2 2 | -0.23060435275383462 -0.06573398859445644 0.04230058427875308 0.08142730188953097 -0.0019660629533115375 -0.1039133426485637 -0.05500211027686607 -0.16148198493704125 0.09451904214308665 
3 3 3 | 0.5147455116885071 0.008392761267953436 -0.009402763444969896 -0.07496305538449706 0.2235956263098093 -0.1673305784974426 0.24163399446212563 -0.007223521121635043 -0.09014015862059259 
4 4 4 | -0.453018096313647 0.024066818726932955 -0.008518007140011568 -0.05914205647807982 0.16039017217937795 -0.12595265269374775 0.15254004239195354 -0.04972148376256011 -0.057252263286777 
5 5 5 | -0.044188977796787654 -0.09602035057574769 0.053701543667109795 0.07801265348059738 0.012217857353249244 0.026001362719790637 -0.08387968891574803 -0.11001921767234804 8.297407583732631e-05 
6 6 6 | -0.24721152751866882 -0.003958707708784453 -0.001823820168235112 0.08033677237277195 0.04520455805971681 0.035340294581784754 -0.034698208138966305 0.020235154519836006 -0.014286951390068425 
7 7 7 | 0.06206695931081718 0.013904930111585449 -0.11618113489126916 -0.11811528317722711 0.14571041259566547 0.05948383794048217 0.05418208567931223 0.0662682341914432 -0.31211446644342544 
8 8 8 | -0.4292325097682017 -0.027364123534604264 0.11089254359584223 0.10857570083835655 0.1469060679230164 0.057485331663266394 0.058926208416134655 0.03788855546854502 -0.2798911535743048 
9 9 9 | 0.13795757922159457 -0.01057390693573046 0.05650241545359195 0.009625918912710772 -0.01072804832369774 -0.0012115483458618867 0.002095838752039773 -0.01469033615038912 -0.010284515542157827 
10 10 10 | 0.1222479804270502 -0.04335154759239314 -0.03482884914176952 0.006138206363817468 -0.009579558167149692 -0.0010974231701558431 0.010269080087238957 -0.02065288478909443 0.00790141408604035 
11 11 11 | 0.0703379881477244 0.04584429578137767 -0.016760063065883124 0.013135919490063376 -0.022903417478698625 0.006951837208085703 -0.01913663159784679 -0.026582425661052907 0.005268780455694491 
12 12 12 | 0.12723082246570916 0.029400169369944905 -0.028023058178555823 0.029028890904156366 -0.00689907384628647 0.0030395928400038575 -0.018491661275865427 -0.005786777943099387 0.025092495103724136 
13 13 13 | 0.1459015436149549 -0.0448272424844911 -0.019010473126633076 -0.023127772282893713 -0.0007237158762992239 -0.018148996948908824 -0.012771977015087404 -0.007648614686283704 0.00769342273276103 
14 14 14 | 0.12268482484189192 0.0385159361007736 0.012661198789323555 0.033132985998396376 -0.015204780159700126 0.0033614793015616646 -0.028638555541858696 0.01107784034848878 -0.011558546299008855 
15 15 15 | 0.16519433838250708 0.041242010659710275 0.017101849007152132 -0.028449232132928874 -0.005996330338834444 -0.007544007908100953 0.008598856211849559 0.013936681744131797 0.0047232232826955895 
16 16 16 | 0.16387365082329963 -0.047564425885181186 -0.009707154104276194 -0.019095832572216805 -0.012019034206872241 -0.011996568830445462 -0.00794868447787542 0.012213668365135766 0.004367951562720128 
17 17 17 | 0.2728877541661967 -0.007521127994590616 0.03633245505433365 0.03805854601899838 -0.005850917311487976 -0.001971303190103755 -0.0021261723045132115 -0.0011881727030120682 0.011077902036115252 
