-4.8676668181096	0.5225607751460561
-4.231263412379778	0.49697465687349157
-5.976178583858308	0.4513313618520679
-3.691037883497649	0.4756099049380361
-6.956670515162802	0.40094107462954603
-4.332329084907728	0.5009357052929714
-4.726915956899949	0.5150823424109524
-4.22640079626815	0.4987389459400192
-6.736829749917036	0.39095752582856697
-0.8267436236256112	0.37784307446356014
-0.8513527747427349	0.38257594212728646
-0.8510098884553388	0.3830381097980914
-0.9060914349432001	0.3834200704642415
-0.6335397836203689	0.3495096686364974
-0.8656550531305462	0.375275898071372
-0.8460178579511338	0.37768054616954966
-0.8408230474508515	0.37655699555555555
-0.8939793644596543	0.37895168081795116
