number of atoms: 16
number of fields: 9
Multipoles
---
0 0 0 | -0.5858482271615983 0.011967477414384777 -0.09821720193895606 -0.09124894877641433 -0.15679646736533115 -0.0006530162710907504 -0.05416108846132111 -0.001881417734102377 0.1001154159513483 
1 1 1 | 0.07679679126313044 -0.007147526960552514 -0.08182397462180664 0.14007291112969633 -0.039955589542557124 0.043235772912868536 -0.0692966755091296 -0.09262487708749144 -0.06462347517981588 
2 2 2 | -0.46558017616030956 -0.0003610584123233995 0.037984448495753324 0.03806549437545665 -0.06941622239414319 0.013709948782096953 0.03232360679405833 -0.12452912963293264 0.004247840991402677 
3 3 3 | 0.5652083335014657 0.02049624243712707 -0.05398603194313736 0.012542177226522271 -0.2223044668177154 0.02364758765382265 0.07662940678882123 -0.28518717575742064 0.06281893408650674 
4 4 4 | -0.4776191087156718 0.0003289013341744685 -0.06339138353338442 0.013525506306352061 -0.18050834119702566 0.02093701700961466 0.020460909983611688 -0.20789812601871138 0.06177737989293956 
5 5 5 | -0.1517443454288836 0.022634693436245395 0.16119353977065878 -0.08101287441112189 -0.10795611247350104 0.060306256445253996 0.010632891382631933 0.014511458156984696 -0.0719863645615262 
6 6 6 | -0.33671419301935757 0.01352097781720271 -0.07440308516858822 0.05014876484295336 -0.027582387514124698 0.08958995933409641 -0.053862446906074155 0.049676989404366906 -0.007197232845555075 
7 7 7 | 0.5443811530235116 -0.09498781352146468 -0.020951148143255743 -0.040158354549499786 -0.046855187614033324 0.05068615424408414 -0.15168072937072707 -0.13488845425302398 0.13853538255421954 
8 8 8 | -0.775194226912638 -0.009976792245717979 0.05934071408827655 -0.04015186551310331 -0.15048733063908395 -0.18604526872855626 -0.10238411152178829 -0.14196297889200415 0.07518095831726831 
9 9 9 | 0.43381590545155846 -0.000634328707973993 0.021624879978227315 0.009817435940042354 -0.014423558663556884 0.002293369086199824 -0.0062115132539172155 -0.006526953507816298 -0.0074406927042504145 
10 10 10 | 0.1260444548932721 0.05204889625779904 0.029668368159331462 -0.012155252987464374 -0.01713391657218394 -0.017155371044857624 0.004966065252330251 -0.006753462775921919 -0.0008084548569058953 
11 11 11 | 0.18845569908103776 0.008820746551693922 0.0019760486852696286 -0.0467613088751333 -0.001554018925666365 0.004532438589174256 0.005702713624833256 0.013582069985116262 0.0027435776027191217 
12 12 12 | 0.19662472429675826 0.02816705460813598 -0.022914945127671907 0.02986927648568654 -0.005906811248238769 0.01326667934217925 -0.0031613971914915416 0.003901983258004561 0.007815079921971186 
13 13 13 | 0.15762455226341643 -0.042899975253097654 -0.023373206834663148 -0.033595628938341046 -0.014676352530342017 -0.0035254075156712582 -0.0004032419862374534 0.008656296436394258 -0.014715090805113839 
14 14 14 | 0.14405430796142338 -0.011208748179158656 0.012517370823694147 0.05748240484304363 -0.01171204215161454 -0.003712318856522031 0.0019128293045444613 0.020313369541411594 -0.014986471130262205 
15 15 15 | 0.3582856362581105 -0.015566484117332547 0.015157680447678163 -0.01110990263111086 -0.014359317524875834 0.00528866403878853 -0.011018075637625642 0.004012035587997929 0.001536211336171206 
