-6.964432164639133	0.3985691397794614
-4.2760514885326595	0.5001169437325966
-4.834215688716488	0.5151672640194822
-3.790024018385862	0.4745923927740014
-6.857737271360683	0.395657781526112
-4.510834735075213	0.5066152858666132
-6.73131659208369	0.3879592252431008
-3.8010020526462185	0.48026524175680624
-6.132421864197038	0.4656473779961932
-0.5661840945484439	0.35026201686342323
-0.8739555451067312	0.3756976514598632
-0.8115443009189636	0.37447820413080296
-0.8033752757032435	0.37142000782014384
-0.8423754477365855	0.3738054455933189
-0.8559456920385768	0.3795831392826421
-0.641714363741891	0.35236868516496456
