number of atoms: 18
number of fields: 9
Multipoles
---
0 0 0 | -0.44361710346948424 -0.015545268376560227 0.018436169404723753 -0.0699974990479266 0.07648305314498313 -0.0058408442879863375 -0.006007990779545641 0.06913490636162536 -0.02307878578807416 
1 1 1 | 0.08255503055660895 -0.06380598068073759 0.06449894621832791 0.0666998323210996 0.13951488665086906 -0.012609645223019505 -0.005737304582510834 0.1008972906344054 0.03662612815559563 
2 2 2 | -0.5556888036669738 0.059780515047330306 -0.02358882792337064 0.010571981338927942 -0.03192345319361291 0.2822661062261492 0.05341106018212795 -0.06745757390897289 -0.2551659881117789 
3 3 3 | 0.02126011365201208 -0.056134806646914184 0.105044637047715 0.06270867564547054 0.07913587857116314 -0.1486286256288929 0.05165486658880417 -0.03038005417343492 -0.08075080534385345 
4 4 4 | -0.42941781974892024 -0.056519145376709816 -0.059095823915715585 -0.02400881357495912 0.03452910574664079 -0.05981101096056361 -0.0024104564377533653 -0.01803672000200694 -0.06291174999303441 
5 5 5 | 0.5268056523732492 -0.021772290811666796 -0.023024068160938313 -0.07070350428523894 -0.09226819533091804 -0.1631693655677075 0.101739677692382 0.20820178854672625 -0.17757135733315416 
6 6 6 | -0.4762145887379532 -0.015034008036453737 -0.028341606569816446 -0.044802337792939365 -0.09288970458414417 -0.09818315045518829 0.08825683337859484 0.12445396116944495 -0.1421908487961126 
7 7 7 | -0.09721129486172408 -0.11600257968592491 -0.029991683009464955 0.02568100349046512 -0.30946193980011555 -0.12399837182801884 0.23403876889168818 0.028603879939691348 0.05550336498588623 
8 8 8 | -0.2581693457004475 0.10866714977686737 0.014089810467963362 -0.06270410555426356 -0.25270726939145755 -0.13281664128267562 0.2055569974545621 0.09487579632960871 -0.04014536769686048 
9 9 9 | 0.1543792928275215 -0.004645425633223928 0.046338721813709835 0.009809102185650932 -0.0004254359666082388 -0.002002062936058834 0.0015130271373376496 -0.013302827651009933 -0.01063062016503812 
10 10 10 | 0.1495445916425715 -0.04092325354684216 -0.023295949723131436 0.012376119152148658 -0.003421322378666604 -0.004871129644835977 0.013856383838364862 -0.006211583467821707 0.007102105112422709 
11 11 11 | 0.14207019375159824 0.043603108416016605 -0.022299608838936193 0.0038701594229222057 -0.008921779868471268 0.004835249561390718 -0.007093009737772916 -0.00929207776187602 0.004145780518940926 
12 12 12 | 0.11252625382603187 -0.005864749546251551 -0.05836096258443762 -0.026190320659341734 -0.0008928718704710772 -0.005848503118297225 -0.0012417748863084068 -0.012757978890354061 -0.012719941270197472 
13 13 13 | 0.351567574785113 -0.015562467691093072 -0.00836310040267847 -0.023711520206366632 0.003456469982661344 0.0007218881973608082 -0.01065390579835853 0.0063412471285528614 -0.01402741526162787 
14 14 14 | 0.15923002203929604 -0.02603492154490344 0.008019902158699306 0.040424327900469285 0.0040476908328946565 0.009237414009842173 0.005064700542436793 0.012013680264271727 -0.0017642417777602106 
15 15 15 | 0.14815287392592835 0.046673533040185115 -0.019334723538125063 0.0010853656616489585 -0.00876209110684982 0.006152462063711021 -0.00040681368901851077 0.008529061399269006 0.0043202917915272435 
16 16 16 | 0.1488570238496919 -0.010136977822597612 0.03458256819037212 -0.033818207308106384 0.005752093416830917 0.0062245920371989385 0.008459154798203758 -0.005115283396064506 0.012183644285640276 
17 17 17 | 0.2617669540827884 0.05408729960647912 0.010014515952148396 -0.023432268721079803 0.011777821771112355 0.002471938593322133 -0.009319050660119788 0.0011365781064959812 -0.005426715340723926 
