number of atoms: 17
number of fields: 9
Multipoles
---
0 0 0 | -0.44548061274542317 0.005674182711001527 0.01732760755093791 -0.06684053841655367 0.029756100970932117 -0.03586612987764196 0.021750075725971818 0.06659870879662035 -0.02403485707298728 
1 1 1 | 0.0642314417641634 -0.0368902973643975 0.08430985445156676 0.05570165153862822 0.058486760834932865 -0.08848125679353443 0.07354470449677473 0.1241153711336242 0.0003667827854259042 
2 2 2 | -0.5421208669635593 0.024785198355002074 -0.04374068053576149 0.0188314299789705 0.20352432912330648 0.12887630421877366 -0.0830988098001991 -0.18569645154058795 -0.17424462505891677 
3 3 3 | 0.0773666642887072 -1.6131587019210054e-05 0.10258370017231785 0.002362067870703743 -0.08479269592492865 -0.10602866588936023 -0.026171677430867738 0.04497628455878624 -0.08835339672835309 
4 4 4 | -0.21792725714086192 -0.014485995710668227 0.03726801757799519 -0.07132469440139418 0.022104547213789134 -0.06511477922315909 -0.03213092453994529 0.03655815011973815 0.03099304307011002 
5 5 5 | 0.041470233638086995 -0.09705115553825833 -0.11608993215559281 0.0782418789133889 0.0732377000508913 -0.1931094175822375 0.17299168765531822 -0.06131475825507007 0.2341801463118465 
6 6 6 | -0.3878525339156731 0.06883730552051456 0.1023071823181817 -0.09344432080617601 0.05625576984327907 -0.17415643873481765 0.1658501032764988 -0.06182633292967459 0.22536031457743533 
7 7 7 | 0.3081520979602983 0.016855619644693027 0.041678111772616724 0.045726202823287314 0.14261226346944542 0.06878555588424827 0.14190295859704627 0.1689555357110282 -0.2145144900784249 
8 8 8 | -0.42802488416905415 0.037284411470895416 -0.03507528767564166 -0.0806917383216599 0.1811308572442283 0.07501333424287505 0.14331652319013954 0.16846482705883217 -0.2552393894071538 
9 9 9 | 0.15361005365015534 0.016136977922595212 0.04265549478177327 0.014111055005269034 -0.005111317855721636 -0.005759226869843864 -0.006724777571339999 -0.011057098949825504 -0.008168199645788084 
10 10 10 | 0.15523265808398068 -0.04873778401718853 0.002423048476587943 0.002817555970959702 -0.012087758889689918 -0.0006818810251064923 0.009526926717251428 -0.007577934716659263 -0.0008212207064258629 
11 11 11 | 0.1487748670987299 0.022406867505391816 -0.042346092882977526 0.0132349414641807 -0.0030606085409660435 0.0013801218522906172 -0.007039837740713118 -0.009769733501553822 0.008923474286711894 
12 12 12 | 0.12243052289585987 -0.029135130878320977 -0.04954936024214367 -0.027870936930103014 -0.00583958911965917 -0.005079523241691237 -0.009918779729486129 -0.010876264547692048 -0.011093440874731464 
13 13 13 | 0.3501400348434559 -0.014791760439943047 0.004178466692347384 -0.027609788901099826 0.005011974089562985 0.00012795311541471946 -0.011450499058748918 0.005187756508493039 -0.003292932111657127 
14 14 14 | 0.1704777598334467 -0.023816617203608923 0.029093416040020546 0.03734964460653311 0.007647377105532761 0.013399109119644358 0.007935178862137581 0.010724699097113655 -0.0036642425535115724 
15 15 15 | 0.15806141988759703 0.0368803340054725 -0.0404002521957999 0.00512837134861789 0.004806881016385468 0.017481161534928978 -0.0027487138509864157 0.000702078776371498 0.005346883621197107 
16 16 16 | 0.27045002002994334 0.026216613487523473 0.037055912995085406 -0.03011484623006564 -0.0022341756234981578 0.007880922331900237 -0.0058150594230533 0.0016382706262575615 -0.008494421788848556 
