-4.768969443744865	0.5192880311585281
-4.454676707810802	0.5068595961132353
-4.739686911872673	0.5190440408081275
-4.250332066002864	0.498555661578741
-4.587892374375682	0.5102247024770454
-4.521096541380488	0.5101198874803933
-4.216991634517553	0.503533726552212
-6.9468730773734375	0.397773082953745
-4.62181018290258	0.5171359095124168
-0.8579857072844779	0.3828512408708042
-0.8682052382086375	0.3857028750669531
-0.8673793911896643	0.3863271319984118
-0.878393934569339	0.38176687476613647
-0.8447346647873771	0.3795279034997495
-0.8409340910555944	0.37892884168703245
-0.8769474324307618	0.384084363694434
-0.8715878844626586	0.3832620509258355
-0.8627528233208239	0.38134632964504434
-0.9026393575942879	0.38400686811326756
-0.5797914217005388	0.3529092429298392
-0.8481081832669624	0.3798351107426568
