-4.807903923236195	0.5218067195624974
-4.362862822875426	0.4978469812795598
-4.547898736374391	0.5127943092572738
-4.526139911797238	0.5121156875836799
-4.565628958233003	0.5081172838697747
-4.309895915409479	0.49846192562244585
-4.827559215373961	0.5241526385860185
-4.210974047428537	0.5022228831279059
-6.965361563101548	0.3994122886714352
-0.8565063063503382	0.38240303032012063
-0.8642214939746801	0.3851487146162335
-0.8693579527665066	0.3864361462703564
-0.8714742739141286	0.3785857794744775
-0.8553111928235129	0.38038033528654247
-0.8577075749581651	0.3806565679270471
-0.8878527303303033	0.3879294344049696
-0.8865165614055703	0.38743247311970663
-0.8270150510701151	0.37642677278186665
-0.820651151994595	0.37574391083689107
-0.9151583739008754	0.3873536994592808
-0.5773579797789075	0.35368208047867383
