number of atoms: 22
number of fields: 9
Multipoles
---
0 0 0 | -0.4386553597154945 0.011532767351141095 0.0218660267778468 -0.07397561542709058 0.05171787523072154 -0.024103621104133957 0.03074286157900198 0.08000378995057257 -0.02532325495057393 
1 1 1 | 0.05277606880192387 -0.05000474446454452 0.08090861870716888 0.05647502980538487 0.03837740445851823 -0.08199363643505873 0.07649114447841071 0.11667935757817383 0.010322595367073743 
2 2 2 | -0.5911083955328236 0.04442412732091423 -0.05848384480830022 0.013143135138061566 0.1711470710475335 0.20006070350508628 -0.04436117519103303 -0.19159074215461588 -0.21060298820115275 
3 3 3 | 0.10189655654314578 -0.010750275149017571 0.10897333498159105 0.0020883480421633694 -0.06255574556665154 -0.10281720926948512 -0.019763569989307627 0.0472836625949395 -0.12150298700853591 
4 4 4 | -0.2196782081252504 -0.015152068654985775 0.027705588754394654 -0.06891447458193775 0.027106353549921074 -0.05955109705814639 -0.03716105022125979 0.031302374764830575 0.010197606301255973 
5 5 5 | -0.31185792479924235 -0.04330834043069656 -0.06463662302081123 0.010487055142998811 0.09707769769542347 0.011143617181349246 0.08405684788399401 -0.03467441390999103 0.010781853828531474 
6 6 6 | 0.06501196101737872 -0.14093303065941315 -0.05076915599773651 -0.016711468807887726 0.03322906233017947 0.08178066643814287 0.09020651172325952 0.027799947514783263 -0.04832483003836434 
7 7 7 | -0.3504572007834845 0.01769972216644234 -0.013152907359701527 0.10845433981866967 0.030953157074070776 0.14751394143141705 -0.024118792956121272 0.04340183152987956 0.0015540025188765228 
8 8 8 | -0.010898049217607841 0.07456119043257664 0.12887545581138424 -0.06365412599854361 0.0011382856575267403 0.06225755240296712 0.03214541581739907 0.026031754585552923 -0.07330744802438051 
9 9 9 | 0.1506226677618281 0.017256184201632458 0.042090880388196895 0.012292691181971472 -0.0015976250493364573 -0.005250637768924673 -0.00892656124360655 -0.010800107736139552 -0.011344670122391775 
10 10 10 | 0.1419938364775436 -0.04820440187768819 0.002017640600376049 -0.0004998937470571838 -0.01428033977554952 -0.0018542207725809035 0.010530195369028626 -0.007570566714773931 -0.0011508295936033064 
11 11 11 | 0.13531185178420246 0.02394095833475467 -0.04083651849394916 0.010541327420747312 -0.000981796272204716 0.003287907830360197 -0.008518727707493593 -0.011291335415763385 0.009352322411703987 
12 12 12 | 0.094116292889863 -0.025479000455041482 -0.04658561152135107 -0.02564874835645542 -0.0005885015705754791 -0.004639331188149274 -0.014903539474004596 -0.00870720575329116 -0.018333275389609088 
13 13 13 | 0.3303940589356228 -0.011614766366832334 0.003986767647906353 -0.025141383318767054 0.0075914222479348025 -0.0009187578150751096 -0.014698335316630264 0.008885688926381195 -0.00656236620234379 
14 14 14 | 0.13435102033676594 -0.0267734117540203 0.030123037392503455 0.03134356050904928 0.00872108561394139 0.016105936914752268 0.005922756433631936 0.013757883515077262 -0.008776877834316403 
15 15 15 | 0.108058556742885 0.033382876661290264 -0.034587784423755236 0.008490338602330531 0.0007760246339967668 0.029191557557791365 -0.004429017871149869 -0.0015660653614458376 -0.0003638783099812276 
16 16 16 | 0.14479834809917347 -0.04009787109388912 0.026143887815776017 -0.01250042403347122 -0.0017259399291215467 0.015601686502924502 -0.009375024108931106 -0.01454373381199869 0.00017749813186830713 
17 17 17 | 0.12843561909096346 0.04013136542678725 0.011818405105462119 0.024246152821363196 -0.00992114379691119 -0.007450548042669086 -0.017106364572693846 -0.009302897284619182 -0.006995674100392897 
18 18 18 | 0.09714501251060859 0.011754225507243903 0.04503133280948006 -0.04171459970216614 0.004289384347196871 0.0056033884927667 0.020400343921021555 -0.002315245554194304 0.018407961874406794 
19 19 19 | 0.05784602954270324 0.03452158847801444 -0.04320861811040417 0.0146717312800767 -0.0022109439033085837 0.028398125552948343 0.005073718661360728 -0.015028472048977922 0.026478459173096675 
20 20 20 | 0.07605804898391333 0.04004887644728402 -0.0360838335795925 0.011263587933118402 -0.013111375008404442 0.02623445713749727 -0.02231940785442538 -0.01533498314665419 -0.0033781513532710554 
21 21 21 | 0.1014271199782063 -0.04163745127402656 -0.012705615205708683 -0.03729182929966127 -0.014440507162045499 0.0032847512205613437 -0.021929394288878447 -0.0064117116208868095 -0.014153934576774998 
