-4.794968671461245	0.5176549880518844
-4.29016668168791	0.5019846275960462
-5.94064209377507	0.45898325840402987
-4.3720093233163455	0.5038988465670631
-4.358620750417827	0.5003798922109309
-4.304574264441367	0.5006269955690672
-4.809406970489109	0.5191985714260162
-5.737777842967761	0.45049027824629273
-4.509482565867047	0.5082801655066052
-0.8478670127045295	0.3812912681147497
-0.8605110279293764	0.38438034683486266
-0.864471221166286	0.3853670408672504
-0.9072293497923958	0.38572966551677323
-0.6739688798376918	0.35459907667179397
-0.8923106100179324	0.3827971529115451
-0.8736978136220557	0.37813810691454874
-0.8967207234787279	0.38241841044169844
-0.8618345611592382	0.3838011296621342
-0.8587854500148092	0.3838977839575645
-0.8550243536419647	0.38366797031723093
-0.933878755649349	0.39696296292673783
-0.8864367217960526	0.3853175313679693
-0.8905760238115387	0.38626067535375763
