-4.862190009933871	0.5223692126388103
-4.140585718548788	0.4936746178827371
-4.739791452636474	0.5169299542332857
-4.188186514015603	0.4977187732368535
-6.960502893793513	0.3987711705297494
-4.438637761193056	0.5070865366654835
-6.74023385456722	0.3904768064758901
-3.827001170778538	0.4771663130757605
-5.908352717731303	0.45696926763843676
-0.8496247296027044	0.3827222392897427
-0.8534363774458144	0.383149223155106
-0.8382703213796263	0.3790907165106314
-0.9100294880702324	0.38282211382934367
-0.8372915882896561	0.37714036504098564
-0.8478289766080188	0.37912922779688857
-0.5709612673546275	0.3504943194098649
-0.8724379219813996	0.3796140956915972
-0.8699349582209738	0.3785705120526617
