number of atoms: 19
number of fields: 9
Multipoles
---
0 0 0 | -0.19427680954041104 0.005101369440586058 0.04743197115234579 -0.13835065812501504 0.04541416791471691 0.028071284792800674 0.0002469236545959008 -0.01179935356803809 -0.052113666760648464 
1 1 1 | -0.3184038263679785 0.01406497037919918 0.10480580630203891 0.10986722631638995 0.2111683321065255 -0.046395645267366094 -0.014408223319727256 -0.08946994162399395 -0.11812058855895183 
2 2 2 | -0.05267570838411739 0.06658949711583982 -0.05698543004931228 0.032219866119978624 -0.16521424883475774 -0.038638591083289396 0.06528512256524904 -0.0014630780049948808 -0.08180070170939392 
3 3 3 | 0.03140696231027906 -0.016508320664836658 0.043729469042836984 -0.038545221075427794 0.01589781762414443 -0.046933748712159766 -0.03145259077119733 0.07380016134736873 0.08166509277781411 
4 4 4 | -0.32251885551448467 -0.016607771149604725 0.0015944575634721844 0.06808743341222215 0.0569945506977764 0.03312753361896132 -0.005367818548943222 0.05220406160188083 0.0395632448797965 
5 5 5 | 0.377238319024487 0.04007642493611989 -0.0647484010258387 0.02828428197474368 -0.011312905964570989 0.2581873207515962 -0.00425135289442836 -0.20436110920360787 -0.01155572080317312 
6 6 6 | -0.46400337374084977 -0.06334141713044628 0.09185487347749881 0.0024611543934066355 -0.0021791502731369886 0.3096183792200059 -0.006000514956032582 -0.23340661582604405 0.0021043607670855036 
7 7 7 | -0.411171293656472 -0.021485875596580474 0.0013925912678389054 -0.00031069411341729897 0.02360610650583173 -0.04479153605473213 -0.03763017905948129 -0.018359629735474694 -0.13167019772859395 
8 8 8 | 0.021472474474673042 -0.03812203455263933 -0.052544198427975065 0.07043923641989884 -0.10732196662187851 0.04485816819324423 -0.0009446014062808071 -0.08561258170307436 -0.1102235123744207 
9 9 9 | 0.07234774923861553 0.008474396517222253 0.046268813317710475 0.022881759613228768 -0.005642440109710167 0.0025840247451635124 -0.0015650359831944226 -0.01355570189611028 -0.030562249364657026 
10 10 10 | 0.1171579069651445 -0.05026454381578709 -0.026488753852689426 0.0025678299424612286 -0.010743860035521866 -0.0019235717560584713 0.01429270158837575 -0.01871515286194321 -0.0033862015015603437 
11 11 11 | 0.11888983663098918 0.04524343943016333 -0.03282123101040092 -0.00309718117106732 -0.01280554568904576 0.004515011064160024 -0.009739002529763365 -0.019008248312978926 -0.0019466156089131472 
12 12 12 | 0.10535961245781467 -0.029018478459563506 -0.032215158387413775 -0.038058035263642535 -0.011263225272856288 -0.00918597420728443 -0.011071607134196115 0.011072810964500896 -0.016201680340028075 
13 13 13 | 0.09795860411110136 -0.019605891487642545 0.030420457786675986 0.04385746071297587 -0.0036508181884785927 -0.0011138523621935649 0.013440687633442264 0.012836117827742567 -0.022004755767227997 
14 14 14 | 0.17787027744429296 0.0489694512763209 0.011078210321040024 -0.00988018129269467 -0.012149578598535328 -0.008054299807302235 0.008595860500803642 0.001621808022211655 -0.0072231863676010975 
15 15 15 | 0.17389712101142962 -0.02234351845070318 -0.03943997243016815 -0.025373765184411 -0.0010458835352946674 -0.011035455282870766 -0.0006595978982124526 0.0009710665149177641 -0.01498029211464524 
16 16 16 | 0.17554793092065157 0.036049539700806675 0.024703881118834817 -0.01915142332457509 -0.0063698542853467795 -0.004319314113293463 0.00739248512398818 -0.0050785668560797146 0.010584954507848332 
17 17 17 | 0.17125144840605422 -0.018548808403084108 0.00951416648105596 0.041115677184934904 0.006837365559594127 0.008597778869256851 0.006822563554834585 0.014436456184708754 -0.0022467859750833056 
18 18 18 | 0.12148913703875852 0.04771784373884818 -0.03225384934432367 -0.023588259899567768 -0.009251841192829135 0.014565759998249042 -0.005809221624549881 0.013403900337209907 -0.013158193936613221 
