-6.986942727822888	0.40029301527238903
-4.126255067331684	0.49746168369035565
-4.712175109930217	0.5177381158546567
-4.349797354614597	0.5047209094762435
-4.622273965977265	0.5142756871059979
-4.49440801749233	0.5087455813574975
-4.612704626575077	0.5126337677028332
-4.008671803508768	0.4745848588811747
-5.82320022574103	0.45577842850586825
-0.5775689864095918	0.3534413045939735
-0.9364014943093004	0.38813699453877865
-0.8542949833153061	0.37921818477631475
-0.8455888170523668	0.37854834040539664
-0.8638662463906922	0.38033817859242147
-0.8493244684377909	0.3773201463452452
-0.8611754886909939	0.3775903726978144
-0.8549594349850733	0.37862092880281234
-0.8484654376485095	0.37697772360014253
