number of atoms: 19
number of fields: 9
Multipoles
---
0 0 0 | -0.5409071788837929 0.0029018242331964386 0.006760716577086914 -0.03894789258966536 0.04263121069730326 0.012771286289930356 0.026365463547313492 0.031184682378618454 -0.05717501220199654 
1 1 1 | 0.28252469174658046 -0.09657733384990351 0.06381897514678227 -0.029228209543538452 0.06828779662313461 -0.049247216341330655 0.09797178915908916 0.01637575645065207 -0.014480991509688046 
2 2 2 | -0.37852055953348085 0.08046045695103936 0.04005025873048672 -0.0033959428915509644 -0.07203425457824801 -0.05373087185791871 0.06650042104767326 -0.0741253897412408 -0.0983664370583673 
3 3 3 | 0.2542642160330466 -0.010173864411887987 -0.07841555458556121 0.09995086759309656 -0.06706456873083101 0.04237709738760043 -0.07641415442612597 -0.0017315569509757215 -0.05710873083543652 
4 4 4 | -0.02306436197373074 -0.06076881333652061 0.11382379318039348 -0.03688286285662433 0.06284786114684483 -0.11878639212152364 0.02215517660933742 0.06500056642519947 -0.18098024899229287 
5 5 5 | -0.3638663933925823 0.03004581188631954 -0.04252910077594547 0.06350153802909146 -0.12453768570507139 -0.052452773587621335 -0.05603524268581688 0.06096834110972976 0.221256340257098 
6 6 6 | -0.025003061196975374 -0.03652998685107309 -0.006496259913788553 -0.13064312138476442 -0.0018522816685203566 0.08444882003323127 0.12391164513802996 -0.15226570077917237 -0.08840309226461793 
7 7 7 | -0.2413663796268164 -0.03253885068303776 0.021810205649400016 -0.03560814819175833 -0.09229952741455778 -0.026126581924913364 -0.062418271847205706 0.04113291199868241 0.1871483509388821 
8 8 8 | -0.24338766874662454 0.005442642104119042 -0.01848850603477135 0.049305038557283014 -0.07692067646730309 -0.04826409378100043 -0.04483758564569219 0.008737676177065843 0.22484829463631148 
9 9 9 | 0.16179517497416696 -0.005323201314144747 0.04424290522670057 -0.0024934932485246777 0.0003934316991499243 0.0014164290989393204 -0.002238258423932136 -0.016996501995527536 -0.007632888486381619 
10 10 10 | 0.16341818087947202 -0.04002129651656935 -0.021446617155043493 0.007626386437973905 -0.009450201234146697 -0.004110602384328689 0.00791373035018371 -0.004025666641522605 0.009276294211914804 
11 11 11 | 0.153016471616086 0.037027401604868275 -0.015049359448056243 0.02071318123463421 -0.0065547162871577415 0.001861458183374055 -0.013004133648773597 -0.0038319026375536014 0.00594278540899838 
12 12 12 | 0.0706253498682522 0.003095010504573893 -0.0631121632377192 -0.00655448001311675 0.015559077301735294 0.003824519943899795 0.004609743664568096 -0.02921598555928468 -0.0033833460817067236 
13 13 13 | 0.0933354298678396 0.0417390089002527 -0.0006616455089867808 -0.04241855880879679 -0.0026292810757926814 -0.0077091293426272516 0.018884925130490605 0.012494056153966145 -0.019488815823071645 
14 14 14 | 0.0991804276229804 -0.046732917247404485 -0.03616303191363239 0.010212229598081716 0.005134368069389416 -0.029202746424073788 0.005138390092530466 -0.0028182971498398697 -0.0059445287911788465 
15 15 15 | 0.10012225986285872 -0.05143878399043678 -0.013769276094413196 0.02762095987708276 -0.0070880451994133845 0.0033660931207902677 0.028909502955209825 -0.005255342240311211 0.0010457467544120753 
16 16 16 | 0.09355535418401384 0.030834165046399294 0.050615331310641797 -0.003090418288204097 -0.0007521534754366389 -0.008949872008228447 0.009806041922414195 -0.02572004680184567 -0.010806651656185946 
17 17 17 | 0.17326127648469647 0.028057176417929992 0.031308806620818655 -0.03218032161581318 0.00959461915885932 -0.0030621603992612005 0.009912471649753703 -0.0030403422742396264 -0.005957049615142573 
18 18 18 | 0.16964571254358063 0.05063820575051651 -0.0013772628242442093 0.01524468279311518 -0.002079180350942311 0.003876520703086246 -0.005506061140798649 -0.002126420647739736 -0.009732677926239669 
