number of atoms: 19
number of fields: 9
Multipoles
---
0 0 0 | -0.442555845817731 0.007541157328990995 0.034215832626999655 -0.07492308016832862 0.0804934735865426 0.017016248350562476 0.0034082409960258337 0.07726134548318785 -0.0010503721241401536 
1 1 1 | -0.03508830530813167 -0.009333158875859527 0.016321194747769427 0.06194692461318357 0.06735801595040673 -0.014792009012893351 -0.008124623373735993 0.012868979384170951 0.08210640068665298 
2 2 2 | -0.3003298335316158 0.042021408257969795 -0.006587526958744533 0.03249285529412519 -0.1589947285679766 0.08422634970710412 0.022548886424542596 -0.011347880775561882 -0.018658877891375738 
3 3 3 | 0.07988648850942859 -0.06540692404129989 0.057794017593573964 0.10054966306679683 -0.1755854376949394 -0.0939999263269241 0.03676629103537113 -0.05486042378262546 0.06394223032249871 
4 4 4 | -0.5741240333234652 0.00864637824521897 -0.016154084188410054 -0.09938338815169068 0.31580920843435795 -0.02569913116369904 0.1570497071388923 0.2817502873937436 0.005239216343925325 
5 5 5 | 0.033610955895139405 -0.003291431809255673 0.03300281521825767 0.08520067862016503 -0.19199998594662085 -0.03073835543584359 -0.17435196500974168 -0.023154476809595197 0.033524110227646356 
6 6 6 | -0.02304235179551206 0.03818670382302886 -0.0563975842286603 -0.10410006265398408 0.07389276947542113 -0.08161581703944774 0.05178086657588793 -0.036958503735435626 0.20308402081189003 
7 7 7 | -0.5863065475218079 -0.05008974541964533 0.06200839807169065 0.0696935465868069 -0.10602528126958916 0.254062819417376 0.2052536396217066 0.10796091899166252 -0.31023197642300365 
8 8 8 | 0.15952034021347572 0.03496437215601516 -0.08571488608192375 -0.05048149749653281 -0.07018430456955695 -0.18412047192819003 -0.004995085501572343 -0.14194070968424183 0.07264262683853989 
9 9 9 | 0.1634394720463338 0.014193838490920234 0.04391599440549573 0.018924242516041093 0.002318472593510358 -0.003243344503872772 -0.0028743986944758776 -0.008732403145437844 -0.017203671135509257 
10 10 10 | 0.13418162833376146 -0.044808532213683284 -0.015135054748819462 0.0044794648915650005 -0.010336613509017269 -0.006389192950353945 0.013270121573331364 -0.008694134433780438 -0.0024500447385913367 
11 11 11 | 0.14033421919157474 0.03601438571311704 -0.03203354213405149 -0.001553822675416301 -0.005025897635013415 0.008964902043707193 -0.008322907459727242 -0.012413819693991943 0.0014542929075088823 
12 12 12 | 0.11141553538934212 -0.009387801487430368 -0.04461842157929025 -0.02900689045310933 0.011814983588238171 -0.00934980661039734 -0.010532563332246343 -0.007180703711290506 -0.021434724337770144 
13 13 13 | 0.13205318263243615 -0.02310458403726858 -0.003913106205797806 -0.04654161417821719 -0.003369381598060113 0.003149174362577905 -0.004155312352819435 0.01598666880299694 -0.005796046510734129 
14 14 14 | 0.1533186989402887 -0.020432974740483254 0.014127604694538474 0.04475774398550225 -0.011749375004949032 0.006258383464539436 0.010993321888982572 0.012748238552128668 -0.008166950321847456 
15 15 15 | 0.3082890525607853 0.001998627666094236 0.02485219807539279 0.001806960049225591 0.02193832240856339 -0.009145920694700075 0.003122055945288548 -0.01626709663515663 0.001353603269975086 
16 16 16 | 0.11396348908695253 0.0545621806825393 -0.006293231317491765 0.01695731027432709 -0.02486657293646118 -0.006672827391929845 -0.014925912088270555 -0.006133162697974449 0.009880605638889628 
17 17 17 | 0.11627819378051008 0.015310250463368372 0.039739920999665834 -0.03493414289529446 0.0025152764441852423 -0.015671679221159737 0.0037252722310296554 -0.006092613205623109 0.0271637332258037 
18 18 18 | 0.31340557798204416 -0.018532409204000413 -0.004075659152562209 -0.015053364071631058 -0.015554911827499789 0.0019565571629630543 -0.018829421338716686 0.008146766403925051 -0.009452061640730628 
