-4.889091418178544	0.5215216243814013
-4.096875467823369	0.4913928398887507
-6.743392796774048	0.39091394032296295
-4.344816108706041	0.5026009006813065
-4.603440882926614	0.5114543513392927
-4.528893612516367	0.5057939362298971
-4.78331540408124	0.518874202556957
-3.8437536547910063	0.4778927390804066
-6.832601484506	0.3947679057204434
-0.8454077266531445	0.38133050059700263
-0.8341829581856632	0.37926667616083654
-0.8433325702028618	0.3819308941403867
-0.9290843104665465	0.3852169936516152
-0.8838696991307687	0.381939497288805
-0.8567154903449854	0.3788098218301165
-0.8554098808471788	0.3780045945950181
-0.8580635648244822	0.3822713639121556
-0.8443627856359938	0.38031448688717245
-0.8584822145105983	0.3834238641389997
