-6.999148043936057	0.4018733322498384
-4.2451316078277	0.503157985778272
-4.649612156268995	0.5136382072489487
-4.479020985963139	0.5098101274078592
-4.487283041290619	0.5105138696285217
-4.677730829903805	0.5145419902884566
-4.000253094725625	0.48953301955088724
-7.000032360192936	0.4002618383075732
-4.602577546089091	0.5134442924045767
-0.5701727351038309	0.3513174751150631
-0.918560825241959	0.3869454690860241
-0.8784241114619895	0.38493934274786895
-0.8651626797715298	0.3830715732818875
-0.8593507607643295	0.3784805838074293
-0.8643395694706384	0.3808870719205016
-0.8519561145777484	0.3803023050251636
-0.8707696273925757	0.38354142896894905
-0.5616260529985043	0.35118894188441707
-0.8353108138150377	0.3777678730175564
