-7.016436997538981	0.4014529457467723
-4.07947966174776	0.4926740918178572
-4.7687031032857705	0.5175786864590188
-4.313595029361284	0.5000261330930431
-6.756281295270829	0.39203775361769877
-4.313110508570421	0.49997361706497917
-4.769735531764685	0.5176767469957807
-3.88328223411268	0.47914242097953735
-6.826465426715309	0.39428220689602855
-0.5543330872858329	0.34914231957685343
-0.9059313703346732	0.37813974730543715
-0.8424124029882631	0.3780822720749316
-0.8353310364880351	0.37732562273989423
-0.8688091581224262	0.37673100136352006
-0.868865405478977	0.37674141806827655
-0.8350966753374731	0.3772644616287157
-0.8421337186344625	0.37801037083910854
