number of atoms: 18
number of fields: 9
Multipoles
---
0 0 0 | -0.4518326675273263 0.008333431458622552 0.01769350251116779 -0.07099847913217489 0.0663576355214074 0.03520141276885057 0.024495102160110947 0.054695269169219476 -0.0025756308343289776 
1 1 1 | -0.03800276893839616 -0.03453059599188483 0.030126334397171554 0.044539222741099845 0.038850198331799764 0.005156158722234207 0.0149679511661174 0.02257638203465003 0.04097559590463874 
2 2 2 | -0.42040372546641525 0.029000687176331558 -0.047669454414152046 0.04167234005244706 -0.1015710609766343 0.015558713246310904 0.023461174629853993 -0.025216446266673895 0.01882834369836734 
3 3 3 | 0.41952809216332376 0.11029654378772255 0.008746908659032196 0.04146405893358333 -0.03397626773595661 -0.050578766885399036 -0.004474074325463553 0.011365195800194386 0.16928878375665823 
4 4 4 | -0.3744073895454356 0.002666311862438348 -0.02710743389977957 0.0552727953037198 0.06352251295991367 -0.12561700959024727 0.09267242896073198 0.025380981153777418 -0.0653801076388741 
5 5 5 | -0.02681732292745931 -0.029127819338497823 -0.019370920066504493 -0.09895455781212201 -0.08181804367438172 -0.035237590221121856 0.06391021697509829 -0.21647299298608735 -0.06731969937210101 
6 6 6 | 0.6112721523209785 -0.04727453653080903 0.07122922193501692 -0.005750559501993055 0.06080010375088309 -0.012220323619861266 -0.1529092041413015 -0.05207299971714696 -0.19465195590824494 
7 7 7 | -0.7829352685762592 0.04734846348275069 0.022568727760475027 0.04379711315910973 -0.08009426343934435 0.17029489597077438 -0.21470860188456872 -0.01158520990214915 -0.003434313393708135 
8 8 8 | -0.4269084313673872 -0.011717595343545705 -0.020872947237153498 -0.011873824982976348 0.06499648028908495 0.05489781961826478 0.091494198036808 -0.062116660071485925 -0.01153753635766366 
9 9 9 | 0.15366386880190064 0.005990828810111064 0.045132209946858105 0.01807582262070412 -0.003725164552324186 0.001630298437463296 0.002880614240677273 -0.008444143176308717 -0.013082685612116108 
10 10 10 | 0.14230573321405082 -0.041926399508439176 -0.02334829200509638 0.005408884500188768 -0.00811639884747615 -0.0049358773709638456 0.011839618764546478 -0.010777807654737565 0.0015011134572576307 
11 11 11 | 0.1470788009285383 0.041151498672677575 -0.02341045534293322 0.007771009740030447 -0.006801201872426021 0.007986095897236381 -0.009153519893124724 -0.010143461675697438 0.0032419651840985887 
12 12 12 | 0.12315084382502006 -0.0028986919989717327 -0.04684126115928519 -0.02467412312382442 0.010513429769890016 -0.0025341831401235505 -0.002736462460603777 -0.014621961615291256 -0.019193849864421866 
13 13 13 | 0.15295617799195582 -0.024473053725533343 -0.029039498701159797 -0.029489941057473934 -0.007130411401577967 -0.007762372364864471 -0.008009421875263174 0.001348290617861029 -0.011249324736161179 
14 14 14 | 0.16488870921689847 -0.01720325477273773 0.020968966356665168 0.038581831042368106 -0.003260975856428544 0.00021431551399658173 0.010786293417875473 0.004477187883782765 -0.015547990398121252 
15 15 15 | 0.09334216640449289 -0.031046877640067624 0.041917376310775446 -0.057083930728182165 0.0010370136248721354 0.0013771618185754167 -0.008271973146049811 0.0034722624402638226 0.020021247118110538 
16 16 16 | 0.15693216884704864 0.05158505302431283 -0.028496314812972705 -0.004893453732832989 -0.011753365930801011 0.00890470373581157 0.0050883212282648495 -0.015006275995212733 -0.003340451743604862 
17 17 17 | 0.35457921441049967 0.002695921200468753 0.022523698126167852 0.011363340005390216 0.005666987776722316 0.009650014960435011 0.005199067666295349 -0.012703066733196157 -0.0030999049685441213 
