number of atoms: 21
number of fields: 9
Multipoles
---
0 0 0 | -0.5258110703367214 0.004267310995627834 0.024076533037026907 -0.0431615164115577 0.07154249658807299 0.008824578051084686 0.0209776285501078 0.08064715213513544 -0.014423002393502575 
1 1 1 | 0.23923870553486015 -0.09348698602781225 0.08590212963236592 0.013073343904743798 0.05431907180870729 -0.07621932306030389 0.05828015097504857 0.05969244973291159 0.004504661476155365 
2 2 2 | -0.3829330814310481 0.09359837193328657 0.02201419945704087 0.005967494018992561 -0.08696108042110622 -0.045435259664007306 0.027622746416052547 0.0401505417896294 -0.15480561593946374 
3 3 3 | 0.1499228312620593 -0.036995195930225364 -0.0846010264545402 0.0678979735316329 -0.05343263488811682 0.04616176131965969 -0.0931055442207825 0.005295187164813255 -0.10270256697325024 
4 4 4 | -0.3496051396107296 0.016974268442904117 -0.012590683862748192 0.02916761778634747 0.07196034165738814 0.006118719729458001 0.06333558260419306 0.08411722459131353 -0.03815575411325677 
5 5 5 | -0.1346591369011758 0.014392752959752408 0.04544459491272787 -0.00038359856760331675 -0.01994991859635797 0.008131606332191394 -0.017893111757805596 -0.10392734549073966 0.0014626378674046196 
6 6 6 | -0.2462627123695924 0.047783121871838224 -0.08159976949677564 0.01267853529292965 -0.021706533102679917 0.05647029398428142 -0.19558891911733944 -0.029678523680890773 -0.08237508574889506 
7 7 7 | 0.0498317840921505 -0.06587722177820153 0.06174048498827625 0.013462003350671587 -0.054377114603652875 0.14858209280704834 -0.1665891602365028 -0.08193290037319562 -0.1475139414475191 
8 8 8 | -0.4472972800886481 0.03394853749213768 -0.0677232567928535 -0.02016673220168034 0.016244378684381784 0.07103031108088699 0.004854177331584539 -0.04583521867737074 -0.05469128806411039 
9 9 9 | 0.16171957994748332 0.002193345667625621 0.0436875719838079 0.01268705226984831 0.0022181189321620865 -0.0019882844684281542 -0.0029060733163898166 -0.005719407231688287 -0.012846762505322708 
10 10 10 | 0.15668652724137266 -0.043036690044517 -0.01629911566004935 0.0027419732629985114 -0.009437451163640724 -0.005849034960062562 0.00980053777632884 -0.007471151308026739 0.0031378140944664282 
11 11 11 | 0.14498501863570057 0.03497308777270048 -0.026376491079212187 0.007940111492822272 -0.006817787935219126 0.009342975861266863 -0.00852041903639677 -0.009091199973659122 0.00314510485309744 
12 12 12 | 0.06352372588932287 -0.007855277076902941 -0.05381707144027218 -0.027537801020027345 0.01569679448583409 -0.006156479858443703 -0.003201565858952843 -0.016994879173567512 -0.025040574672358158 
13 13 13 | 0.1014185491619437 -0.04925336175072507 0.021016457905171166 -0.03229686218621004 -0.00797167630936456 0.01629345071845617 -0.01721556821664883 0.0040743576623658555 0.0015469927007195619 
14 14 14 | 0.1415488165469171 -0.018597708738540584 -0.03811054200801207 -0.019600052767086262 0.011878412529796035 -0.010372963404435604 -0.000726511448690168 -0.004343652892300996 -0.01480473954149714 
15 15 15 | 0.15179883641094816 0.030879608622403167 0.03318052973484347 -0.01648613009793575 0.004902696949152479 -0.01224446609828663 0.011480622784053086 -0.0012286844542889156 0.005401261713135371 
16 16 16 | 0.12851383355196877 0.045189956693814745 -0.02493537496420238 -0.0014486998609711285 -0.013858486369464141 0.016019852336407608 -0.0005033126832921409 -0.005688499482311284 0.0018486101177594663 
17 17 17 | 0.14981221733687045 0.034993995547191833 0.01378850011161948 0.0367642922706335 -0.001254365833467208 -0.0117120114009138 0.0031937019396609577 0.013699496397298649 0.0023752286323936948 
18 18 18 | 0.14969891580157846 0.03455421433076948 0.011919881241799995 0.029583438809775056 -0.00110270175791486 -0.012848122240068142 -0.010117870235755388 0.008267146809677394 -0.005828224501051787 
19 19 19 | 0.14272832111640454 -0.001600596112064715 0.024886769405285197 -0.04096860879076451 0.0005846212797150558 -0.0002068806536591684 -0.0064531150441933345 0.0014120697104846444 0.01737859732004072 
20 20 20 | 0.1534182254294303 -0.041784661077714155 -0.01586842969292418 0.019781708456695565 -0.012672801449618711 0.0006179995043711668 0.00713011893865739 0.008507909306420895 0.0041411428335321075 
