-4.818712410299709	0.5188520176040468
-4.256367017830295	0.49396509660756854
-4.693058949169686	0.5182298258334969
-4.069508881949949	0.49026089653092975
-7.002021444478628	0.4014356794704615
-4.755658063962901	0.5169731710016864
-4.237808334429337	0.49704807835582143
-6.73176198888497	0.39229807596922883
-4.336529240759828	0.5011556918766363
-0.8433043589518551	0.381233377032359
-0.8478917338756637	0.38147363745213375
-0.8569942887298773	0.3851787453147444
-0.8359694471870694	0.37872302929213364
-0.9032113047950308	0.379156945899032
-0.578664134561412	0.3542103156628361
-0.8524748872275867	0.3798223678365407
-0.8458878735605229	0.3816242496010751
-0.9019179838455351	0.3828957185328886
-0.88545852624387	0.38101357180683093
