number of atoms: 19
number of fields: 9
Multipoles
---
0 0 0 | -0.457382265137654 -0.009806501664836648 0.006201437564862189 -0.0680186633282875 0.013395978604785024 0.014361477540696938 -0.034724648002419076 0.09712068864709562 -0.013020923965005685 
1 1 1 | 0.1042903128639372 0.049156949784114556 0.017205320288561615 0.053578421197768476 -0.16193222792923695 -0.03683923983483684 -0.03950083888705579 0.1934715682143084 0.018846435015512475 
2 2 2 | -0.341420346418591 -0.03146298790669517 -0.002752387456716135 -0.04885372597214964 -0.13186116189696026 0.004564383023817193 -0.08555503359111348 0.19994986970869938 0.0003316666052969484 
3 3 3 | 0.283531533224072 -0.09401064231071249 0.05257166656519381 -0.014827325082961631 0.1109855288593367 -0.04307661841272945 0.09382637600223824 0.018221951922089353 0.01744395965409425 
4 4 4 | -0.62959997209032 0.06299716512682174 -0.0881094591351178 -0.016723173663371838 0.026242668139549057 -0.09892330370851654 0.0589165155188481 0.09207127610921928 0.0836688492219303 
5 5 5 | -0.39584845311337524 0.039018255541324244 -0.021750121750962036 0.03982632157171966 -0.05484870016042761 0.03001388503184492 -0.031296340351611746 -0.001328027265989401 0.06420240872164404 
6 6 6 | 0.11658351284499524 -0.03188530871482342 0.1126628455970565 0.01103921824641197 -0.0629931181025893 0.139728969435604 -0.03331121264816838 0.1315439703745008 0.08093897533451722 
7 7 7 | -0.34827322948912354 -0.029245507400106438 -0.024599456328545974 -0.0026923945675399676 -0.15161264862846532 0.0380439258831916 0.02056196851188093 -0.14547771567289774 -0.10343886169633544 
8 8 8 | 0.018503398743582977 -0.006212201739204434 0.10730939612766678 0.05476870625550893 -0.0753361757462138 0.07740444183435453 0.10679587382846312 0.12744300818822826 0.0954864304991279 
9 9 9 | 0.15669564104814404 0.018659014318225885 0.04450857505473944 0.008627524352468335 -0.001474347992030265 -0.0030018679570846724 -0.009419007744053007 -0.008276239220066508 -0.013036264454105898 
10 10 10 | 0.15210826612433992 -0.04445695238459752 -0.006391542641444026 0.011618226631843425 -0.013934622097105935 -0.003665607622111498 0.011203328646849874 -0.004752883829306397 0.0004499192105696825 
11 11 11 | 0.14300571127012274 0.027291324176921556 -0.03851763756686942 0.007553715137215754 -0.007268586512201999 0.008210780271250153 -0.007183883468294956 -0.009460658222470423 0.006261698411032839 
12 12 12 | 0.16403055281293055 -0.04100350530225303 -0.010691072581890235 0.021362346878559063 -0.007260264423004352 0.004274286754881946 0.012759330029747181 -0.008943221262953415 0.0036017974989837726 
13 13 13 | 0.09678869520496991 -0.0009299305323202017 -0.0557944444715089 -0.024154505585614505 0.02858909305776107 -0.006788891340622548 0.006274340689423838 -0.011701217457146288 -0.021095390045435276 
14 14 14 | 0.4213358654385898 -0.00448881200552007 0.018267281640484665 0.008014512893317964 0.013224250794298753 -0.003114616156962142 0.016286108008558734 -0.0019597818017647872 0.0045166784890751845 
15 15 15 | 0.14752511277241687 0.0005652834292077096 -0.011392052073659556 -0.04600569485896479 0.015002478658985725 0.006305115707309067 0.002688294997660229 0.012746827361723433 -0.001188799621632543 
16 16 16 | 0.15411212643947614 -0.0022287197191010787 0.04314715152499251 0.015196497881046189 0.010300861286619431 0.019343464797274987 -0.0015943825802332535 -0.010858315323680116 -0.005875063952829794 
17 17 17 | 0.09808201615446566 0.05122777437760993 -0.010428358105923248 -0.03834859447639973 0.0032172522883806894 0.010095658159494045 0.022884040470094662 0.0010603214606517868 0.003521829126091819 
18 18 18 | 0.1145414737561321 0.04954791581729904 -0.025926117596246488 0.02174357535391822 -0.00019347018355016064 0.021239868842169614 -0.016175158141033964 0.0026939950541375684 -0.0006196923814350142 
