-6.975389977877496	0.39946829797089695
-4.126291603652581	0.49814033191281104
-4.811804322776519	0.5245357416042975
-4.137839861887253	0.4944467858193416
-6.766349124116207	0.3927746083396216
-4.183119260530214	0.5029646893239447
-4.682920918763012	0.5165282191512488
-4.405765145676067	0.5067611559116869
-4.705741187865377	0.5201488448121324
-0.5807156799140172	0.35444173390204603
-0.931757244825732	0.3880194062127758
-0.853983877595496	0.3809831262299115
-0.8251833902102257	0.3755055224550533
-0.9241344113843211	0.38543808024217574
-0.8926218329183155	0.37988734303841604
-0.8475411705372331	0.3784424562741448
-0.8517105053078357	0.3782213485768864
-0.8556324745590776	0.3802339540666859
-0.8495979460884675	0.37936710250397687
