-6.194439077577126	0.4665707671641326
-4.187215982611811	0.4944015884702362
-4.660412499891229	0.5121346268142226
-4.481655389171588	0.5056338541962294
-4.366459590962819	0.5019540297242845
-5.951926247291222	0.45782831963954695
-4.270349283102537	0.5000154127375689
-4.068033380359948	0.47949211905154815
-5.799927912305976	0.4551488913965561
-0.6545340675149126	0.3543625962376856
-0.6423319764914479	0.35484159498027523
-0.8957860180261126	0.37927709233426327
-0.8678647453408983	0.3827271323596871
-0.8524587130781304	0.3796595878298737
-0.8675117022403828	0.3790333345012114
-0.9107663127174914	0.3874837157567766
-0.9070944826277494	0.38652358241074275
-0.6564540548056792	0.35016077422177677
