-4.7837288198246615	0.5206140803080455
-4.555030516529812	0.509561976276361
-4.320796042948938	0.49828806522607544
-5.929132786348556	0.45881388691774533
-3.929797278043998	0.48923668544803905
-6.762319614259842	0.389190899030947
-3.9370488854683097	0.48577543066276685
-4.906137993385526	0.523243524396936
-4.903984647408148	0.5240079315649698
-0.8645715223728178	0.385007333152248
-0.8578308338693779	0.38372760843311493
-0.8605465811954955	0.3833331417983124
-0.865508589096221	0.3775271666257057
-0.9020313186373704	0.38526772194239034
-0.9095229595451684	0.3885368928129896
-0.9158052327875982	0.3840697006568501
-0.8347455762000796	0.3778976553957082
-0.8415691043443047	0.380362947214427
-0.8370367716808789	0.3799989818477322
-0.8349424357345531	0.3794866255242905
-0.840525625144619	0.37969376424485113
-0.8426596086031475	0.38143237863206547
