number of atoms: 17
number of fields: 9
Multipoles
---
0 0 0 | -0.6138352391791635 -0.011969705678888854 -0.08715537416840793 -0.08633432219982878 -0.17789536670354178 -0.031559890647090805 0.00455721944649187 -0.014146140825296458 0.08751864730364436 
1 1 1 | 0.25065537326465215 -0.04291741201908898 -0.031812293238919015 0.10553878293052117 -0.049654933284632635 0.0193318075654026 -0.027136216633766495 -0.11981833528856754 -0.0759580003395339 
2 2 2 | -0.2788897972250517 -0.010804364390962213 0.016195261946004846 -0.05453478834003161 0.06314328076045321 -0.019460994171091518 0.02149720641666409 -0.05422807523826664 0.03763592541722168 
3 3 3 | -0.3778524397204581 -0.013390722341895991 -0.007834574678764425 0.07374506890871145 0.02262739354669878 0.07098101378775343 -0.02044787434119466 0.037523747065079736 -0.021916883645971722 
4 4 4 | 0.432297133286613 -0.013405762188520368 -0.06644043775261535 -0.05692187082124942 0.04548355186253241 0.241973841317766 -0.26540324435445706 -0.1014514199087831 -0.21353152021286909 
5 5 5 | -0.42156844280791717 -0.016576239044685314 -0.008605951698115953 -0.04910804686551931 0.06719885782669793 0.19342776726324806 -0.17379810546654392 -0.08163598480635824 -0.1430371929146357 
6 6 6 | 0.4635875777155958 -0.025818674026595306 0.08575627422199969 0.010536904354551107 0.3745522164402576 0.15823027700000036 -0.0007304056830160408 0.018234586466550316 -0.046482716290947315 
7 7 7 | -0.4249548524175477 -0.028226768175263338 0.03877078023458163 -0.028863865086493568 0.27478906412573206 0.12395278528713498 -0.018747312506089835 0.008702897758199648 -0.07113190061398132 
8 8 8 | -0.5147156445406926 0.01919629271401089 -0.007684696715985581 -0.008219595886076438 0.024405545436576376 0.052990601961088735 -0.0074507764449292515 0.07121886799023645 -0.03158664750166928 
9 9 9 | 0.42629397041353156 -0.001632503779909898 0.019016364196509462 0.011380555278375573 -0.01546395311449757 0.00010774703289210957 -0.00018437209134101106 -0.008078006074431088 -0.008866553367424233 
10 10 10 | 0.06701066652017273 0.052613142166650965 0.029232433276475664 -0.01784787442771105 -0.01574706351718478 -0.02386074471278511 0.017408252865904427 -0.00733118017398639 0.002224520972629002 
11 11 11 | 0.14898538864642596 0.0429714293599388 -0.01763110306812142 0.018812823529663267 -0.009544755600229054 0.008089029567178442 -0.009941750256050274 -0.005538467032301362 0.014565994708794492 
12 12 12 | 0.1428714452698826 -0.04126464856467127 -0.020684572474287694 0.013715455441809393 -0.015048347931095264 -0.010213560210937982 0.0076921646120750135 -0.007064074381510723 0.01340130751702392 
13 13 13 | 0.1602319979253196 0.04202302349720626 0.020989861078363106 -0.009476742101558085 -0.010272211418682531 -0.01149971347304495 0.007816792923229968 -0.011290791801914666 -0.003308763922817612 
14 14 14 | 0.17271544344944612 -0.006338830212673465 -0.04590670975635069 -0.015433299504485463 0.0021973934460285875 0.001043414626047823 0.00276856231248801 -0.012079342727240884 -0.013989599004188643 
15 15 15 | 0.19044954659768443 -0.03212985462902055 -0.024320414089551674 0.01756894141197149 -0.0035793239176745654 -0.01336032578647576 0.011904103100102302 -0.0006564024178845087 0.0016273543390628346 
16 16 16 | 0.17543793030596766 -0.001515586112130105 0.0439778496752206 0.005185357011781928 0.011783577827060639 0.0012012495052075697 0.005183879162672767 -0.00782730437667761 -0.012378061923401091 
