-6.990384237673328	0.4007319678003506
-4.162950787810409	0.4981157138987373
-4.6695014188778	0.5148441092683443
-4.762605475921938	0.5153692315917642
-3.785010618512668	0.47326001485955066
-6.861333860297785	0.3957781716488356
-4.400159320903217	0.5025538168987993
-4.4958870539712565	0.5081971999257455
-5.88071941710732	0.4556843313599306
-0.5714161254979258	0.352020085795666
-0.9279617904080735	0.3869290804314439
-0.8711835601699586	0.38330100305924736
-0.8505122181107376	0.3784684968209633
-0.8367026381331776	0.3795141870632026
-0.8306706853632887	0.37685312904713936
-0.8477333640127492	0.37549826184202467
-0.8508001840091695	0.3776889140323473
-0.6618793686836598	0.35088032650483725
