number of atoms: 17
number of fields: 9
Multipoles
---
0 0 0 | -0.4711915147235377 -0.022849902525522953 -0.0025746235067925084 -0.0597576768258786 0.001224942870481931 0.0062882826234405284 0.004917111795180909 0.0776912982285461 -0.01208879069710982 
1 1 1 | 0.1432195978201145 0.016108555761460617 0.003746381838787433 0.06506375672258827 -0.1622858618877242 -0.015383020677231267 -0.051683853065909995 0.25659680647665517 -0.007535973990654768 
2 2 2 | -0.4669925167142752 -0.05099839153712964 -0.014719775727297614 0.019727677736219706 -0.16072375722424417 -0.01537245047964056 -0.06793426544585973 0.24345763779023186 0.0419428748332752 
3 3 3 | 0.7808479831619266 0.02946558023838002 0.001176020799072385 -0.08020087258451826 -0.054412147956413415 0.01916153055445857 -0.044574344202052696 0.21727605527208713 0.03985590892936697 
4 4 4 | -0.549309986243097 -0.08021373077832943 0.01556465104634175 -0.05726025815456849 -0.06036923500549339 0.04000008761832434 0.0285447434020425 0.20168547662574998 0.0376320762239157 
5 5 5 | -0.3797551559509973 0.0672465039786898 -0.03469917930865128 0.032571427814160274 0.09416258603184607 -0.03753351122677918 0.03494240480781721 0.01942290354080863 0.009923369879912505 
6 6 6 | -0.06177282795086292 -0.13622714800568766 0.0669897422734904 -0.07014789835766735 0.07967661082548858 -0.010373530727902326 0.08403989963186799 0.0171726728877122 -0.07060491800751546 
7 7 7 | 0.08919617923024958 0.04456622752168024 0.1480035610886088 0.005782048104642645 -0.002181674477813552 0.06049851774686094 0.07226464291651916 0.06554939423129222 -0.01925476299195889 
8 8 8 | -0.5970061304871876 0.03207564509298422 -0.10602923227061233 0.04478786302113409 -0.0253242682812193 -0.010672698932467375 0.10403560809215483 0.10940143312652215 -0.07994037153309687 
9 9 9 | 0.17188459483810914 0.025604216865405267 0.041678681770396846 0.006547785738834762 -0.0011183346410510598 -0.006620675994354541 -0.005355572000039104 -0.009928316150924302 -0.00277388666771359 
10 10 10 | 0.16261477765696142 -0.04497449020433 0.0018244861973477204 0.012887419398925294 -0.012749513852079904 -0.0002133617371321071 0.010715179349240609 -0.0051716133374249415 0.0003244887564103171 
11 11 11 | 0.15583606847874742 0.021343792392403284 -0.04099534578220778 0.013357592134532808 -0.005714827422406488 0.006027293912900659 -0.0049120261337873145 -0.008744837372228413 0.0079942472626672 
12 12 12 | 0.20660367218905162 -0.04135811423544941 -0.0006525545021942274 0.017974751537229695 -0.00308391189609242 0.0007783974173971559 0.011892251295706067 -0.003545411664203835 0.00032571491148580936 
13 13 13 | 0.1120717708703205 -0.013485504555540246 -0.05877171986392124 0.0027260046100624252 0.011214868157907485 -0.001295717821501266 0.017148506629929682 -0.015143755552266887 0.0016740210082876012 
14 14 14 | 0.13690361652459992 0.0432070856732309 0.022616948932015133 -0.03521230258422813 0.0040983724753996115 -0.011485731375496947 0.024123296678430568 -0.00788327742481417 -0.004194893584833456 
15 15 15 | 0.12755198558283776 0.04510143410210651 -0.02019615178988905 0.028554647591618472 -0.011156969256732097 0.02088678166166563 -0.0153037581839371 0.008040475187404963 0.010798183231705415 
16 16 16 | 0.43815135865671095 -0.013833187349307802 0.012880266978510493 -0.0118574827588604 0.0014199404543133029 0.011334913137383898 0.008386355222825813 0.011685095518083732 0.0012475668568675078 
