number of atoms: 15
number of fields: 9
Multipoles
---
0 0 0 | -0.5867715691087465 0.021936158376419965 -0.08120417985578936 -0.09715835844349083 -0.15707093049276585 -0.04040648117199407 -0.03215504324775905 -0.03750513251266385 0.08284471890126587 
1 1 1 | 0.06605670231489302 0.019961312279008384 -0.038031246341733355 0.12335045851252344 -0.05441348069167955 -0.03946639431731122 0.0475971797699067 -0.16678984173102937 -0.06638239636186619 
2 2 2 | -0.04159683398631042 -0.00772473607643961 -0.020297068932523192 -0.15728894782115346 -0.12949521552756474 -0.054286277174275595 -0.01595667962547802 -0.0745973006790403 -0.023623418078507947 
3 3 3 | -0.32757570134729086 -0.010492307471362688 -0.011805453696227044 0.08476193899453054 -0.02932860841923486 0.016270914357117337 0.007606485455078014 -0.040938457834230724 0.06375761393306212 
4 4 4 | 0.5116831234205907 0.0206505519780408 0.07364547488222445 0.07074167004020271 0.12067980762061711 -0.12865483510279344 0.07795286923267507 0.008461751413255296 0.040946641098892726 
5 5 5 | -0.49061738269435917 -0.037365983161594035 0.0009582920854743346 0.15205716230297492 0.21187767713151368 -0.19071049656115047 0.043540583483674414 -0.03689203846196669 -0.08340115407159188 
6 6 6 | -0.04275833936813278 0.028537841467972978 0.014815083684255043 -0.12544888896885587 0.01812037721461797 -0.016895916561052837 0.0250659211290294 -0.10943554226430374 0.04681355402491007 
7 7 7 | 0.24145537492854086 -0.011669035495512948 -0.013343640269245062 0.0315048454637765 0.15547673724671598 0.020454140812830483 0.11740993998094643 0.3262449637627735 -0.005122375960996971 
8 8 8 | -0.35954125336620635 0.009732343814580276 -0.009781802342804203 -0.07150197841598405 0.19071211606563676 -0.0028580541574085142 0.12474350987902545 0.3517578266685956 -0.026481601220786622 
9 9 9 | 0.42696619622023013 -0.006388660628648933 0.018852189201086656 0.012421211493520257 -0.014408275901883169 -0.007956352304074354 0.0013099166477394623 -0.00913717815901241 -0.007782508875163371 
10 10 10 | 0.09669547060814931 -0.05085912146008429 0.024844516533537774 -0.02172294487071591 -0.014459339536158083 0.01881955164049368 -0.011061421934255538 -0.011346445904383854 0.0020411351044764326 
11 11 11 | 0.12100995609280674 -0.0014374107683515012 0.06101685014027514 0.005091664914729307 -0.004758428473193916 0.0003555012601792642 -0.005549049393114068 -0.019054556163740494 -0.01063409755100045 
12 12 12 | 0.12132309154793885 0.046454627560371636 -0.03435908471515645 0.018475752590445146 -0.010078624658561141 0.0076887566142552375 -0.01630856812815017 -0.009147276097393246 0.0023301669263947953 
13 13 13 | 0.13499213740474958 0.04213720740952321 -0.028137966243431765 0.026160646758898832 -0.011916732625454283 0.0027430519088696833 -0.009991145394686166 -0.008083847284045771 0.02042181357115921 
14 14 14 | 0.12756493729455554 -0.05453400994218803 -0.022012167699959617 -0.0012086660124259083 -0.015584928908217768 -0.007284750533777608 -0.00033420588696825927 -0.012478294290011198 0.015162614081269734 
