number of atoms: 19
number of fields: 9
Multipoles
---
0 0 0 | -0.6343863089470485 0.08408888501746482 0.03962778864108706 -0.06303858144269894 0.07808155061197558 0.105700553120505 -0.03869793887852012 -0.10277839426150441 -0.043638491419046334 
1 1 1 | 0.284702370142603 -0.048406841962992185 -0.036471901409606496 0.11319488929275515 -0.04531614629134758 0.03364768999419016 0.007437973495102925 -0.08260145808457997 -0.046440360448615124 
2 2 2 | -0.32960932622562567 -0.06660179785942803 0.01204855558802562 -0.029558271936942677 -0.023699536147966563 0.035236685628550556 -0.031415174485115244 -0.036946444568359035 -0.055623136239424734 
3 3 3 | -0.24264494956790816 0.04398991994308456 0.030475328051752754 0.03782923642682682 0.002371707157903215 -0.02817757213601132 -0.047813846759235334 -0.04802153664407031 -0.08642980702447547 
4 4 4 | 0.13116377249090583 -0.04340150069679492 -0.03243465855420519 -0.06075168097152822 0.03525545589267593 0.04468112459548335 -0.19112234868859834 -0.0742365738466089 -0.12673956494682045 
5 5 5 | -0.4384501840064772 0.03410056969628306 -0.03130630879914458 0.034852425367375095 -0.0399038025050988 -0.034021665500113756 0.0035406782490966663 0.03977761289784313 0.04853723322359729 
6 6 6 | 0.4763545430146534 -0.03173192680876051 -0.05693686217176529 -0.02988098187056325 0.16412244603087706 -0.2876592108600429 0.07133962314483468 0.1336329749704432 -0.049456517039397414 
7 7 7 | -0.45623698604061147 -0.02633657581234262 -0.037248697934344335 -0.04293546063908622 0.10278222585398386 -0.2657667652890373 0.06887014300879538 0.058169422745607074 0.00649664680206219 
8 8 8 | -0.3839294654445462 0.0537599655966679 0.03311266449580039 0.03947697182285237 0.01824230032715068 0.06687937602556698 -0.17274846927655138 -0.05394813277063539 -0.09537920400865683 
9 9 9 | 0.4245638157168625 -0.019132996954005763 -0.006839156837556694 0.0007719367275705013 -0.005883843580896844 0.004290104658381637 0.0061104551930011575 -0.01902748938193472 -0.0007851064703387276 
10 10 10 | 0.08576754617138416 0.05472861559380393 0.03156629371506652 0.009208004609018253 -0.021385024929831478 -0.01653570480401942 -0.006039310022723729 -0.016610885388763905 -0.00921939981887719 
11 11 11 | 0.13385513151082884 0.0336748920484079 0.009769078181151927 -0.035132812376077446 -0.006556490210799594 0.0017361115888075013 0.01763712297056447 0.0014958320400155992 0.0020954273776830653 
12 12 12 | 0.14084301332722327 0.00362466573506287 -0.03789233421441603 0.0319243482996334 0.008028137905838392 0.007062905553180309 0.008227356998340037 -0.0029380531544623005 0.016239001844719315 
13 13 13 | 0.13513476469816899 0.01351829279250575 -0.005277141242970643 -0.050204524777513984 0.010087857360653445 -0.009802896493515269 0.007715980688954044 0.010711699098624121 -0.010016105317106856 
14 14 14 | 0.12019096776661242 -0.030267982295547054 -0.033116486421847495 0.0244942314479006 0.0031789051214150756 -0.02004056419809865 0.007472964961700332 -0.003638148200436026 0.0011817227045569773 
15 15 15 | 0.17644093241350178 -0.027198010200682382 -0.036013442671032105 -0.005321825288534148 -0.003287436361066075 -0.01762057543229319 0.002338866514486388 -0.008594859096727336 -0.003788911036809336 
16 16 16 | 0.1719290930192765 -0.011772615633097791 0.037408773273573094 0.023482598640752972 0.005201348043630709 0.006783336046937975 0.007946655698826164 -0.011453806581882837 -0.010446213235858716 
17 17 17 | 0.02611169777821931 0.04793926294989749 0.05572453828004024 -0.012002340928906256 -0.012708874468848368 -0.018143337520480845 -0.0030221324484798967 -0.026273544975760177 0.0012710839757494956 
18 18 18 | 0.17660109611555563 -0.008669401314912053 0.043760207779597125 0.01658840393650688 0.005612903112190646 0.003650536357556673 0.013323544701278606 -0.005120327771704068 0.0019310855856035853 
