number of atoms: 15
number of fields: 9
Multipoles
---
0 0 0 | -0.5704939073383262 0.019244937363187897 -0.1128066596865092 -0.07520786651274367 -0.14174056134980437 0.014699071870779448 -0.09528981418578095 0.030932387605609145 0.09472728833725413 
1 1 1 | 0.08291810421343992 -0.04058667033747989 -0.017389791858423233 0.1604005079281517 -0.047602134889466005 0.04809874416420356 -0.02255570358085822 -0.0699480620816427 -0.0995687728006787 
2 2 2 | -0.03213439893963166 -0.005301180710347271 -0.11931406187600309 -0.07529318323735051 -0.18082263265536064 -0.05070545019937555 -0.07068107527402752 0.0329269553913422 0.09070142249248579 
3 3 3 | -0.357292483907381 -0.015520704666206296 0.03467581412005634 0.060680954762132186 0.1338531938428653 0.21342312255440324 0.04281201014100371 0.06093206645021396 0.025205656001451006 
4 4 4 | 0.17601372652500835 0.10363067151811362 -0.0670252775490561 0.0009549269249867292 0.0835742721714219 -0.09797087929377506 -0.083245851214578 -0.07869371969917067 0.06084399751302051 
5 5 5 | -0.07401186072183208 0.06440697508170949 0.12748291499441072 -0.07170743517169686 0.1635283510356026 -0.11118693285426663 0.09863426377966325 -0.05141796769706542 0.33263517484191707 
6 6 6 | -0.05184809421500969 -0.03552967027310656 -0.12377567362211289 0.10804406820982 0.16691693005779443 -0.1335622658066025 0.08050200561156508 -0.05219766825800418 0.2928269917927009 
7 7 7 | 0.08349418466582659 0.04082627799584991 0.11455394081464765 -0.08858673520482079 0.146775007081838 -0.12153481752381119 0.09089498508686375 -0.05935134729663313 0.27990104264791527 
8 8 8 | -0.3453044339392948 -0.032230163178870695 -0.0992445159966879 0.08017892254524214 0.1546122017942171 -0.13499363879350013 0.08137210282377082 -0.05621818306446539 0.27629344160291064 
9 9 9 | 0.42405016453096 -0.002015454241484603 0.022502662330291058 0.010164447811469636 -0.01442506603276922 0.0013195354090084072 -0.012874790033558813 -0.006151640862629631 -0.004413172686241069 
10 10 10 | 0.08558537830500001 -0.024865157718813983 0.04442606347081857 -0.03942039887507668 0.0035010978442695686 0.006651856176919333 -0.015854080453668346 -0.01603909785121209 0.01253178361554769 
11 11 11 | 0.09485505028706798 0.027549419448314856 0.035520406696933 -0.04159622841372167 -0.011273921103865044 -0.01050550222594907 0.0017845157937311279 -0.0014246926313006905 0.02231952174429825 
12 12 12 | 0.10817623008680899 0.022500881020762732 -0.026220722782500625 0.04959484098496258 -0.007267385720292433 -0.0017047865674468966 -0.01361556076498099 0.019779906729529263 0.01101808109562865 
13 13 13 | 0.10711006115618049 -0.03737578847432589 -0.004044327461336986 -0.053649003092846925 0.0060918916804771 -0.0029443814542446647 -0.02424090407841011 0.007373521859837768 0.0014336680159012368 
14 14 14 | 0.2676562667007103 -0.014635021291925477 -0.04347891829275269 0.034796813948090075 -0.005827815771875265 0.0046283924345012556 -0.004850669805663978 0.0031772074259779092 -0.012793437265257137 
