-6.333296747883827	0.4675965893266805
-3.521068320510746	0.4669874686257225
-6.974724627411677	0.3999925957998776
-4.823976526877996	0.519056420154164
-4.435259655997063	0.503544420223555
-4.592513419592957	0.5121753456784988
-4.708080059626145	0.5186063088912843
-4.133838145126839	0.4970359706363577
-6.993659207276003	0.4008494137219008
-0.5817558040327855	0.3384614563742441
-0.5925037229647488	0.34009949739183504
-0.8384389445630389	0.37778150964293433
-0.8249918422556971	0.37696974790830573
-0.8769859349861814	0.38084909813359713
-0.874797476217273	0.38286323640477365
-0.873540619360055	0.3827945307271855
-0.8750103826767877	0.38513770690345617
-0.8605729374946991	0.38290467018970964
-0.9390714322646518	0.3889249075993694
-0.5792024757166467	0.3546152153984723
