number of atoms: 21
number of fields: 9
Multipoles
---
0 0 0 | -0.4161898935898627 0.0030732211469090237 -0.0019881077359234444 -0.09946558966025068 0.033360426719082494 0.02073461784708049 0.04292324597790899 0.06251968457461371 -0.05963292826358982 
1 1 1 | -0.1553867331168668 -0.02081777085847325 0.029998448454579815 0.06883939796465492 0.01857162234569103 0.0032266516339082073 -0.04185611653025208 0.06109100696084706 0.0114995465543646 
2 2 2 | 0.22061794621002306 -0.0857531482676721 -0.002540574661199362 0.1038404090878677 0.012698608973753514 0.049247284407182575 -0.1551560325478291 -0.09587058486541596 -0.006598596061798072 
3 3 3 | -0.6163898825048282 0.1301933059648193 -0.012925162001174797 0.04468128752623301 0.15056115872851158 -0.05275007881809752 0.05738120059009184 -0.05784661037811228 -0.11396646136783278 
4 4 4 | -0.33526190595917527 0.07930270594096576 -0.010457039310616827 0.0008177709712853844 -0.07150678303005256 0.03537607459484488 -0.015701403589597405 -0.09316103895015987 -0.016985092752340485 
5 5 5 | -0.26663962187835555 -0.07294909485417975 -0.030874672487650332 0.011270777425160411 -0.05018189080993646 -0.034214086859217056 0.027232217945948618 -0.0660680992052753 0.06762145904697685 
6 6 6 | 0.23349453563612155 -0.01865864209772404 -0.026066707890995928 -0.07790284853090736 -0.1155854420564833 -0.027748471688060865 -0.0061192061696715904 -0.13614806034812463 0.15268488792702878 
7 7 7 | -0.13232956733147905 0.005009090498870065 -0.05860529501134237 -0.10765479000114651 -0.16346150238737156 0.013661652203660982 -0.082012611258014 -0.07421586543599684 0.12505270525304366 
8 8 8 | -0.3523528985482418 0.010085862164030159 0.015120563647127402 0.03440163971523386 0.20320240556727012 -0.10920741240980485 0.08397148099351755 -0.02328435611061321 0.025424746324363673 
9 9 9 | 0.1361855362243507 -0.0011720467474383319 0.047670928308637055 -0.0024487020354981496 -0.002932776425878556 0.0021253719038212128 -0.0038296657986193897 -0.018525743327934174 -0.008173976151949138 
10 10 10 | 0.155260170544407 -0.04702265533679435 -0.021206124770179868 0.005279757734172457 -0.008501042456869634 -0.0015896921270772526 0.008302885581162173 -0.005453381987980696 0.008719605291644375 
11 11 11 | 0.12839081776345995 0.04029053756179976 -0.0216912433949594 0.017350724972440865 -0.008361857451907132 0.0033522890444742173 -0.01168216749676321 -0.004443223044349543 0.007344030417265545 
12 12 12 | 0.13639423119748406 0.00478704808625267 -0.048634626747799024 -0.0038138244499398358 0.013798750527977148 0.0033079091977411793 -1.55836800381348e-05 -0.022442087911675464 -0.004607880991713311 
13 13 13 | 0.06830486652579049 0.010038696536679204 -0.02977766532056863 -0.05528329850630788 0.021208647378271404 0.007974569158891937 -0.014028940384686966 0.013362445360797412 -0.02161689741217695 
14 14 14 | 0.4200802826226129 -0.01752280410014098 0.008439093862701955 -0.01142251616795985 0.0061883805879242694 0.004646691859307762 -0.010538092740115444 -0.0091133540176777 -0.013171241752397249 
15 15 15 | 0.12364896626035404 -0.013070498178449269 0.016843616033453326 -0.04481994682373064 0.003395994585769562 0.012410715146242753 -0.011292448436131228 0.005174527847294235 0.007292829283397391 
16 16 16 | 0.13463356491939515 -0.010595532478386663 0.017931813007069128 0.04312934122909305 0.0040126629500677495 0.011552468900870312 0.007032721057381407 0.008272654039669257 -0.012553203763579634 
17 17 17 | 0.14055440754619386 0.012823522107083193 -0.0024126081308308614 -0.050146015799382465 0.011296100223685034 -0.007315577269916758 0.012898615204077977 0.008677927632701327 0.0032956402869917982 
18 18 18 | 0.12416882225512549 0.0136626442885105 0.0343151818720031 0.03623599431775257 0.008115502378423607 -0.016232714470615077 0.00044495205945547454 -0.00044120911272148744 -0.009226998865573058 
19 19 19 | 0.1251486170499545 0.037351258392157714 0.041128665338549183 -0.015097443859918935 -0.010608973685274393 -0.010341952259072853 0.005541200843406638 -0.01397992610788199 -0.0009297768307358611 
20 20 20 | 0.12547545681358507 0.006142903252676635 -0.048060130280254604 0.031055654467183145 0.002046570784442713 0.010583955929076553 0.0008181084370867755 -0.0001478983683223492 0.01679028369533341 
