number of atoms: 20
number of fields: 9
Multipoles
---
0 0 0 | -0.44288505014092827 0.00169618962126677 -0.005939971405337782 -0.07523540782253751 0.00590564397727219 -0.005508062434532204 -0.0014385286557727333 0.054051044218718015 -0.022643806281030722 
1 1 1 | -0.16640776770040233 -0.008023039758829077 0.01852422822353013 0.027265094964269935 -0.07535649476350265 -0.017607840623669643 0.015038622420052975 -0.034373643464528536 -0.008520363634023913 
2 2 2 | 0.016925438486494748 0.042569810266366914 -0.03623151619375644 -0.12458512545952154 -0.07893037805376439 0.08712897751002505 -0.03120076267910434 -0.06773242102162816 -0.026709085032036825 
3 3 3 | -0.6063192321263635 0.05885464762731017 0.027825026504794376 0.10243545107780713 0.051357677816678854 0.0030535149217851207 0.05382115563894843 -0.009820826226331717 0.008235254109763106 
4 4 4 | 0.6644399718751437 -0.05534955335294649 -0.049627838429406435 -0.012527158474779126 -0.09202873445079635 -0.23122299835044638 -0.009724600034610644 0.1355486103454575 0.013585604690586952 
5 5 5 | -0.5943383948751038 -0.021266190110036387 -0.014145926660925436 -0.06900769891609092 -0.11605420999149146 -0.17064402677822796 0.01873810754818086 0.090381097697839 0.015525421356580592 
6 6 6 | -0.1312373939461544 0.11006201044027412 -0.08746590081200951 0.10947281275747912 -0.04902127640386564 -0.11751933664630801 0.004496707359958654 -0.021210697504681086 -0.03794299889787405 
7 7 7 | -0.32157557316173246 -0.08841707640543517 0.04734801129750496 0.028329341545385373 -0.030298353408466584 -0.01824385339007846 0.06219594005056334 -0.11609714366954489 -0.07154340189463591 
8 8 8 | 0.047635162326846725 -0.028523203902022003 -0.03435761819103921 -0.13123781459868142 -0.07022273732013826 -0.0827784249163818 0.009424299269933299 -0.09850234340783813 0.00803221275784751 
9 9 9 | 0.1364951070231185 -0.005832463378162484 0.04545374458375684 0.008319381995428737 -0.0006736656174963652 0.0021736638470279167 0.001063343763934576 -0.02003734856413116 -0.003744139867932431 
10 10 10 | 0.1422589361341361 -0.03519169789184288 -0.029415153569242014 0.013467697672197708 -0.01135789867588256 -0.004669643680715989 0.009061455954769112 -0.006619398280697427 0.0073974485300832196 
11 11 11 | 0.14625711563362742 0.04246109410489708 -0.018400377181836694 0.011555525029716277 -0.013653654609271837 0.001628776922924381 -0.008975246561769715 -0.005999968773091939 0.004345823191504195 
12 12 12 | 0.14161664907345572 0.005266124006881696 -0.04508075367090807 -0.012721787145692337 0.01499855439645455 0.002400213385818767 0.0020014073808147883 -0.01979934273444031 -0.014828016732722472 
13 13 13 | 0.1094625029235694 -0.03823351744838475 -0.03437888961547192 0.02929267043085847 -0.00989597813475314 -0.004714397641346256 0.01992800416589993 -0.0127019918958986 0.005923307555335727 
14 14 14 | 0.08103064360846124 0.0021997479564580475 0.057048556474555416 0.003464126674921907 0.003892049774814057 -0.009206138646470807 0.015821900669097836 -0.028122904652963965 -0.009664538038518838 
15 15 15 | 0.36378919117666497 -0.027634525292157135 -0.01356589944428568 -0.009464596858096043 -0.005974285614986224 0.0053935976706728644 -0.010683890389294544 -0.016844194265909447 -0.0033141975222361077 
16 16 16 | 0.1475239408537402 0.026986440335487027 -0.0046312042618719285 -0.05207571840093379 0.009576676874354022 -0.013874979086964901 0.014731471245535014 0.007690980637957808 -0.001696322334565397 
17 17 17 | 0.0980541365412444 -0.005799168049193426 0.04851806970283776 0.022303362895809076 0.019514768704942485 -0.00515748177896934 0.018114396858990335 -0.008955595648383004 -0.024245010005199012 
18 18 18 | 0.06290481980027918 -0.007064306160981693 0.05404426451907065 0.011463634825551306 0.001162427584128548 0.01755003836580226 -0.015015334696172973 -0.03433558369390152 -0.014007029970473721 
19 19 19 | 0.10207191171774321 0.0494350971339631 -0.030948085102178318 0.016544067354860036 -0.012696904608962988 0.004839508720858186 -0.021150097332299517 -0.01310356996166328 0.002187458103317974 
