-4.808827618812901	0.5221530023092853
-4.423612106429051	0.5037361430139377
-4.603337575022988	0.5117745006664799
-4.543940496172164	0.510046957883174
-4.691843206895443	0.5184612520373247
-4.214405003075289	0.5018092661644241
-7.013167689130332	0.40276919579627424
-4.203391317274282	0.4975673174122428
-6.985513650521312	0.39962401810447873
-0.8433793815213896	0.380663697005315
-0.8672016796359922	0.3859229919089284
-0.866171988772	0.3860369040428399
-0.8961284749977154	0.3844860725457725
-0.8856139642252052	0.3857617287347428
-0.8673487637632329	0.3819380384194428
-0.898202211639144	0.388598590829995
-0.8853153355307415	0.38471293605161905
-0.8832055715959113	0.3872431472468865
-0.8581345473882735	0.38245905932496205
-0.9237948115767662	0.3870262517202545
-0.5670056857959692	0.351392940626104
-0.9305679012091517	0.38839344763203537
-0.5633684351232422	0.3527425173779533
