number of atoms: 23
number of fields: 9
Multipoles
---
0 0 0 | -0.4265997874426697 0.005273537431020463 0.05370842148994008 -0.06267011730884903 0.09018495950014323 -0.00180442634745442 0.001663822112368461 0.045838259575622084 0.04369318087669954 
1 1 1 | -0.08803435643423274 -0.01798614149409824 0.012461204507999488 0.06525213011117911 -0.00746703146141369 0.009680587940124231 0.059880519286538515 0.0009680482386542025 0.032472237186971016 
2 2 2 | -0.3286952249041617 0.04074092503583577 -0.026198205084149648 0.0001647725827456612 0.0238775457963642 0.05789539318412978 0.0912580560982761 0.027938273033176874 -0.02919578632371142 
3 3 3 | 0.06502126326313196 0.13353927996166937 -0.044586035118462736 0.01619762188736559 0.10636273397928718 -0.0017237313208617643 -0.030898028743623726 0.025999610844900923 0.07364490216305761 
4 4 4 | -0.37611216773412615 -0.05536253554671705 -0.0423415670813596 0.06734559914870523 0.08552257034695933 -0.10957381389534294 0.08283158043859193 0.03071801106893302 -0.04585502126157247 
5 5 5 | 0.20314943834646737 -0.021982607164807797 0.11567656483913336 -0.025731302304324664 -0.05995558614444322 -0.10175143534638366 -0.025047457512718883 0.042653889019173274 -0.10204726261823947 
6 6 6 | -0.166180655870364 0.021217732296771697 -0.00516438121522871 -0.011384516307725892 -0.03358979635572366 0.003419121382751202 -0.016077095904924368 0.028597060260460206 -0.024327880399793476 
7 7 7 | -0.3418528037735582 -0.0008929048434510352 0.04164154219664886 -0.02402318415435708 0.042872977834656975 0.04511142879795678 0.0067031093797344414 -0.03911088742626768 0.1059443144742493 
8 8 8 | -0.31232392166085 -0.02925009208933892 -0.02797714872024646 0.023613478074589175 -0.02927858230976338 -0.07028344340439739 0.07907592020251387 -0.03570477969894509 0.052240013716629584 
9 9 9 | 0.1391140496740081 0.019095091879191235 0.03171872604700143 0.029740346370013045 0.003340225606397949 -0.0010026432707172818 -0.0005398516544851546 0.0008656836015981088 -0.01805365573375121 
10 10 10 | 0.13428970128876883 -0.04623332927155661 -0.013532244549188437 0.00403524840090852 -0.009739724640198285 -0.009711929800298585 0.010833241494843588 -0.0032683870674925382 -0.004955721892379006 
11 11 11 | 0.1384948173853705 0.0347781685498866 -0.031317510770710114 -0.011937146412654592 -0.00292007919435943 0.010645602243699516 -0.00017761717724389638 -0.011756724959790427 -0.006462197109048324 
12 12 12 | 0.11185219077352315 -0.019905672965238437 -0.028493144029995542 -0.03412871896478726 0.0036557694801947443 -0.012233812946512355 -0.010737437760387037 0.005976780051211157 -0.027402204429111596 
13 13 13 | 0.13511962394393817 -0.04488592845319339 -0.016962957761694358 -0.006255884241607542 -0.016345125037306577 -0.007270378543363425 0.0032368954615357 0.004723940222713872 -0.005949187022289269 
14 14 14 | 0.13086742328060585 0.016243892121711526 0.022308694012662028 0.03567983363069481 0.004893422959230939 -0.005361416878557749 -0.006001278747988768 0.016197039199174233 -0.019223219576589172 
15 15 15 | 0.06171871647727478 -0.020685558635879456 -0.02842104678634624 -0.04831531746494132 0.014229767432256592 -0.006222195969308863 -0.02776412161565073 0.006110107365042805 -0.009600532408966614 
16 16 16 | 0.08492369407197542 -0.0008212610461339895 0.06124776939352544 0.011642951203235021 0.023291599095041905 0.0071355658233459695 -0.007725261443865889 -0.012009488592767214 -0.0006204953274837608 
17 17 17 | 0.07146300544747519 0.032320299816552794 -0.03131534616401702 -0.037404320562433244 0.005116293439235902 0.012912920146887542 0.023430754914786373 -0.0021211589844533363 -0.024117893841989972 
18 18 18 | 0.13967041625954912 -0.015906673977381578 0.03122861706638373 0.03471445317191237 0.016645518733266647 0.007038902600857864 0.023189989292178727 -0.0011141234959117037 -0.00482132533116611 
19 19 19 | 0.1575744395445351 0.013699761149576734 0.0065511861160036525 0.04826883200397268 -0.003152637606241501 -0.002864881558109194 -0.0034115410957621605 0.01532214009829984 0.003956046717765464 
20 20 20 | 0.15194456253535582 0.0032210516146648762 -0.04033348192626706 -0.027900960568061416 0.004390593232294087 -0.005042516551038021 0.0028906342430346284 -0.005643231951677602 -0.0133056877125269 
21 21 21 | 0.15793059387540653 0.005704785807300267 -0.00815714744143028 -0.049507177570942744 0.006145928634191389 0.006145955929788145 0.004281001592370149 0.01003973224329603 -0.004717482431999712 
22 22 22 | 0.15455345944731125 0.019565949049007388 0.03732998886610749 0.028834566459274843 -0.0023893585381316086 -0.0035736494996244012 -0.009691991731134811 -0.00941351508572599 -0.007918284843657806 
