-4.968337101067748	0.5253403968065357
-3.8223082331419818	0.4832780900699178
-6.774714795422209	0.3901274902617506
-4.3884827669418245	0.507566069302818
-4.394197579929724	0.502224770051409
-5.943641173388655	0.45696641920876835
-3.688020264872192	0.47366459980061343
-4.981729166399843	0.5246762003702449
-6.833236666980207	0.390792441495376
-0.8165694628493521	0.376135202264185
-0.8249071266043637	0.37721354748918157
-0.8260677378524333	0.3773471999420617
-0.9739168029485618	0.39211982926654887
-0.9166336245033421	0.39060149999673127
-0.8836416552967177	0.38027669093753724
-0.8923319113758572	0.38353545778894205
-0.8852156999651869	0.38556605584797865
-0.8076410993761657	0.3731198921245753
-0.8193503007722728	0.37793751068474424
-0.8285973755199054	0.3799134431101495
