-4.904759940730505	0.5229420151524988
-4.088558455148019	0.4926074551679667
-6.741160440872492	0.3889867084464001
-4.298906354635496	0.5020334866816072
-4.673954972049452	0.513410186860762
-4.5616196308673045	0.5098965595954286
-4.619392382220576	0.511652859098675
-3.985042089661388	0.4764988607486178
-5.832065979408912	0.45622685431974547
-0.8188586020231231	0.3753290876520157
-0.832560490280113	0.3787449969052542
-0.844094863556234	0.38133455475489
-0.9372442382433861	0.38905788101612604
-0.9394848395598168	0.39450341361840463
-0.8939851943636659	0.3807049146540693
-0.8625290874641031	0.38165965123029805
-0.84919834521697	0.37759503716550996
-0.8821566468709541	0.38525772405074166
-0.864884936957332	0.37935943413513634
-0.8296634649369614	0.37309937240014507
