number of atoms: 23
number of fields: 9
Multipoles
---
0 0 0 | -0.6457962077414372 0.0025248384384763743 -0.0825919022252761 -0.08991931573336122 -0.17516063879841076 0.04175705859059174 0.012201696953819615 -0.01184327825258394 0.09727988604908962 
1 1 1 | 0.2449678356254701 0.03600752698060573 -0.050092607254362355 0.0929494896630001 -0.059740874074607445 -0.02763920508601231 0.03590542855610777 -0.17217679377501097 -0.07094790843056915 
2 2 2 | -0.3349045554204917 -0.02093118055737297 -0.02402324822843807 -0.09519511202697423 -0.00732959624200875 -0.05649859416996725 0.06803381253286798 0.08480712118886766 -0.0554056640486182 
3 3 3 | -0.266138570064256 -0.06748211489004652 0.0011153713197019127 0.0733750008792363 0.030092827411989133 0.11109766321474178 -0.024685498130324494 0.10365229122653105 -0.00987223012838865 
4 4 4 | 0.04240466686018429 -0.10686531628484094 -0.08854413003387604 0.07299600512466287 0.0029837020248040702 0.09906720106679857 -0.06586294022401397 -0.010935744589772202 0.04121532544692031 
5 5 5 | -0.3500831409441787 0.08973856660260829 -0.06502968318181414 0.01193458046924537 -0.021092477467735044 0.13383258989843339 0.018360769053412072 0.06607459309812032 -0.025861522405920344 
6 6 6 | 0.07389599227585464 0.003772517941452258 0.1404469842894211 0.08191136374340582 0.04836645949327228 0.00017340906299505402 0.06356500561133276 0.11981929294147842 0.03950720241839599 
7 7 7 | -0.31533516913824133 0.06284495116485762 0.04656070881910339 0.028078103209792902 -0.018464043878424482 -0.03880954893345929 -0.028213430528621644 0.09353056373030637 0.03118681856444574 
8 8 8 | -0.2622325302691815 -0.02629803457647252 0.04560284573041825 -0.0510385809990069 0.019724730168995227 0.04811120672893537 -0.07514872998828365 -0.09172379241071638 -0.019327510654329166 
9 9 9 | 0.4167728163884833 0.0034930205033405367 0.0183013972210877 0.008400106668200057 -0.015277274749024182 0.001230851858010648 0.0009312699178012686 -0.009943490806936383 -0.01006921722900098 
10 10 10 | 0.07245834266085749 -0.053465190718131925 0.02623290606372754 -0.02250142088977421 -0.01952768965655751 0.02257589434883709 -0.010484279674710493 -0.0051643506233885385 0.0005004399704353757 
11 11 11 | 0.11221408711178393 -0.008016747159626223 0.04607093080044314 -0.0012966603430733868 0.010773332037249951 0.004968786642799654 -0.007447974226517105 -0.01585235256774965 -0.01408267808631477 
12 12 12 | 0.1359384005770543 0.034927278314387245 -0.025987931663833196 0.01846723694997085 -0.004913941266932037 0.010431560607290048 -0.02237966726947575 0.004371867006527968 -0.0008689338712312659 
13 13 13 | 0.12817335394108487 0.03608483983397484 0.03370820371199692 -0.003940547512145634 -0.01289851518838152 -0.01086017990844191 0.013244541989682073 -0.011024987070347353 0.0013661211588603243 
14 14 14 | 0.11535831844859001 0.004294926385758081 -0.0475133447564993 -0.003246625593951441 0.006066521132380111 0.005236903550402793 0.0037570608054183427 -0.020361894103039124 -0.007313246454116007 
15 15 15 | 0.09671299755460161 -0.01676371106326271 0.054069811384083545 0.018427683509974143 0.02307999620279532 0.014058008949339326 0.0029597739637531135 -0.010161431772264714 -0.005452309899742683 
16 16 16 | 0.0632517043853077 0.014861586445271984 -0.015008523850344716 -0.05593253124514982 0.025823615996248647 0.013410995190868006 0.019058807574722975 0.01156771557011317 -0.0012075582761363016 
17 17 17 | 0.0754594224949553 -0.05455310799234642 -0.005154482194119753 -0.03181972342815578 -0.009577281221776123 -0.0044118393847232444 -0.011841756537762154 0.02036824205637528 -0.012889644176809377 
18 18 18 | 0.07109779841110941 0.05676713546524671 -0.016969623194428834 -0.013375411717607224 -0.019366113312971243 0.012359936020238778 0.004157149635972227 0.021092802411103208 -0.009713671515424767 
19 19 19 | 0.1335279643481292 -0.03763081355672516 0.02298740474593351 0.017110479106738435 -0.015542490781338937 0.006590216689766342 0.015464733592387472 -0.013999423985040216 -0.008998556031465568 
20 20 20 | 0.12907390684811193 0.004399104065587727 -0.04704641805710632 -0.007582533351062217 0.0028042038763810982 -0.0055554744868926 0.004908099582385725 -0.020467985647720007 -0.010633198227402003 
21 21 21 | 0.1148094279884837 0.04287174743254414 -0.010277060996650404 -0.016558877602627583 -0.011012962827816093 0.020077312850342515 0.016414352566850258 0.0021547544436740533 0.008234683360869369 
22 22 22 | 0.14604073009655938 -0.021278624941254404 -0.01559826075340927 0.04304641107093011 0.005197834769229613 0.0036339576536876116 0.011120104545235083 0.0030631461572456875 0.022528180469824806 
