-4.50455913383307	0.5085998071333544
-5.847005568192493	0.45356424302830733
-3.9220464587226562	0.48634603701620055
-6.729414951417236	0.38707013597083734
-4.107064279566999	0.49288401339380794
-4.899350200839653	0.5202022483183653
-3.718763626131225	0.47234115178268654
-6.863919794298619	0.3956530893662747
-4.873419077756574	0.5176677744655597
-0.883683790316089	0.38513697268970287
-0.8841368449823401	0.38510977303324884
-0.9310116027620886	0.39893372572783514
-0.9672849390382163	0.4016396869408251
-0.9253757706296958	0.385974798812586
-0.8166436777319594	0.37632368772026537
-0.7953911893119493	0.37304965852695965
-0.7951083509873127	0.3730798064665247
-0.8169320693842312	0.3757172318921874
