-4.77965390115468	0.5184045436612514
-4.5152751609870405	0.5036605288132182
-4.382561270134693	0.5039432780331137
-4.6175910134696645	0.5159648893850525
-4.052573570591406	0.48856075821819944
-6.976375854473187	0.39890647840653104
-4.694017676695329	0.5123183313720661
-4.286941267922935	0.49920803941875747
-4.766149368671371	0.5230063043577765
-0.8628787759269029	0.38383622505063236
-0.8553166451581414	0.3816809912781384
-0.8573753871515954	0.38230774945825424
-0.8635037918750952	0.3808932053479653
-0.8655619339348644	0.38153926131821464
-0.8802195949943888	0.3739631661985027
-0.5748110363916065	0.35220770492160347
-0.839604297397725	0.37879539021461706
-0.8272953913147163	0.3750886543748708
-0.7296500307306214	0.35788599918448855
