-4.783072113408841	0.5190456022015325
-4.499174579978199	0.5033258745563596
-4.436450308329452	0.5068819439768305
-4.52363754162236	0.5103589765651685
-4.273276101193881	0.4971198254821056
-4.540978015189659	0.5114100342176414
-5.722161880767597	0.4504694195320413
-4.300086072312846	0.49774796930413817
-4.840386851767894	0.5222026073735329
-0.8655988618599258	0.384638681125209
-0.8581910118155751	0.38262609754962573
-0.8560739519317289	0.3820540817582614
-0.8694985745646808	0.3823844957637717
-0.8673934398788303	0.38187346312201825
-0.8692416033447828	0.3774851445371551
-0.8603356034916316	0.3786165349434132
-0.8613170255265193	0.3806924864850536
-0.9248947394613501	0.3911219166232917
-0.9034100962720567	0.38392491212569474
-0.8492795907083531	0.3820482934166557
-0.8571333741952345	0.3830122530897579
-0.8588486161633134	0.3844282718656241
