-4.491964428296166	0.5080221109986711
-6.769235441888755	0.3895061055078976
-3.6305268426261885	0.4716981508726407
-6.929461757360027	0.39705773078636136
-4.301709694628268	0.5062147406346793
-4.8303575566441594	0.5207407462892467
-6.2141562974307645	0.4686087662707198
-4.3006468779993865	0.5021891015479916
-6.974269069401715	0.3995074731688208
-0.8797425129003568	0.3830910198904766
-0.8798693442962824	0.383170440369596
-0.877640946562261	0.3802482282506375
-0.8624294746859411	0.3849638157100952
-0.8315678994830699	0.37887945980353277
-0.8305180543418628	0.37836809422554946
-0.6410076021787395	0.3506608859543866
-0.6319907017320177	0.3486325030138552
-0.9347137975069904	0.3912394402049779
-0.8876215988045828	0.3792433144115438
-0.560714166816193	0.35487626761250013
