number of atoms: 16
number of fields: 9
Multipoles
---
0 0 0 | -0.13798649183286837 0.0017096663492034503 0.015564066224812293 -0.1672803924025844 -0.12225810607223561 0.005848834234236443 -0.01321006843413541 -0.14508056754784232 -0.02678516971481216 
1 1 1 | -0.3433646909819057 0.029240191499185213 -0.011087910782691033 0.0959501183225096 -0.04855811039947955 -0.0007175353101743898 0.05161668216614091 -0.023944074945505548 -0.008176636445861729 
2 2 2 | 0.7872521947533899 0.023271299215985544 -0.008405193681016337 0.0720361933406081 -0.06923222349858767 0.02044534895159832 0.04779501621033855 0.23375031588818496 0.041132473372206005 
3 3 3 | -0.5683444926259842 -0.086453885494341 0.001153232418648027 0.05150924993744768 -0.06199456913756995 0.014009163409783917 0.014864886629484058 0.11167297019174134 0.02027763030662762 
4 4 4 | -0.25316250140481333 -0.008220649092530322 0.006741003645245789 -0.06580522771547322 -0.04509824026597697 0.014959879186875137 0.004753788069919264 0.137885594707289 0.026109712835809856 
5 5 5 | -0.2631787877977496 0.023129812598057898 0.0353892239653477 0.00688982426613508 0.08747171404226642 -0.08923480921195719 0.029685002207109887 -0.05809866364119569 -0.060864449858645274 
6 6 6 | -0.26321686818214207 0.017985152679151052 -0.03866261563522096 -4.480811536468849e-05 0.10513379508794275 0.04770750046631503 0.04908267103926926 -0.08525977119277742 0.02785969145250291 
7 7 7 | 0.3993755425887384 -0.06936126017917679 0.0011607415419735776 0.038504962533766555 -0.1970554332523969 0.007413323691717958 0.22736573855602926 0.07563650278136633 -0.001516616710554116 
8 8 8 | -0.45980726862643273 0.10154298317622998 -0.002814382951606583 -0.045955616165744166 -0.235974842774702 0.003794200886218268 0.30712385827370003 0.05771379221515118 -0.010806975327469602 
9 9 9 | 0.12039396264828439 -0.027808853900519258 0.05246224921489031 0.022716703253555317 -0.015564587032671964 -0.003140725068000998 0.0010254662644491575 -0.014699680842314504 -0.015398538365579226 
10 10 10 | 0.12039472108476545 -0.03503322891528904 -0.05143472681750459 0.012920310471182089 -0.014629140092399849 0.003980483995899358 0.0033483470755041327 -0.01974024562553714 0.00854212687605831 
11 11 11 | 0.13129097763574527 0.06257563363807882 -0.004843618930801992 0.005100930247292437 -0.009018344796527645 -0.00011803733770485786 -0.004344680723449642 -0.022719540269828892 -0.004027405675863153 
12 12 12 | 0.1800874688029226 0.014679289704533156 -0.018870436305127122 -0.05003818318129039 0.005322962651009193 0.005117198387001502 -0.00023621751806587548 0.0048939895380715834 -0.0036406362153079794 
13 13 13 | 0.18449050495748187 -0.03561377752031167 -0.021288577387202377 0.037742593576179775 -0.0011741230854843319 -0.002152205087333209 0.006572619472514928 0.0024594303461680676 0.003411277648508526 
14 14 14 | 0.18449600486825812 -0.03280382589903007 0.01861259684594817 0.04152220527324083 -0.0006690870761234032 0.0014994595899136787 0.0064787774124838654 0.003486626034464941 -0.0032537698748809243 
15 15 15 | 0.1800762680576634 0.017810120605509537 0.02564086235997717 -0.0458535108162389 0.004013477464775688 -0.005578130590879698 -0.0005667097038233198 0.003943716727292024 0.005368529604545384 
