number of atoms: 20
number of fields: 9
Multipoles
---
0 0 0 | -0.17053028914349522 0.007199580933835734 -0.014824481222403174 -0.16704690545002687 -0.010088618807330117 -0.01227641567812018 0.002726071960317769 -0.05374592608511882 0.026235273249699462 
1 1 1 | -0.5853027264519701 -0.01338981592566833 0.0055118940251137815 0.14968765179369045 -0.003731459761525208 0.004785866135283873 0.0046164345752936166 0.02562373344903228 -0.04272785261607837 
2 2 2 | 0.7252599988717163 -0.005033323391445136 -0.02561332669035781 0.0707637663132881 0.20743227023873406 -0.11487697187737586 0.012564909933135816 0.0005140151114004456 0.056420327463877575 
3 3 3 | -0.5915870788351452 -0.014553803610790481 -0.05090164869061027 0.03290803267216146 0.12065317210571434 -0.062239937843396445 0.014655632563256735 0.033149565026446164 0.014971225810665732 
4 4 4 | -0.46259258494084854 0.017947267299522496 -0.08307768346705438 -0.06693383510797367 0.1385859130695118 0.05297894762427918 -0.005399914874772515 -0.05588177714800822 0.0058024726825221615 
5 5 5 | -0.10917104593283167 -0.01662731379208354 0.08217145925034569 -0.0531372975183734 0.08501565597780679 0.02611160611174605 -0.00657255681717422 0.005143575791619514 0.041047047526758945 
6 6 6 | -0.14782968332083612 0.005389297321769533 0.0013864364621321381 0.20355211590706576 0.1778338421926274 0.002334428065215272 -0.03394789637757544 0.32683432510322213 0.05632358816542228 
7 7 7 | -0.08012498211565511 -0.010225613804029008 -0.0031550770544961936 -0.21151558512735733 0.16932024628793388 -0.004068873536059108 -0.028572075256514645 0.3061896335856834 0.011307357956407521 
8 8 8 | -0.3542675532037096 0.004671127503164448 -0.0038481468999479224 0.11029198626643318 0.05271653883645862 -0.002756863256589004 -0.008564174683194125 0.09714163009036722 -0.005581029197010496 
9 9 9 | 0.10421532706921466 0.05560626780349092 0.012343425622854735 0.014178672777688679 -0.008291428159078365 -0.004575800727864807 -0.0139055845222285 -0.018638354245563742 0.003320278024762411 
10 10 10 | 0.10326871638379898 -0.043625112840608105 0.03863391794057424 0.007490623460334007 -0.008249860186075141 0.0014798375097104077 0.009497373538355497 -0.021773320567237894 -0.0030930838896769523 
11 11 11 | 0.15138476912917498 -0.016137923958113386 -0.05762409408491486 0.011037764128099368 -0.006118143872342234 -0.0030505126846099738 -0.002838285572255876 -0.02106616534938799 -0.0013941707042033895 
12 12 12 | 0.3526412348837059 0.00835697181987717 0.028638850147754406 -0.015616708567936842 -0.019336234456822272 0.007791480583134118 0.003427317731566582 -0.007045363920621781 0.014784553699079937 
13 13 13 | 0.1744809377699269 -0.04328216645833184 0.003566298069896601 -0.020015318335484318 -0.008001273894605285 0.008694262847749872 -0.010632595442262409 -0.000289456848006679 0.011059543349571344 
14 14 14 | 0.15090726000730426 0.03716402538783886 0.018294361531872017 -0.02179935583079425 -0.003451602652736972 -0.014327477429569734 -0.0018151165080965567 -0.009460740681710763 0.013896505988813777 
15 15 15 | 0.13444928989243876 0.051904982338234866 -0.010926285721338292 0.01305334489458081 -0.015402301998182122 0.0055411698658750065 -0.008124705074628967 -0.00039663126312145967 0.01590819026847272 
16 16 16 | 0.15247348460136678 -0.04417420470640548 -0.029650891770331155 0.020561526343056344 -0.004442773464796557 -0.010486189996667717 0.004519047813617002 0.0020681077072982057 0.015131094037872056 
17 17 17 | 0.15041806298836569 0.04857354690321966 -0.017378637694342763 -0.009833415568659009 -0.006872986284792278 0.0030725708596708377 0.012569024972994097 -0.002669669062546249 -0.004692005935678971 
18 18 18 | 0.15113026380235572 -0.03964475348769989 -0.033956525421060306 -0.006055809726153899 -0.005170156639330584 -0.006099894706155191 -0.00901603648072526 -0.005341996670998404 -0.008400299250120289 
19 19 19 | 0.14891590217525186 -0.010011650778632062 0.05090996904311912 -0.006583481835736486 0.0019050105023628013 0.0029287274122256433 -0.002072331177717809 -0.009367123781249884 0.011979723163937696 
