number of atoms: 20
number of fields: 9
Multipoles
---
0 0 0 | -0.15490532134729573 -0.058637655405833274 -0.08224787555118768 -0.14033699863271495 -0.013164559202463585 0.01957300823648849 0.02366930027815045 -0.03417136120212907 0.0383636435000712 
1 1 1 | -0.6676217794055992 0.045382470606942074 0.06960358322719849 0.1329335920995536 -0.03597227392687592 0.02477256653797534 0.044746167826707886 0.05664432140038114 -0.023481460298715336 
2 2 2 | 0.9357325303141382 -0.010125687109970275 0.024144253989493426 0.003130462569367091 0.04943828135480338 0.10032260416762218 -0.06752628038489045 -0.0730997386792986 -0.05706888769146262 
3 3 3 | -0.6695408598069683 -0.028303925863104762 0.0783494614892949 0.02574492205023709 0.02454856533473549 0.051729446262735936 -0.05396863783362845 -0.015501184048441594 -0.035588833299558205 
4 4 4 | -0.70221730689265 -0.07412383957552895 0.06940310416049497 -0.10746935509435769 0.025359455572482842 -0.05436319941433863 -0.018171977350980133 -0.04132489162372992 0.042391646400701075 
5 5 5 | -0.022677764007642764 0.12792101171768805 -0.03441012486717753 0.0772028301352314 -0.028790833363071987 -0.049722020984301715 0.09215758584271415 -0.0021967736628296245 0.03758796392906353 
6 6 6 | -0.03086539898139229 0.0682496433333747 0.05797443154711033 0.04417703322180718 0.04555000065254605 0.07228881811359904 0.07548136161964844 -0.048872066763704355 0.019204464721508833 
7 7 7 | -0.17123466268203025 0.09640877313684647 0.04668816171864271 0.04069700452728064 0.03428184757424152 0.11804411896346349 -0.04278026073708984 0.028583007693824443 0.07941612894338168 
8 8 8 | -0.5684572728421164 -0.08451245888005175 -0.04641258614070105 -0.028016787667690297 -0.2404260909550658 -0.2419673040724315 0.11738878409175875 0.024205074481461294 -0.038671330040072484 
9 9 9 | 0.1474997229706042 -0.013778228315841771 0.056997552532527675 -0.01887068270192744 -0.012304867424817078 0.00545670962382509 0.002797131007143427 -0.011800766497258221 0.014064373754244987 
10 10 10 | 0.09522015115049665 -0.03859568587667093 -0.018064020139293712 0.040111300527103225 0.0022781492458122657 0.012746475031983936 0.01678801188422254 0.0009797255947005682 0.01791953388023158 
11 11 11 | 0.10692543981474145 0.0571588061561457 -0.015086959944913573 7.100135879044293e-05 -0.01196843566535445 0.0037701734741700044 0.002439049409703152 -0.0132258276380698 0.01902689899712714 
12 12 12 | 0.3552245667564218 0.006257641630295389 -0.030666577491585616 0.0036981404460726336 -0.004042621612113428 -0.003179741618958192 0.02450998654165584 -0.009959660984546061 0.0012087254436617396 
13 13 13 | 0.35808240676436387 0.015843092237715038 -0.02118522458626309 -0.014604728748651022 -0.0035294806889032554 -0.0021530039369387715 0.02080433580755012 -0.012597934314234461 0.007428099325379091 
14 14 14 | 0.10495427279616387 -0.023365432635066897 -0.04709774494675146 -0.024560617242042948 -0.003951628234143905 -0.012694374150233608 0.009534256012690069 -0.013764875110975022 -0.020932811592069056 
15 15 15 | 0.1337868593664575 -0.02725554951515385 0.037633106140158266 0.03654048914089619 -0.0058611666308729824 -0.0034690329040673804 0.008037961701186631 -0.006927656324684907 -0.02545506654645093 
16 16 16 | 0.11566573519660239 0.036160372342596094 -0.01818824753880575 -0.03752564696883063 -0.004021909319616565 0.025101537031845637 0.0017691181004389615 0.0053936777913091375 -0.018906112467302998 
17 17 17 | 0.13736986439160914 0.01877783071507695 0.01567850768341876 -0.050392133849109025 0.01913796833505183 0.000521738137487168 0.0015297092550438215 0.0063961112549614325 0.007365550150712179 
18 18 18 | 0.12450846539985971 -0.04615882524960046 0.015734278815530866 0.02848118820995179 -0.00667646137767416 0.0017941456321159334 0.012231608455089468 -0.00029399107293147614 -0.0036815292533460436 
19 19 19 | 0.37039162996642794 -0.002901625214670324 0.005277256743348359 0.030276343943984072 0.0014574027440602546 -0.0007351996660895647 0.006925683149308879 0.010080659357780082 -0.004264813004120341 
