-4.511732523246405	0.5077777129298042
-6.038712182851846	0.45534097136717894
-3.4025731582527157	0.46318793227504695
-7.044385249135537	0.4017402701297308
-6.07058270811328	0.45751917584857316
-4.37811202490884	0.5027772023085009
-4.380628100066606	0.5063668485897919
-4.521644885992558	0.5121612231702329
-5.930613332671218	0.4581297017519184
-0.8525002770293946	0.38049818212681724
-0.9047798488495035	0.3897531363902113
-0.8930745601852607	0.38644418336836717
-0.6447754332435773	0.35012249151391417
-0.6419175932356359	0.3502747742473287
-0.8950457272038371	0.38453198988792464
-0.8662131406335448	0.38016504219178715
-0.884334264803396	0.3812378393891294
-0.8626301356083901	0.37829425679142803
-0.8754915346001392	0.38333711942582094
-0.6296083700335745	0.3445865601015543
