-4.5391914849982795	0.5093800657331884
-5.888971736615455	0.45321473529889345
-4.513945578163237	0.5090728074720604
-4.049418422196781	0.4798010866403695
-5.788409203352769	0.45401752028126685
-3.591208168656667	0.4694000448448085
-6.9215477582303	0.3964361758189614
-6.752755007089116	0.3880355287504599
-4.491507553841126	0.5060511288087288
-0.8862490513789504	0.3850787821589315
-0.8752105061129852	0.38282046966576116
-0.9010675128344149	0.3897032071134028
-0.650673180617918	0.34979616022251286
-0.8181298223977483	0.3686397454322539
-0.8751300170962312	0.38169157143539084
-0.877730616092105	0.38230490523575206
-0.8700773007949167	0.3783323900926511
