-4.551894980533937	0.5107469026421395
-5.926104059180373	0.4550708675649891
-4.042551459244754	0.4898694898341412
-4.860678009769994	0.5195170261573341
-4.076301457215049	0.4798099928600436
-5.7999112520747	0.45481770139398564
-4.574622881332009	0.5110066564718335
-4.344908178233439	0.5010860118756032
-4.753113814338285	0.5111842514075557
-0.8978838242253948	0.3896957826542798
-0.8841715300904771	0.38398014688851423
-0.8748284595809838	0.38315837533310987
-0.6589963789609437	0.3490660419815783
-0.8385896025124138	0.3782247159351917
-0.8284450803446449	0.3760548901952904
-0.8224625246052003	0.37567364969580436
-0.8380795304198851	0.38017932457020265
-0.8362830874323623	0.3797270960224945
-0.837777144036782	0.38020506668425436
