number of atoms: 20
number of fields: 9
Multipoles
---
0 0 0 | -0.4150712163877168 0.06466940753561425 -0.05357911138428262 0.04033467553014292 -0.04002102062208861 0.03350550190109842 -0.044360913328071266 -0.007843702893134796 0.05751679089674844 
1 1 1 | -0.2830635926784133 -0.07268398908220389 0.03228275438209205 -0.03719942231900766 -0.0594226077562754 -0.0015489008160502861 -0.05866457912004906 -0.07681366019441775 0.047781820058650205 
2 2 2 | 0.3339152902016691 -0.10067798476926466 0.011771223691118224 0.06918427417517008 -0.031590355197104666 -0.042413263726699985 -0.10916161304432556 -0.07366815085214429 0.02955512499871453 
3 3 3 | -0.6154814820863717 0.12880113500376342 0.012901724539837239 0.012390106451551275 0.128014412825599 -0.027559132332477334 0.01759443283015139 -0.09101006618634433 -0.01599248778933739 
4 4 4 | -0.06632900069716818 0.07685947803113245 0.0500159459020279 0.10444395104633766 0.08480473528873837 -0.10154659388849491 -0.15398591916951507 0.19083529479777805 -0.2937246633087321 
5 5 5 | -0.35298913109762253 -0.0198878343477944 -0.08264340572005445 -0.11143352074906736 0.13873799798132086 -0.06672295586397263 -0.12586371298057483 0.12024672850498772 -0.227351229374989 
6 6 6 | -0.04883730332908076 -0.033868919581691546 -0.09341822666018182 0.028111655634524096 0.0050796843881838 0.012553802149022858 -0.014559840229865393 0.1064921310805945 0.05241399842843416 
7 7 7 | -0.1824363003304521 -0.026187144228201908 -0.11298995040701917 -0.0176212748463286 0.0033149973562239103 -0.03258723598480791 -0.043931159514790506 0.12268167883366721 -0.07888195923264654 
8 8 8 | -0.5481620043351869 0.015222085801086364 0.10382863460335598 -0.002696248327193195 0.052572098559772656 0.13763396824310492 0.044642315303941554 -0.3237298995683509 0.012393388406801731 
9 9 9 | 0.14015156517977645 0.026791525333492598 0.04104811121314878 -0.00528087625324739 0.009919594294835117 -0.009502393483411685 0.006488631725407991 -0.007327013288364582 0.001089289434785439 
10 10 10 | 0.142924578364388 -0.008234730654229895 -0.02722065349186044 -0.041565070049961114 0.0035977052618997025 -0.012370598295118064 -0.001758323024640995 0.007276545813195666 -0.005586815198686001 
11 11 11 | 0.1281898934286798 -0.032146641344309855 0.004975497322417671 0.035907541265544705 -0.005737474803375795 -0.010111858945704376 0.017020172232212995 0.0006377317018532714 -0.0023409525714531737 
12 12 12 | 0.13640595771676 0.032280991587429454 -0.004446105970323843 -0.03767733147100088 -0.014526490070131133 -0.001212062226918416 0.01251170991154857 0.008319226853244347 -0.008865574750152653 
13 13 13 | 0.14500459191887127 0.005000026474294957 0.020129514284085864 0.045243001267524445 -0.0007126799965700957 -0.010123669674904454 -0.0027974391603685306 0.01203349360585442 -0.017632053824906343 
14 14 14 | 0.44413927201530223 -0.019449623300256846 0.00038603674504062915 -0.01220120054083616 0.00240290087485946 0.00019464864132196503 -0.007094430645039278 -0.015571111981862774 0.0017213670844381391 
15 15 15 | 0.26727709886467854 -0.016065070371297476 -0.02809244285054447 -0.04569389226343783 -0.0034309820111624962 0.003994441774690147 0.005151213024215439 -0.005969797816700353 0.010153835720972773 
16 16 16 | 0.13970947588783011 0.045086073304224726 -0.019140625838424196 -0.02799818319772018 -0.00946003286926192 -0.0074985551932950315 0.01748741435788969 0.006371695483007591 -0.012523123891389728 
17 17 17 | 0.13967130902686598 0.05112544152970083 -0.01648677902988415 0.016332703184887522 -0.012124550571562925 -0.0024548989653810607 -0.009010325295859196 0.010285821564282014 0.008799496620056114 
18 18 18 | 0.14513416092982712 -0.04483799609029887 0.030248881332177274 0.023159301249768272 -0.0002699174380506307 0.005851783980497455 0.008751979875255195 -0.0019633896959775593 -0.0021448414335704016 
19 19 19 | 0.34757146151033325 -0.02800344707379114 -0.00019143046250654871 0.0023753513025363267 -0.01951351702025338 0.003216799002105373 0.0035117246865867696 -0.005470978128490488 -0.0006815153272806317 
