number of atoms: 23
number of fields: 9
Multipoles
---
0 0 0 | -0.41487647837374375 -0.01962654421591918 -0.015156132725195406 -0.09435242589625552 0.04283228148879289 -0.0027698250379471785 -0.0005337844717644534 0.06964719779914841 -0.035176051873072586 
1 1 1 | -0.28614068644096946 -0.021026234499043745 0.028427838728036683 0.07946297306521935 -0.023503705685758127 0.08014247881961728 -0.007853933872091145 0.046897393294316296 -0.04148824532629149 
2 2 2 | 0.24702485854407286 0.017148510764709253 0.11709753641090646 0.04827777501795706 -0.08641281675318667 0.008201251516836334 0.0010388142927320624 0.08576527320158477 0.08958730010214658 
3 3 3 | -0.6115565202444095 -0.04321847826760015 -0.11689568224438572 0.039368112123910656 -0.019155365700903346 0.06317534943628476 -0.09199029185957247 0.056469956979726246 -0.03327213819755181 
4 4 4 | -0.057463506909526174 0.13015808957686292 0.08168105448919812 -0.00584838550074155 0.15277463458958504 0.049952038368218515 -0.06676122821991885 0.10244311641970791 -0.05774188113785665 
5 5 5 | -0.6320167228614757 -0.04172132207520971 -0.08337800047017317 0.10536761508174325 -0.01663340749594335 0.12657606592131948 -0.03767361873585977 -0.11816250383858495 -0.10674369124140302 
6 6 6 | 0.2191042118303752 -0.018761690767841524 -0.09601476557437731 -0.06690155173827063 -0.11886608358500104 -0.04171409993276464 0.040123662719269 0.07208081001782099 0.12389049266339051 
7 7 7 | -0.5787690621838708 0.035350003415600115 -0.006838190445492672 0.003113553295721208 0.01547321913543118 0.01649428416467237 -0.04715809792944071 -0.04650801165516549 0.04241678774192339 
8 8 8 | -0.6247620816945201 0.07051965313033186 0.1072351724306502 -0.029549533052294408 0.05451227054328391 0.08803168658997668 -0.08760816446668283 0.12049704006762536 0.004461380791455702 
9 9 9 | 0.13996275372484923 -0.005905287435827681 0.04927752220435437 0.0005005346555401104 0.0013791438691735229 0.003616095005319488 -0.0007792960439798017 -0.016958789626409156 -0.0022268395509945295 
10 10 10 | 0.12059303137238997 -0.03420775962565344 -0.02779018063351563 0.017451707068993697 -0.010476258646382047 -0.001936330182203107 0.013710007941281091 -0.005459513683701359 0.011048987082220579 
11 11 11 | 0.13136048844478965 0.04448797320627272 -0.019434111486617594 0.003801144898537997 -0.011871181291984403 0.004568246751762259 -0.009759699449622542 -0.006958372775697304 0.006167717204896226 
12 12 12 | 0.13889930047051902 0.035343955964025675 0.026329996435397674 -0.021787996003314263 -0.00856582285607463 -0.006847337139098668 0.022339606101833796 -0.01107962843066686 0.0017150858923442461 
13 13 13 | 0.13646871781485292 -0.012349180010013271 -0.04896350682584824 -0.001623035483565688 0.004304064553633974 -0.002911151436024066 0.011654664325606641 -0.017331882105098933 -0.010542881965753264 
14 14 14 | 0.44227534335779517 0.01408235913769762 0.006438457862499693 -0.01459816910149071 -0.006984916457929262 -0.004642415731124234 -0.005847657073057124 0.008427966646090945 0.012982789125513074 
15 15 15 | 0.10997651665643748 0.013823386321733935 -0.05807924579269585 -0.006605558373668921 0.014138229177502765 0.009946453806577077 -0.00961533130808676 -0.010177169772754395 -0.010858103930243387 
16 16 16 | 0.09410870865049059 -0.05200598942842067 0.027580804735544487 -0.010659132831295697 -0.003139627869512101 0.01415118493214255 -0.02132741075692264 0.0019156848942931137 -0.004863336439662116 
17 17 17 | 0.434835348755933 0.0001431464510964136 0.0034365132337511525 -0.02162319217508905 0.007173839937993824 0.01723406214215557 0.003644885281198757 -0.0022086353303847135 -0.0020118912083293724 
18 18 18 | 0.08163650068500594 0.009209622734444535 0.011417288292289577 0.05947562686374214 0.015127873336279967 -0.004058204765677406 0.0016675103202386378 0.029531851158188772 0.003669655857542867 
19 19 19 | 0.1445445026097265 -0.032433424233661946 -0.01409569134339277 0.024590724262912807 -0.002348446812223446 -0.013989968136669138 0.011850435925478358 -0.0045679754433379455 0.000549310440505165 
20 20 20 | 0.18523930755290918 0.012027088611259389 0.04295999096902926 0.011582965192093845 0.007219973259463776 -0.005613687847107488 0.00607860698951294 -0.009356804710040294 -0.0023856468394284546 
21 21 21 | 0.15391666057618925 -0.003078477134034465 -0.008746079958112087 -0.04138537251698741 0.013165057834830072 -0.008906518938798189 -0.0037532262296558283 0.010077075734324438 -0.0015180497964288754 
22 22 22 | 0.4234704953087046 -0.01877961561317346 -0.009643336067889781 0.005699511017634765 -0.002425074439807966 -0.005547141986957631 -0.0089702827878488 0.01190161381736709 0.011129140587031067 
