-4.772018661963613	0.5197388928662932
-4.5420627429014875	0.5086905417564856
-4.566364768312575	0.5092676167430585
-4.7735287896767	0.5186998460542619
-3.7389214019366372	0.47105969821159743
-6.856348029164323	0.3952366965526273
-4.6695224933599855	0.5128072869343229
-4.2760878232455335	0.497052926311584
-4.778498388894369	0.5118221834580557
-0.8644961387246429	0.38452212118132484
-0.8723771011962492	0.3858393965666543
-0.874570840579925	0.3873536552310629
-0.8773353305556629	0.38350893160178046
-0.8767583104209536	0.38280944149531315
-0.8557537603150261	0.37783692795680074
-0.8596581217446879	0.3835119703129312
-0.8548862366574205	0.3824494010848556
-0.8582956366587197	0.3829053464642004
-0.8290518987497147	0.3785063585349373
-0.8354832757986173	0.379637810131213
-0.828118978568009	0.3788649639917853
