number of atoms: 19
number of fields: 9
Multipoles
---
0 0 0 | -0.1649908667380915 0.03983127077307912 -0.019437607654283796 -0.15305286560537554 -0.028200522105214988 -0.006561285008645936 0.021161782213655424 -0.0020746304955797036 0.038862788401281954 
1 1 1 | -0.5578625230479783 -0.1262342179430923 -0.09038847168103975 0.07041876940102036 -0.2186404716344156 -0.05254172948797769 0.04278615671431783 0.009920971348099241 0.018869572121058848 
2 2 2 | -0.03585611068456451 -0.05732835863171507 0.08557926352374727 0.12104085934130751 -0.043914352160512 -0.019221542868797976 0.02474521280618526 0.0029421606722819862 0.020642994907711765 
3 3 3 | -0.48912596441782163 0.058299049474468914 0.023384955717365086 0.020423176033069063 -0.0745628821016736 0.0005880664692323284 0.041795983165176034 -0.002448603216430506 0.018357289648520195 
4 4 4 | 0.7379507472818263 0.03081117207177175 -0.018622141255812567 -0.08784610081776685 0.2342546961874097 -0.006279242595515572 0.16561034415536763 0.05027043102407575 0.09285338612473512 
5 5 5 | -0.5444979502001672 0.02024465966145152 0.09257681680366732 -0.0386242718139467 0.15565095156040007 0.019598030217104326 0.10064047804020622 -0.010719258418625078 -0.008059150606693656 
6 6 6 | -0.37043785969651566 0.011387859740896697 -0.04164453854523737 -0.04964873371728168 0.040457298927611844 -0.027146964657236806 -0.003640824441374728 -0.0038918587332956805 0.0966748316764764 
7 7 7 | 0.4353432698879258 -0.04804127764739325 -0.07455429706417555 0.15404130180671685 0.1676646580933083 0.020647341814103954 0.08705650778748739 -0.055561948168431616 -0.060586545368102845 
8 8 8 | -0.6894899379191948 -0.0016991024028916086 -0.06483519064564745 0.01346959301550713 0.25787334196219813 -0.052628761466756546 0.06934276332388419 -0.2660389404765309 0.15664304654883432 
9 9 9 | 0.11668444952182222 0.027200205446188522 0.049432544000816585 0.014343644794789638 -0.003191025384116064 0.002645825900155985 -0.015550428380240648 -0.015906228156409994 -0.007684471222930749 
10 10 10 | 0.0718328450035074 -0.05612686631465334 0.0003039279156806745 -0.0048298531466434745 -0.01870969289966797 -0.0036180687726001877 0.008496863720174191 -0.020988097880665222 0.0027919916944535014 
11 11 11 | 0.10805737802818915 0.027937355759378578 -0.04469032075880009 0.01787931606736478 -0.0008307667217867624 -0.0008124786402162815 -0.016958309569219076 -0.020481339647987307 0.009765962745677339 
12 12 12 | 0.3369073105297511 -0.004628070632133502 0.025822901257770384 -0.01588079156671705 -0.016068160022220748 0.006266209667870181 -0.004203197952103401 -0.005829756618564731 0.020819995783606 
13 13 13 | 0.1409089550963284 0.02304581714959045 -0.03945730378802393 0.028471925616223782 0.0056545301449362146 0.01874814856653848 -0.0015543406627902343 -0.0004435468643817639 0.022755877829919686 
14 14 14 | 0.1604407832770922 -0.0010195602487863462 -0.041538119337039325 -0.027016815858182545 0.009257044482722236 -0.003265881188418868 -0.00014928789407864037 -0.0018031209001979284 -0.0055649037010279175 
15 15 15 | 0.15801827632883547 -0.010941904849572436 -0.006904014699286716 0.045150075194581425 0.010388024700038235 0.002860535947269131 0.011723005504778141 0.005550100529134843 -0.00011500013975551715 
16 16 16 | 0.15089275783490252 -0.018910229031236823 0.03818457644265115 -0.01974197542799457 0.007854544728174411 0.012363893509366081 -0.0035670124847645168 -0.004112197426141659 0.004181223194601434 
17 17 17 | 0.08527923231578627 0.011600051227708732 0.08195562365419132 -0.033470014582704675 -0.00765677869947806 0.003288758498650297 -0.009000239111132657 -0.012453356816725039 -0.00809026646467866 
18 18 18 | 0.34848648718854525 0.00936531437619624 -0.007680682245001889 -0.027735600879295576 0.0029314067252512784 -0.002497702219168052 0.004785452459155025 0.007380289337532595 0.007485596092250605 
