number of atoms: 19
number of fields: 9
Multipoles
---
0 0 0 | -0.13845418371935736 0.010852651757421755 -0.029368233693932624 -0.16669882542449527 -0.11469867924900803 0.011533519476326356 -0.023316670172777467 -0.14511567496179617 0.04787248356741404 
1 1 1 | -0.40133786321393927 -0.0037424434897588912 0.0290624951996804 0.10319945943681895 -0.050537645069466806 0.010126905549801748 -0.06952141176416154 -0.02693064932746289 0.050907156076696124 
2 2 2 | 0.8150453804901554 -0.03036146697553117 0.025648167389036965 0.06632668093272537 -0.017195801955365412 0.11883691452632747 -0.06530404911778609 0.1969576630805027 -0.03735393007314582 
3 3 3 | -0.5628743943628116 0.08070082294387368 -0.01934643184580182 0.07171101381699388 -0.033311190503565596 0.10565616322661464 -0.012517907640751768 0.12721585287586554 -0.05014556566079524 
4 4 4 | -0.6007761637050208 -0.02495284225652063 -0.024489834724434223 -0.04851011037084804 0.0003725270388327498 -0.023313812106726856 -0.018771855190576527 0.01688800408367113 -0.01501205145373753 
5 5 5 | 0.2049971570899327 -0.08277377303727962 0.09926726288380923 0.00880552145529207 0.09960516034438038 -0.0650639266783773 0.014908326647568717 0.031406932106716814 -0.04185228665413066 
6 6 6 | -0.6341408735121608 0.06289997417686838 -0.055484718268407694 -0.0871989204430102 0.028548610122034447 -0.11265335473914147 -0.013088594853609723 -0.05645183873047843 0.1441199783062936 
7 7 7 | -0.012064251881124477 0.14264695653813025 -0.05567281630624749 -0.0158078674710787 0.15152474360389934 -0.026007106047168944 -0.08572892638929792 0.07357964752731742 0.037511561432719234 
8 8 8 | -0.5887638607990819 -0.04356957977715093 0.12379492916548837 -0.021216937160600288 -0.01636349893008052 -0.07820764822394997 -0.052064894679169735 0.1306019308248537 -0.09501130096881033 
9 9 9 | 0.1231965732182787 -0.05642600376188658 0.02602929561458649 0.001077665914837632 -0.01133395302897122 -0.0026283289500539015 0.0011275049056505121 -0.02215785560375863 0.006467632945130813 
10 10 10 | 0.11985368240585104 0.008926209025971453 -0.055690691912991766 0.028810158359139738 -0.016896763652503637 -0.0003702308796429263 0.00191199364549398 -0.012032044842640711 0.017385092882923055 
11 11 11 | 0.1229101468755106 0.04982411302828313 0.037137921028403194 0.012063370986344695 -0.011035341551115716 0.004622937435514198 -0.008576450490269127 -0.02265567966324756 -0.0028396900506740394 
12 12 12 | 0.19653898558631078 -0.007682226540885926 0.03392185797491136 -0.023898765479603724 0.00595928181879791 0.006082884928507163 0.00297168967625453 -0.0052650230425007 0.015023580876501652 
13 13 13 | 0.21620333828206117 0.03500550277590827 -0.02279925618435793 -0.011229276953473115 -0.005197693850917634 0.01290698458028806 0.009502076068695813 -0.006119404466221282 -0.0033198042678855644 
14 14 14 | 0.058912371927943075 -0.005222361547526783 -0.04610503763078079 0.036247381376126854 0.02634861259565126 0.006235549511862117 0.0051246492455370544 -0.015094913390149463 0.024899991178892245 
15 15 15 | 0.4495361808332654 -0.0006599445224563984 0.012310892624796736 0.016791602065271923 0.01312402724764942 -0.010457555726074756 0.0051781484539415385 -0.0008444859024680301 0.0030418376205677334 
16 16 16 | 0.0931090155162142 -0.05190017548345085 -0.028593216257056624 -0.01293965061330934 -0.006052951298039392 -0.020713218727776435 -0.018785167103683366 0.00010486558496998483 0.007254335196202535 
17 17 17 | 0.11982380292994799 0.016384913526608542 0.04555828501058539 -0.02886310563141038 0.0160204372518487 -0.01655103260000977 -0.008311794602018306 -0.0028690093136554224 0.019675885081583952 
18 18 18 | 0.41685785705953393 -0.0012673031501584235 -0.021161266313732715 0.008119513593059029 0.015038745406883387 -0.00844178210511127 -0.010798833151077446 0.007803971475711956 -0.0012501603260636582 
