-4.761402260831025	0.5191427656370601
-4.6407136469766135	0.5138296696015415
-4.179084996251774	0.49723297032958763
-6.973924898603191	0.39972823774881516
-4.419589738561012	0.5102919473253155
-6.697143399397957	0.3879765706138929
-4.4978782602102365	0.5088547895660093
-3.957147821902289	0.48455279568573617
-6.817636497504671	0.39479869786972216
-0.8672336375962576	0.384924465349538
-0.8635856973782404	0.3854003996709109
-0.8684956668152434	0.38572061996746243
-0.8930452729485474	0.3896087970861251
-0.8535723039081623	0.37936300515663024
-0.8894822270110131	0.37687210834515333
-0.5854489908320966	0.35582407259641424
-0.8966838460486091	0.38423247891908324
-0.921578043885137	0.39268066453635364
-0.8757513934732115	0.38454378666788314
-0.8492148263406906	0.37681353896727265
-0.9566242413748984	0.39694164811343147
