number of atoms: 19
number of fields: 9
Multipoles
---
0 0 0 | -0.4935873585698758 -0.004711682495278167 0.03136094585081785 -0.05377098643210025 0.0109695830501234 -0.03801974380997818 -0.0038811185875248016 0.08137333579546861 0.011916183873431331 
1 1 1 | 0.11606717282586487 -0.06779444375845024 0.08578250457083894 0.06510032682631131 0.047965268297793934 -0.14591296647202281 0.06806423257047757 0.14135394694780506 0.02830138226881487 
2 2 2 | -0.338695014206861 0.020340990855474358 -0.020423982177572735 0.03285248686271462 0.08907121731237717 0.1213202980408113 -0.1335142357156707 0.03235882783540109 -0.07973513201549533 
3 3 3 | 0.04562057177980883 -0.01584391975958148 0.11660038160625245 0.03527567062930353 -0.023324522422163884 -0.20475970651018088 -0.0050645439444851215 0.05832325656773084 -0.032797209233925005 
4 4 4 | -0.29621683020957956 0.0013128718713268143 -0.017707854393264916 -0.02776707250666182 0.06450794796252542 0.006157648796978778 0.033942983884026716 0.03130652757635021 -0.01376067828691315 
5 5 5 | 0.047104794553787244 0.07995476581827701 0.024393152871843776 0.1403193924901026 0.02630227317369995 -0.013003709914959619 0.11482877533495753 0.040224181528564426 0.02452526313758681 
6 6 6 | -0.5867624190385445 -0.1191286987656113 -0.056021830066906045 0.03548361437175766 0.10368890623717195 0.15946204512633746 -0.04017892997369136 -0.08402593377915868 -0.008637715763509359 
7 7 7 | 0.48031517806996593 0.0024723240449370095 -0.02817899457759098 0.05925712191460284 0.2979627222767299 0.13866946092542667 0.06937528208250708 -0.003519984439390376 -0.0026730747775941806 
8 8 8 | -0.4600918283700235 -0.0036294577918905115 -0.005472744872960069 0.06097279335710916 0.26022208249177853 0.13973954872494754 0.04851828464449147 -0.04280636594619091 0.03040008027873433 
9 9 9 | 0.1580884277265805 -0.045782503398961664 0.007057185351073771 0.00904618396699206 -0.010821282596166085 -0.003493007248437147 0.011939271560415212 -0.006156674893410422 -0.003920072593886255 
10 10 10 | 0.1491734369319756 0.017476769655843615 -0.043673132081374785 0.0015379827545850284 -0.003924639088990869 0.002545830294529998 -0.0033935087573455196 -0.016014343373124525 0.002222177436034088 
11 11 11 | 0.1874066240201775 0.02516428239491054 0.03795183368322056 0.02118839222689803 -0.00801051525320542 0.0005158691524620124 -0.010468948446997537 -0.0025294993345504665 -0.010088195584354611 
12 12 12 | 0.09795176521750126 -0.036639892560708105 -0.03543686789918459 -0.036523421720133065 -0.00759940182919449 -0.011267336471819753 -0.004555030985151504 -0.0035143693309835954 -0.024299408537247727 
13 13 13 | 0.1073856773938453 0.00612455917837251 -0.004553817315244238 -0.05952944472921746 0.0224345857155101 0.001045083930182857 0.018039330849228694 0.008942277764508393 -0.0012801917492981563 
14 14 14 | 0.1759012708850537 0.018499181756526654 -0.030715472607609342 0.028468189257475022 0.009543379107502116 0.015232539555821259 -0.00996690472824324 0.0028401492816432744 0.01449539413171618 
15 15 15 | 0.07907463046330176 0.019305475584959847 -0.05564912203100796 -0.023175426613189828 0.0186263615127099 0.00913350749429142 0.007053321225746132 0.0008390555672003054 -0.015492772345047636 
16 16 16 | 0.07292677791494484 -0.02711392916551676 0.048927211977043465 -0.028457561798129204 0.01846933362344214 0.021334209897645708 -0.000941273452752589 -0.003655873747908696 0.008863888797752984 
17 17 17 | 0.42405765715916666 0.018267281213150032 0.009398111654261186 -0.011555310484882536 0.0015229271880673816 0.010049612712730178 0.010303388444619864 -0.014468893671454272 0.0024410070045129293 
18 18 18 | 0.03303676591855709 -0.01481132311750894 0.06357494176077154 -0.0317419689227526 0.0055665894935179976 -0.0032869700026742915 -0.005271390791571524 -0.012889006317880036 0.03423952823430216 
