-4.774481790805194	0.519501104755565
-4.536733137895736	0.5069475667223516
-4.374999520459427	0.5057961837278099
-4.79671674997414	0.5196460257808002
-4.237074517991173	0.5039627248426976
-4.76809262230389	0.5206440464267252
-4.0193829153502785	0.4942384830487665
-4.859407373656918	0.5176874664995896
-6.7715529603339855	0.3940936693161042
-0.8666080440636266	0.3840231852542091
-0.868952796770365	0.3852891010745532
-0.8687424369562001	0.3856538224671004
-0.8928775654667732	0.3848879558220633
-0.8890799546439424	0.3855984825346367
-0.8663114656591363	0.3856049155563583
-0.8425754273133824	0.38192855435139045
-0.8728314295548439	0.388127858750764
-0.893251539549751	0.3821587180901267
-0.8422580962020265	0.37904059158535386
-0.85392034620979	0.3795277578813893
-0.844206074431468	0.3819638582468007
-0.83982046256661	0.3805759552604738
-0.8393068472282994	0.3809351215996678
