number of atoms: 23
number of fields: 9
Multipoles
---
0 0 0 | -0.42198167660716823 -0.03905074679861545 -0.01473821693302646 -0.07933167558992921 0.05227934981192793 -0.02437452709114455 -0.008578750955024085 0.07300561400521628 -0.06661977361734767 
1 1 1 | -0.1909302775055659 -0.027180701219663005 0.04784962326341819 0.05799651877219828 0.008872765584415165 0.08175423061790855 -0.055437079914703605 0.0014192945062310532 -0.032852338190111345 
2 2 2 | 0.09004991392265982 -0.012115827618674455 -0.002200485524547337 0.04146860943481854 -0.030994936776888384 0.03974605343055737 0.028983622235630994 -0.0029859835442343522 0.09604611233671219 
3 3 3 | -0.4460069464053289 0.07001369818022231 0.006436728372116673 -0.039678167358773525 -0.028945383786383335 -0.002750381356026131 0.10482615766335321 0.014864403604125609 0.03157380124218508 
4 4 4 | -0.39032311392446406 -0.005891734441798585 -0.015163124363123483 -0.00732216239637884 0.048544897375172764 -0.05674951074405439 -0.013465388562238266 -0.17019933319963415 -0.035814626274046905 
5 5 5 | 0.08223133737517596 0.010396626034617603 0.00029110728194558594 -0.03480006411787142 -0.008239217169601505 0.021588504063370744 -0.007484669435411325 0.0841420013061267 -0.045394720200117505 
6 6 6 | -0.4387729980242412 -0.057129461388975976 0.024540496327747224 0.048843403266196996 0.002502791341647241 0.03964647383900607 0.0557621311723733 0.036023445252788014 -0.03785590152208957 
7 7 7 | 0.05263452959826154 0.13332604429943096 -0.005529607475808599 0.05721865763470271 -0.27666741914947673 -0.008632129678820783 -0.2571270831297737 0.06344574012080884 -0.008552133472070157 
8 8 8 | -0.4482219658062707 -0.12955521235327297 -0.006579822431422252 -0.07095305690992897 -0.215006559549795 -0.022381179937134645 -0.228869034177514 0.029664669839984528 0.009610454476409958 
9 9 9 | 0.13539481652918917 0.005003661120052409 0.04744573131374058 -0.007551296499099117 0.000539183357791035 -0.0056962645743885215 0.005646206787173704 -0.016311227899112258 -0.002892740785060629 
10 10 10 | 0.13252248373316533 -0.03944731380145227 -0.01376428202779566 0.024438157596647313 -0.0041138658444740996 0.004301971253186832 0.016266058832460642 -0.0008892907923947472 0.006212212528560445 
11 11 11 | 0.13228470211701293 0.039664378780216655 -0.02864294266605979 0.005768645961084666 -0.010416684961642919 0.006238004291742567 -0.005377077260878278 -0.005139536188230814 0.010026079965662328 
12 12 12 | 0.11849639662350464 0.0386066791651195 0.014619293785104015 -0.02744856443236168 -0.005250713787736728 -0.005231696296627255 0.02502056234207815 -0.005202141157301133 0.001069383370781651 
13 13 13 | 0.11215876183062279 -0.018445653893429732 -0.046346262973898426 0.006059163358702789 0.008059805801866689 -0.007703969913418788 0.012777106507347561 -0.023468946357560725 -0.001846756657102273 
14 14 14 | 0.13771591511112724 0.014275002395553906 0.019617184352982948 0.04112875037560563 0.014860042226465768 0.007184705916551278 -0.0052663471464394155 0.008556769026143501 -0.0038801441621710104 
15 15 15 | 0.1624552419826284 -0.03210016666907299 0.023508091594270572 -0.029809583917370507 0.0004197929384185372 0.009507061558471747 -0.009703955969868184 -0.0039776437329458285 -0.003130220920620456 
16 16 16 | 0.13751685910136957 -0.004859175354639231 -0.04607484738484455 -0.005598441179406765 0.011004980280618644 -0.005611719379377003 -0.0068552135555777554 -0.013889942815699092 0.005948953622425696 
17 17 17 | 0.1731110208563612 -0.03924429848697651 0.02877287832956936 0.006431904763141929 0.0005677971976779236 0.013054043322460856 0.002397253353919452 -0.002969630855880217 -0.004039812769896526 
18 18 18 | 0.1632453765226003 0.045942706207310134 0.010729164568918842 -0.00465764040240689 -0.01228304205253261 -0.008948351003429644 -0.0003430843522261191 0.00212569134461764 0.0003653705278037759 
19 19 19 | 0.13620969666569072 0.041100067900628715 0.009092024046970335 0.020302003133685128 -0.007248530419322349 -0.005970163991181414 -0.015371573752124005 -0.0026346852775014314 0.006403987530320231 
20 20 20 | 0.14576173538297243 -0.01600564748263345 -0.0461070151442055 -0.0043025951425935275 0.011279216938382951 0.0012620363702260087 -0.010319287233496417 -0.01062189181128535 -0.005177596716690699 
21 21 21 | 0.15161593117549388 -0.012630396677516028 0.029238046457353877 -0.03736147462650389 0.009267031049462441 -0.008831345317020236 -0.0034865118175553566 0.008669715742935478 0.011116129107069763 
22 22 22 | 0.2709130963397044 -0.04755153132439082 -0.0006207787531510266 -0.022831070075194925 0.009667187600425299 -0.00022490330103819883 0.00835500913290034 -0.003048242666357438 0.0011491524251306636 
