number of atoms: 21
number of fields: 9
Multipoles
---
0 0 0 | -0.4034352359288773 -0.012602398651820444 -0.008085739000009074 -0.08964268947696571 0.007698656356192651 0.008098337082806037 -0.017489937665855684 0.08999909459353482 -0.040065315776057264 
1 1 1 | -0.3011998977738557 -0.002571229341579132 0.016605502077247414 0.07437987396156472 -0.015039290504356873 0.08589180876562925 0.008501119434134789 0.02812558835018781 -0.005936738932529386 
2 2 2 | 0.29922223023974315 -0.09939621731947831 -0.03752097821487213 0.07752959073168432 0.0829789814200624 0.11479242475718339 -0.0342557849211937 -0.0022484238676992382 0.04984410202461454 
3 3 3 | -0.6098995559350993 0.057431843648012994 0.007041568469115582 -0.11489679961541216 -0.01049792864299866 0.0583404258681983 -0.019601058192943714 -0.15869089821612772 -0.0005386311055886073 
4 4 4 | -0.4052578709462509 0.015021293211542816 0.008339432279812226 -0.02835519611997069 0.09510805394573019 -0.05624710304821518 -0.020675273948181742 0.026580122944629817 -0.18436561278077868 
5 5 5 | 0.035359142672374055 0.11111939983848605 0.03706075247525072 -0.006457335714654088 0.18385579392529197 0.026365855097240373 -0.1183982325917538 -0.0069857691012949604 0.10581918852441227 
6 6 6 | -0.3485158615540467 -0.0236045530323153 -0.00017158105855124032 0.026439284566206023 -0.10013751773154546 0.0337626261592311 -0.020314854271639732 0.19759456720171611 0.04633425257294132 
7 7 7 | 0.21600184821365787 0.060197865037941854 -0.05804219097954327 -0.07621502962158024 0.1784329728158924 -0.06606396095222682 -0.16883376221317928 0.008570310202924694 -0.06785611004795097 
8 8 8 | -0.490724988664641 0.040195526806437475 0.030394943101713312 0.038141303148301484 0.024889276071179522 -0.057774448966508025 -0.029506447496945854 -0.03285787020659154 -0.04710071679199343 
9 9 9 | 0.1317046458308131 0.007736286933597167 0.048244351487618284 0.003621827545893822 -0.0005879966988645307 -0.003977511656587647 0.00283636529055961 -0.015718854015598707 -0.008979702512545235 
10 10 10 | 0.11030313483692888 -0.03490658662714726 -0.025710241971315693 0.02032904443448207 -0.018388483996837 0.000860288187525679 0.012380803892358737 -0.005626210382872146 0.004463260656629376 
11 11 11 | 0.14140699548831892 0.04044735263424908 -0.0289499638261381 0.0029445215958788474 -0.008590531136969974 0.006611066919315065 -0.007946383181350377 -0.007891310735469644 0.0076860944948897066 
12 12 12 | 0.14948698514105208 0.03777069837676305 0.022676080498614425 -0.021598344914270425 -0.006253743586676329 -0.007181881719354613 0.019473572556879513 -0.005328319663204432 0.0048375425468291855 
13 13 13 | 0.13243739859652415 -0.01443217780901408 -0.04471530135387873 -0.005533498960608747 0.003980715352783145 -0.005570664128488291 0.012690026031229894 -0.022132563187091697 -0.012605006011488933 
14 14 14 | 0.4265062725700216 0.0019512116153223536 0.0017720228446946244 0.021464166506203027 0.013711244762749375 0.013446814587629656 0.00038980237158421844 -0.0037833255617695347 0.0012658445730281134 
15 15 15 | 0.15298463074792246 -0.04132748570424729 0.014949760503211137 0.017064946273558246 -0.008119202123199862 0.004546148714267582 0.013541284762388368 -0.000543357183963306 -0.008713518109248124 
16 16 16 | 0.15107122092668257 0.04495024191723591 0.013021242777846718 0.005001359826005781 -0.00958915831110419 -0.009485022072293067 -0.007948973954220537 0.0021672585262882196 -0.013836367101100255 
17 17 17 | 0.12470124876777589 -0.021673321325130345 0.045088395232211254 -0.0398148099624056 -0.0010968837807702689 -0.004292537988073785 -0.008316110167773826 -0.008924729677702387 0.014162248948884756 
18 18 18 | 0.15381510626800154 0.02896568051913066 -0.03585129354853271 -0.0019397300415111408 0.00559725134985106 0.012497863639064983 0.007161495198525627 -0.010282895468328742 0.0018094944269022454 
19 19 19 | 0.1708090503452645 -0.039765737940939315 -0.005244019145477682 0.028231044073562944 -0.008103922800468982 -0.0007801022688519962 0.007865445126960477 -0.0005212261538288639 0.007933158493555444 
20 20 20 | 0.16130202577331498 -0.001070458092910097 0.025020594091949535 -0.04002076516046347 0.0014462976331277302 0.004810376127518079 -0.0007078260759913743 0.011620428384207161 0.009786310678717523 
