number of atoms: 23
number of fields: 9
Multipoles
---
0 0 0 | -0.41841680095506906 -0.003961502384350264 -0.012434515310672512 -0.08505339627284414 -0.00580840665385881 0.016199947603538406 -0.005416543108526624 0.08389265100337727 -0.03949274281304382 
1 1 1 | -0.2877737645981142 -0.014274669906872877 0.01979820791306092 0.07029257072900727 0.004365665974612977 0.0940310114854163 0.007066831975584878 0.029103948825084974 -0.016774750871728566 
2 2 2 | 0.20829456430621374 -0.11308935861155313 -0.06177182292562729 0.08250270939392959 0.0819758274581353 0.08420057319108662 -0.032457093089534844 -0.00534770534668139 0.040658470844557454 
3 3 3 | -0.5957792467290073 0.055600377681676215 0.004004085516122612 -0.12298898802662124 0.021022487687039525 0.05207327489825818 0.0002502249855243496 -0.18029741190723814 -0.0019483990360347125 
4 4 4 | -0.0651465865379075 0.02586069198434601 0.02482708509121877 -0.1358379562892773 0.009556593400006082 -0.011946336423973986 -0.016477003483405164 -0.1486060357536934 -0.16233711489357797 
5 5 5 | -0.37741393361607223 -0.03088593926696555 -0.032986075715438545 0.05017115834078663 -0.09119441472351045 0.036597542942819986 0.06009706010417235 -0.019082195781666835 0.252776870443509 
6 6 6 | 0.3648839685187273 0.021262873300540816 0.07216417548111136 -0.05929381657405183 -0.042378456769851094 0.0986164353614203 -0.05573834060125521 0.13094946405963961 -0.09728804724893476 
7 7 7 | -0.5434544819091167 -0.024469158364561185 0.029685106433968548 0.016104714408551286 0.01407986488221399 0.05027859525065049 0.024692426058440346 0.020855247876762375 -0.0593733100491968 
8 8 8 | -0.5378946055645599 0.04067602641993404 -0.002556804269217428 0.02205229817616903 -0.059959476645125735 -0.0012309830010145747 -0.03963076381771743 0.012774031047333914 -0.008813463949316327 
9 9 9 | 0.13390408645657303 0.0063718019224860275 0.047890734094281316 0.0052194140913309735 -0.0011780832642517539 -0.0035632510336393005 0.003647573580980107 -0.016448038777410624 -0.006922434816173752 
10 10 10 | 0.11487903481680628 -0.03393800610228752 -0.028405948349351784 0.020164431484585053 -0.019178783249190506 0.0015825264227535794 0.008685957776659451 -0.0061034538322144 0.005601183304407637 
11 11 11 | 0.14723879088898895 0.04069182696509927 -0.027112485782264172 0.00622867342350573 -0.008375866419476642 0.006070664769695989 -0.00908095662382991 -0.0065165062660827765 0.007678626379895773 
12 12 12 | 0.14199077297776785 0.03958109614283172 0.023131858071973564 -0.016559227199256583 -0.009948955788554547 -0.006791585639412555 0.0191270779632944 -0.005374060903160153 -0.003588494175223152 
13 13 13 | 0.13788394453453678 -0.01424021241362715 -0.045519064266827086 -0.006632215910138162 0.0022232590238805724 -0.005389033091481187 0.010865759280591773 -0.021767509839694384 -0.01024705777219488 
14 14 14 | 0.42624772642041886 0.0035007197069407796 0.0004549612973429535 0.021772040068826968 0.01596341888673709 0.010706344566232671 -0.00014649387317786498 -0.00580356537615541 -2.7980395424056634e-05 
15 15 15 | 0.09329154346754609 -0.049673722400253785 0.02885473473418922 0.003679951369492737 -0.015646830411813282 0.01068834055411756 0.010569656818444604 -0.01425898127039729 -0.014963385273357332 
16 16 16 | 0.09668451083719842 0.053310685844759106 0.014472641831629704 0.015234799648529359 -0.011305328717038338 -0.007862598417871933 -0.014108407348222612 -0.008667563564514726 -0.018161777085975394 
17 17 17 | 0.15419097535604065 0.0409006692201545 0.007638263684604157 0.01499964753889502 -0.012496743940721327 -0.0028667576442273418 -0.009285285296690602 -0.0004968747739100632 0.005364912272908787 
18 18 18 | 0.1564648987156464 -0.01999079289205136 -0.039766709587864844 0.005137043658987026 0.007780898903739343 -0.008791457123855874 -0.007482184621810692 -0.007674864565888346 0.004741784334792791 
19 19 19 | 0.1643435286464493 -0.004972443937417051 0.020686252320502842 -0.038783687994901714 0.007994755146768232 -0.005993469004203934 -0.004150711549988758 0.013206872282664798 0.006682605900158488 
20 20 20 | 0.1549465714374315 0.007715569623717485 0.016685962247125968 -0.04060131904069064 0.015293757250067316 -0.00020039008954643935 -0.0008748222477754123 0.008840194990323704 0.004094511028139499 
21 21 21 | 0.15985532836612848 -0.013853968589937277 -0.04183210770423955 0.008387687896397378 0.009809818817757457 -0.01081565154696917 0.0037797526219327925 -0.007283122748200925 -0.00253852615996877 
22 22 22 | 0.1683043526779634 -0.018709439021155957 0.027852010319359317 0.030143066324056396 0.003796741662980079 0.011345654251394551 0.014186230514475444 -0.002064630359289519 -0.0027393521881710465 
