number of atoms: 20
number of fields: 9
Multipoles
---
0 0 0 | -0.6376641557708869 -0.031366822188621704 0.03379298090628617 -0.11550659514475003 -0.1106709611962191 -0.09965899836398799 -0.032932211348400436 -0.05073192690171522 -0.08942845613986765 
1 1 1 | 0.09636847594899134 -0.060378950944883 -0.014552807297773047 0.14196849190870195 0.01738761351592302 -0.06163964315524619 -0.060124631814475214 -0.08736800886128641 0.0276743864347926 
2 2 2 | -0.1163172687048446 -0.003883489990250846 -0.0033611709645043593 0.01557967418721704 -0.02630257128485071 0.01273282653432205 -0.06909372034372879 -0.10583864025398848 -0.049675630869519476 
3 3 3 | 0.050346401179508504 -0.076580774468367 0.034678645038378086 0.1398709404910299 -0.0761456482826858 0.09649502051092289 -0.06041020073496597 -0.0983379310787457 0.02974731725712505 
4 4 4 | -0.6278567286767878 -0.07347075887386503 0.03338459250953575 -0.11732291403400767 -0.006231222731464868 -0.13415603064928389 0.06542827939598742 -0.11494168565413972 -0.0835517031711898 
5 5 5 | -0.02160773956789619 0.02364129707476059 -0.015485042472598324 -0.10330654256157662 -0.04700378609364016 -0.026725167704844486 0.1625893990027521 0.0031647107532455305 0.08440518219829153 
6 6 6 | -0.3719988887034411 -0.003131047102948465 0.11566614291558083 0.06998623022484309 0.1946581213860346 -0.14803435812741267 -0.10169663155994994 -0.2023824686484602 -0.222017447343366 
7 7 7 | -0.1672071083614144 -0.03880450171311068 -0.08866607920121762 0.03976858135275511 -0.0021271412589847255 0.10821948155828562 -0.09010708984152509 0.0234400782470664 0.04738433659902873 
8 8 8 | -0.03411293069204291 -0.022853478441831703 -0.04082617629918677 0.024279872805079098 -0.043616333231108285 0.13714663014569217 0.04559543483049577 0.10894850789141176 0.06098721681208202 
9 9 9 | 0.4581980328735614 0.0060699745810795305 -0.018848875099422267 0.008098725214919292 -0.007943875523386875 -0.005790278348635271 -0.013620573056933177 -0.004849765658574969 0.006310131898852707 
10 10 10 | 0.0900994756811736 -0.04295814106627321 0.033207590293460175 -0.02414318671751671 -0.013411368455826503 0.0038572252616159404 -0.019461343464179597 -0.0168222337266901 0.020849082161105204 
11 11 11 | 0.05227350856122448 0.05758624769784914 0.015486247546211897 0.0023749191730561467 -0.02917277913157771 -0.013697090059356596 0.0012787759513208298 -0.010635809829011952 0.01888029593517909 
12 12 12 | 0.09172979059408559 -0.02100226096791386 -0.055084015790363795 -0.024901537631463827 -0.0004133074892421595 0.001999499048532954 0.006377799372542249 -0.02294542361129786 -0.013818338159631677 
13 13 13 | 0.0701004992075297 0.05015687123014775 0.0342940793932244 -0.013437204305499592 -0.01769835824978111 -0.011897133367710191 0.01148082706023781 -0.017044235696557615 -0.0015412432736227307 
14 14 14 | 0.43383185447435346 0.015595048636060822 -0.01202405242548853 0.01100938535393213 -0.0013602416442238155 -0.009137578773361325 -0.008646033864576116 -0.014006396518604698 0.0023985940808149784 
15 15 15 | 0.1163740921475479 0.007437745585816887 -0.05311307190003737 0.025957219687969497 0.003812208727300854 0.002740567036767714 0.010385498654797681 -0.008828207274356754 0.017702963690424203 
16 16 16 | 0.10502636297471224 -0.043502695930561726 0.03950557285765826 0.008175210771796209 -0.0037272587374961213 0.015133007311234714 0.015183708801943615 -0.009045895036881536 0.0069594719701726515 
17 17 17 | 0.15102577656551164 -0.00337773355710697 -0.017379877497409595 -0.053630181512898965 -0.0014325202242649185 -0.0030748271001064 -0.0023350770442452724 0.01710524072440421 -0.0008206483353095697 
18 18 18 | 0.13328745092891825 -0.02888017063936062 0.03707710922127048 0.02714111437906757 -0.0003485661027672123 0.006910466464201073 0.005509179353132567 -0.005376093577012653 -0.014782738347675772 
19 19 19 | 0.12633897299329633 0.040988913863229684 -0.02317967523952721 -0.03469762859384153 -0.006049126861957607 0.010800359610896754 0.018682164060105307 -0.005999426862612799 0.00797447826002178 
