-4.785590513649701	0.5199835345814451
-4.543752720737212	0.5060405239925019
-4.391414738247618	0.5059684216515163
-5.937873346024322	0.45849150838210634
-4.258874086696927	0.4986407561817654
-4.813421426963898	0.5181781725879736
-3.5936273582837917	0.4707251602100352
-6.305062373762092	0.4665074666473734
-6.9573732145252185	0.3995900432110037
-0.8627980158834422	0.38429768807709447
-0.8600507013684981	0.3839770452042619
-0.8670601888254079	0.384912212854372
-0.8708984601024952	0.3797307632710186
-0.8660507683285594	0.3817406564767032
-0.6759677088745794	0.3543139685028617
-0.8964751206437179	0.38226552497324
-0.8476984438735846	0.3814413411372677
-0.8528465360639365	0.38281084258393616
-0.8554366361096403	0.38349744296190963
-0.6046609037796024	0.3441497073659891
-0.5859905671769498	0.3390374389020436
