number of atoms: 17
number of fields: 9
Multipoles
---
0 0 0 | -0.4034525612566222 -0.07832015091022737 -0.02694773135604165 -0.045541622173175395 -0.02296963853288068 -0.0735430853645887 -0.04704847978658099 0.010968042322482724 -0.031452770951858514 
1 1 1 | -0.25664275332027753 0.04043028118422886 0.06944616526156745 0.042996082539975326 -0.014495974463729064 -0.0009201448865010126 -0.04356675102167624 -0.03145467274261695 -0.06880769399140581 
2 2 2 | 0.11717928696487334 0.1012830389154965 0.052010015332392676 -0.04065399566967066 -0.043947688505616374 0.2621415374603861 0.05241680300404709 0.07720743029546984 -0.017233121483192615 
3 3 3 | -0.26365253518818044 0.005746270765884371 -0.03945929942917346 -0.022585735875049535 -0.023719938136172177 0.0058382010895884455 0.2030930786413103 -0.10383178757101633 -0.07930786371612782 
4 4 4 | -0.10962047187307 0.07839868505048629 0.10722789906387238 -0.011568133360518706 -0.021392321390221163 0.09983936545565235 -0.05292422265658563 0.1846830309899928 -0.1815940347014462 
5 5 5 | 0.4173629191301238 0.07808335177083413 0.01301921127846748 -0.024483189742958978 -0.15810540041103133 -0.054855939786609305 0.09065227419507148 0.16612963053001067 -0.28432759797549395 
6 6 6 | -0.42099666761181 0.05422501089553999 0.017799682726846178 -0.014820061032355772 -0.1037869050641721 -0.0955570966733429 0.011904156367596421 0.08916511261360613 -0.21778308303835478 
7 7 7 | 0.37751480831534145 0.02632168440740554 -0.046671490582087166 0.07662104036492369 0.1659789029917626 0.2558379643056265 0.17459302411566674 0.11971134788885145 0.12670402070283415 
8 8 8 | -0.41683774658645767 0.016482544033577625 -0.034960628012971666 0.03084578493584434 0.09925444610349933 0.20755680381154856 0.13601311093742605 0.019669074387368105 0.05924188529022538 
9 9 9 | 0.14445081787474356 0.009020189829009394 0.041035924697692676 -0.02919706393409701 0.006586315667725694 -0.0032295401949928495 0.010781478844236053 -0.007164626266946318 0.005231810270911128 
10 10 10 | 0.14122679319841203 -0.02030350522963559 0.006452414991579316 0.046759434803436334 0.011293330905013802 0.0029946193579071475 0.006241340077906482 0.0039960370817997155 -0.0016344273826045046 
11 11 11 | 0.1397354989805788 0.03201300318853282 -0.0386502252258092 -0.004303866571723128 -0.003682846113992609 0.013604142412749123 0.0052975205515511424 -0.0013496157978286345 0.006606800692443663 
12 12 12 | 0.16351765662239726 0.02021901967503695 -0.001480664785352642 -0.051037391415722916 0.014376513361815986 -0.0011714425961563539 0.010148308158270537 0.0024247555853576545 -0.0026310054422824607 
13 13 13 | 0.14530186178464244 -0.014117057195011773 -0.03822386801094909 0.03398786241586064 0.014962891940606161 -0.01016341174418007 0.013911239602982661 -0.0020375019648126995 0.0027044248929521805 
14 14 14 | 0.13564240816793005 -0.052682369667032755 0.024273847747599706 0.007249727900126459 -0.013081582457280527 0.011593622261798135 0.004560322711631344 0.006340960693403142 0.002785142539914226 
15 15 15 | 0.039605042105419264 -0.05500092432665471 -0.03679801353962301 -0.03523541413729198 -0.019102200312649413 -0.013039034371529559 -0.016059796596460243 -0.008482012639707645 0.004990777413907789 
16 16 16 | 0.04814086596930478 -0.03810086457405058 0.06049317053710507 0.007206910411903343 -0.0036158557395797883 0.012563685368260177 -0.007560417854342313 -0.024464102226769563 0.004758832730317379 
