number of atoms: 21
number of fields: 9
Multipoles
---
0 0 0 | -0.106404092747856 -0.017444132334072143 0.014383173082960657 -0.17440054477459752 -0.041669612001790396 0.004650507655624917 0.03316002250863779 -0.059804646257209285 -0.021537520043565492 
1 1 1 | -0.331604726860002 -0.04864283822852474 0.024484650721703485 0.06690502345461607 -0.041619079831504625 -0.019744622927134612 0.10190532866758913 -0.08577175306438628 -0.06000552710805779 
2 2 2 | 0.34862070678601587 0.12067325760045346 -0.06598558188489013 0.05244611167426008 -0.032490596559001404 0.04085338271829827 -0.029800930323287265 -0.002880351426966438 0.02208217570654657 
3 3 3 | -0.4090334082351976 -0.008461052079868147 0.02936089448591732 0.0016897757853135023 0.1499825088021322 -0.11182575979209035 0.04793498874362448 -0.07756000055410625 -0.12988661936448484 
4 4 4 | 0.07769950673134396 -0.03289081564569434 -0.005329305638936683 -0.02091236056435999 -0.09230871950066064 0.18415279894725142 -0.09333959501888332 -0.027280138924114333 0.0992069976849795 
5 5 5 | 0.06848863544902795 -0.027119667606906414 -0.14812621774733933 -0.06463090126657381 -0.07029474152099197 0.14542951864803405 -0.05884111202864273 -0.014714285928694759 0.08599362713794528 
6 6 6 | -0.5962341803231581 0.12146592116902302 -0.009789158649591359 0.08271300077962164 0.0736982072511861 -0.04669795379677009 0.20194838260173953 0.024184176064423617 0.02817182042262989 
7 7 7 | -0.3560767990663587 -0.007711691393267806 0.0031949932003711807 -0.03023487785743808 0.13768111220745358 -0.07253622931619245 0.1479036777930762 0.11697019405116417 -0.08985870988563355 
8 8 8 | -0.39183504340620257 -0.040566653436319856 0.0004283829573064384 -0.007428795172890404 0.0343158997422488 -0.2052180905005113 0.1406235347175888 -0.02242049538851205 0.030523691897092305 
9 9 9 | 0.08611071713362584 0.0009634548826231162 0.05920727419060402 0.013102223828528731 -0.012569635245136618 0.0003515186388770374 0.0017108899397487996 -0.016958782870429713 -0.024276605303786437 
10 10 10 | 0.08780640507292448 -0.050226560572649806 -0.03276666676454912 0.010546004462618969 -0.01041208069106004 0.0017394654625744867 0.020356495205835143 -0.01948255453063111 0.009680536197909786 
11 11 11 | 0.11103151096788377 0.05421462891629974 -0.030337022220601258 0.0016803261997644047 -0.011747726822392633 -0.0008915427307076998 -0.006176451737856906 -0.021679081091208523 0.0023716868680287726 
12 12 12 | 0.1385702967680702 -0.01836286103800014 0.00778609976483536 0.0391817639829378 0.007301829681181089 0.0064250812381882105 0.01055712460506522 0.014184436143881395 -0.006269800763130051 
13 13 13 | 0.14565273894260555 0.028284479313812803 0.025898373185142147 -0.02138883342850276 0.0018235909502612013 -0.014161832801109291 0.01041799787420173 -0.0073185830051918895 0.012419578007964666 
14 14 14 | 0.06789840053734586 -0.03235563280114789 0.00900237630078939 0.053261609714102834 0.0029084824947095762 0.020875402495936137 0.022332041911364075 0.006761017302281515 -0.0035387275287494225 
15 15 15 | 0.06862108128750877 0.03191837243118736 0.03831184674175069 -0.03881056701709206 0.005736700397455922 0.00021196680072494602 0.013493602443466922 -0.01090704792959237 0.024971018566433134 
16 16 16 | 0.41367567185919374 -0.01912611039882986 0.008085614767907104 -0.011240461183393493 -0.004972005952442263 0.0011805714086749002 0.011713890047543963 0.012492521730348191 0.012047517636747824 
17 17 17 | 0.13729815079461616 0.02799618224945809 0.029431941623981602 -0.018184535990902348 0.0009733320683499204 -0.015792155015480928 0.011714877451149058 -0.0034288081064724764 0.012174158577116796 
18 18 18 | 0.14958692661721562 -0.015031831717392502 -0.03915531411370131 -0.0194432993469612 0.009901683552154289 -0.006648207283643878 -0.004144890103076891 -0.007188253263465599 -0.01441129430453385 
19 19 19 | 0.15406705538259868 -0.011982701070573627 -0.03615315283685544 -0.02530590527206558 0.0058155019636137026 -0.009378212339848202 -0.00417861974080537 -0.009993540760430714 -0.01307371519355504 
20 20 20 | 0.13443725432832765 -0.018038514945234174 0.011893131497220969 0.038522646347621176 0.005164084494141182 0.0037634417855242743 0.011540499108608568 0.016187110293491392 -0.005701771980839523 
