-4.831354563373637	0.523149666561818
-4.328339406754394	0.4999035483787935
-4.659687831351215	0.5123685730589261
-4.302338869797398	0.5007046945696624
-6.73769901970035	0.39152638504388143
-4.149963870286807	0.49269021444623323
-4.359003844453681	0.5058963790070654
-6.970034650790694	0.4001623724901948
-4.681455945813372	0.5125164644451737
-0.841208146148775	0.3807401151996686
-0.8677910106106773	0.3862646196103637
-0.8674956212886642	0.38617195105105306
-0.9068104766623364	0.3839704753385362
-0.8718125050166207	0.3841152724979927
-0.8637968895002681	0.3822604648298653
-0.8887278182057401	0.3818304123059012
-0.9089685830107955	0.38717966211170957
-0.9165786791103745	0.38820565281087976
-0.5792304079357564	0.35378033109582613
-0.8663188008775615	0.38349287470778515
-0.8556095579457103	0.38082898888248995
