number of atoms: 21
number of fields: 9
Multipoles
---
0 0 0 | -0.410213567836875 0.02358975101046163 0.006887010676463708 -0.08784636503841312 0.06674674841077373 -0.00182776109797686 -0.024872109456243414 0.09661954612009628 -0.025967043003580055 
1 1 1 | -0.1763256317698847 0.04839032676104179 0.02971661262069629 0.06576245486262491 -0.012804756700448222 -0.09912643458480379 -0.004889994028482042 0.06521598565461734 -0.016823082317125964 
2 2 2 | -0.025736915207499322 -0.036576745926433236 -0.0675130094929395 0.06682047313016261 -0.13015002763331113 -0.16673456655588584 0.07879301652757022 -0.061747336507302936 0.10986556667541171 
3 3 3 | -0.2945008672578986 -0.004649509988509472 0.0027443602587722397 -0.001237007749443329 0.03127190116088361 0.19908297647214623 -0.16180388016737418 -0.023397627505884158 0.13378573422840112 
4 4 4 | 0.0251831642118443 0.10715706156760638 0.01837329068456991 -0.009396770242936456 -0.14584821240177798 -0.1339747885843733 0.08551882063634562 -0.03361330938012256 0.09801566997232754 
5 5 5 | -0.4193181756466364 -0.06510423101838535 -0.047258454000506725 0.0332437097803914 -0.06765695659784476 -0.07842100905560352 0.05440759294793856 -0.012977852106441298 0.0354411400877393 
6 6 6 | 0.07413582322977774 -0.06698503072792746 0.07711691487918004 -0.055154872753238236 0.08708576621942496 -0.10879307283761565 -0.03227579803559282 0.17366567291997212 -0.1522877754533106 
7 7 7 | -0.38719512385656785 0.03795444919994015 -0.039471547316892626 0.031882434544114734 -0.15337622412358196 -0.02346143392115158 -0.008377115670100854 -0.06636094556763954 0.24710108354359958 
8 8 8 | 0.07970331118582141 -0.06858011951451172 0.06735229264537815 -0.06374274701067473 0.07891128932690226 0.029315180580351874 0.1239105704048151 -0.07938729416633329 -0.2147417776050639 
9 9 9 | 0.13096398613718696 -0.00174033509254222 0.04810363273026751 0.006106523690575011 0.00015208111511881559 -0.00020675126887944402 -0.003335810215149735 -0.01472233575546243 -0.013280003133158545 
10 10 10 | 0.1314811364079218 -0.04308640753157282 -0.024561964544947933 0.004602361742268074 -0.009008172235016862 -0.0053809752352740195 0.008894490249762278 -0.007804485812687202 0.006159007749783609 
11 11 11 | 0.13077966417472242 0.041285707039044696 -0.023481011923736934 0.011747999339103714 -0.006716645758524655 0.002156080060900201 -0.01676253080730499 -0.007294912630511479 0.005827659659441331 
12 12 12 | 0.11178329335739312 0.009619453867963017 -0.04962011928553802 -0.009246036080186558 0.00675155525620052 0.0020255494920563724 -0.010851202895067417 -0.018605014483851236 -0.015460175468537196 
13 13 13 | 0.12726432279205413 -0.035837534337312 0.033851180888298166 -0.01805020086452632 -0.007770341401408552 0.010498967230154902 -0.0214089950754365 -0.008182243010789765 0.004708664910648246 
14 14 14 | 0.12190911482746691 0.010325638536812745 0.015064344265279854 0.044802808276285994 0.0075753854587376065 -0.0023952884707534668 -0.011535537397515698 0.017286609271579614 -0.00208115718541124 
15 15 15 | 0.12143137041313146 0.013177865484533147 -0.03896626812515926 -0.024853564388912206 0.00623760933182598 0.013399797305848478 0.005202458806041768 -0.013892549312217738 -0.010608867625106898 
16 16 16 | 0.13778869723378617 0.022594517683490432 -0.035821292913009235 -0.02392560519377117 -0.000929178786855752 0.014850284498772333 0.005233088220303544 0.004225946127347975 -0.008032228823776938 
17 17 17 | 0.15179321427013537 -0.026578457451505857 0.03263391407009617 -0.02659461219761292 0.007490484470994836 0.008459263389873932 -0.006258264855904057 -0.0020296820182924865 0.009757362357051734 
18 18 18 | 0.13779875163681554 0.019238127411403648 0.015214172567157614 0.0419750521301869 0.00078007098568569 -0.0006068717429295098 -0.015178133889743537 0.0011512017946485715 -0.00977224757571176 
19 19 19 | 0.11586121326290655 -0.006309802332815389 -0.027080023990830437 -0.05464940921225654 0.006434196145659872 -0.015659729246224323 0.0060095957344857304 0.012151980559050451 -0.01816742011324791 
20 20 20 | 0.11370380326133545 -0.01011409703812417 0.046437358692457964 0.03934713914282098 0.0058377527383476225 -0.008277377055961469 0.016449503887655457 -0.0022647310121918607 -0.020634475872992854 
