-4.762825088341946	0.518303031812331
-4.607414537225723	0.5092841629407946
-4.075986759759714	0.4916756439771397
-4.685864558190283	0.515063377316532
-4.4572389412662385	0.5083137802848401
-4.380323635084197	0.5055005755291943
-4.373851742702989	0.5048446454817619
-4.548509546017356	0.5117286230867223
-5.758778176520266	0.45520034125877223
-0.872736056459646	0.3865987543393638
-0.8513540628559259	0.3821145720057057
-0.8722335935889871	0.3857573174604387
-0.8704908933547342	0.3818914700993526
-0.8848856066003065	0.38605445412141787
-0.8620975309184058	0.38283293819551945
-0.8634793039127867	0.38178840123090557
-0.8765219996456733	0.38261715761275417
-0.8643548183650129	0.3789134124496575
-0.868717289012813	0.3811718626977338
-0.8646327568937163	0.38262075386658256
