number of atoms: 23
number of fields: 9
Multipoles
---
0 0 0 | -0.4143498403480921 -0.026742456406605462 -0.024961957024222922 -0.08453289437746872 0.03575517521012906 0.004652661795647805 -0.0549988401908497 0.10115541600167725 0.023222617810576707 
1 1 1 | -0.1920739492549295 0.023436457455759455 -0.04950662368609546 0.06550582169363352 0.09542187497617888 0.051103592809146337 -0.06749562764531433 -0.016491787699986365 -0.009517858826314424 
2 2 2 | 0.048324246095266865 -0.011633129995625841 0.002314003307587136 0.03533285222579437 0.04189311954337741 0.004422710959250173 0.06772720610100508 -0.080360893296443 -0.032545498088070814 
3 3 3 | -0.25056442756970476 0.03743066374788316 0.010546160619447152 -0.036048246780122035 -0.005383885131016142 -0.019461711930802813 0.15006405275421122 0.04334759580584048 0.01252409231111344 
4 4 4 | -0.0922960928690495 0.014034060990651595 0.032549025799154814 -0.004736366054473146 0.0039562435866402484 -0.006177693937400888 -0.004340090398850367 -0.010515322713079579 0.0030798796482329875 
5 5 5 | -0.21904521205784455 0.03595302715108967 0.03463439910448498 0.04071550190122124 0.049703055034263234 -0.07197714770442759 -0.09881991818026688 0.04459891701384328 -0.04724787939955063 
6 6 6 | -0.18852217346021583 -0.01749333523001537 -0.03988411812765166 -0.011599482221631213 0.049866387961150914 -0.05598143672611611 -0.01956561809891746 0.024136334397830132 0.05192674607225644 
7 7 7 | -0.18537146186278086 -0.0021125754229105063 -0.0412184608316775 0.003541952657212551 -0.07409728776126252 -0.020074243267408597 -0.0044588459176702925 -0.03841599717672519 0.046139201800674066 
8 8 8 | -0.22093661906363238 -0.03114992195110494 0.05359880191298713 -0.017061114699149792 -0.041850115095407724 0.08649213859487045 -0.036497626865344614 -0.09304643906874294 0.045288749440280274 
9 9 9 | 0.12783188425474679 -0.004230225860837329 0.048654503631530954 0.004977214189340478 0.0021398333052599786 -0.0017589635690305853 0.005168126533542596 -0.013358874632157241 -0.010956693980992117 
10 10 10 | 0.1291297502811415 -0.03383851176335119 -0.02754104256600342 0.02030721879403851 0.0013526990093387483 -0.001533117396181258 0.015093446007939689 -0.005748882413982665 0.012637206613985897 
11 11 11 | 0.13230176306243013 0.04375250675718539 -0.02025751614485089 -0.00532070775835512 -0.014454838143014381 0.0050518367342714705 -0.00285692226137968 -0.007417918149836902 0.006277443832677235 
12 12 12 | 0.10874045449943748 -0.04880767312352284 0.009484150078381636 0.00290025620629369 -0.02104439886016803 0.015038590785584909 0.0006737078661501157 -0.007403130120090306 0.013017039857667364 
13 13 13 | 0.1153940212383554 0.037366644354918745 0.021164718189388036 -0.024931833250084013 -0.005095725046524291 -0.0072746306842363965 0.012550901032189598 -0.0024418003677877114 0.02445771065582708 
14 14 14 | 0.1193804628507128 0.02147690530818562 -0.009669472280466839 0.04290593844333375 0.005150848358638623 0.004855898513065297 -0.0047423283752748265 0.021628128583464513 0.005635997954147194 
15 15 15 | 0.11740070803787717 -0.04509644077121309 0.010092478074482334 -0.014893632716304683 -0.022445183294280212 0.010110389595952158 -0.001195692045364643 0.005492119333729047 0.0019261935318241501 
16 16 16 | 0.11574569688394443 -0.021335706195618684 -0.04818817941348493 0.008449659191865369 0.00557225019559428 -0.013754503002378234 0.0021672977632771514 -0.015017371508046665 0.005723799532263296 
17 17 17 | 0.11612288289621697 0.030135341721028885 -0.025269342962327874 -0.031146142279470514 0.0025641300342666875 0.010109838846206495 0.007618944166392574 0.0075042056325512205 -0.01877360993332767 
18 18 18 | 0.11571065940103487 -0.04834264708627046 0.013800157143299059 -0.0003880328585717304 -0.020280648103010973 0.007346289768509325 -0.007922639283272612 0.004230158992135951 -0.004454799111209438 
19 19 19 | 0.14120556571113452 0.004088617395742953 0.03831052364049625 -0.03723316726041496 -1.393887247550459e-05 0.006728834442183756 0.008978203929610351 -0.002166825219044133 0.014825342784139507 
20 20 20 | 0.1412470050730289 0.046743934649769885 0.02643601748314279 -0.000636415487761258 -0.0055983875100321535 -0.015319721811987968 0.0016893872039142578 0.010678424576746164 -0.0029791191538894807 
21 21 21 | 0.11607166231040422 0.009147472228455671 -0.003185395947856067 0.049330487689605955 0.007799098738122569 0.009225780686922624 -0.010328332375258877 0.01625017089698301 0.0062015076826275745 
22 22 22 | 0.11635239691953814 0.018382053143248374 -0.021942367307586252 -0.041107303077111586 0.004004468052949426 0.016116130254202873 0.009476961708478934 0.004594657999137688 -0.013831157658681098 
