-6.960542177251641	0.3985722502261022
-4.43455808829246	0.5049893771608048
-3.801282785236165	0.47604863128186253
-5.949105666831229	0.45766930262742894
-4.39690181307564	0.4985281733661046
-4.285101634817876	0.49632950792138314
-6.738508290609867	0.38794711984109914
-4.0823228377308665	0.4783916435804125
-5.759026407198165	0.45212523508948715
-0.5470250380180999	0.3502465761271112
-0.8720967617356068	0.3799468234785592
-0.8759482509623547	0.38128426834933266
-0.8658647466504557	0.37696955639813545
-0.8795308169428042	0.38025092603663524
-0.8591318963795216	0.3728264481251882
