number of atoms: 16
number of fields: 9
Multipoles
---
0 0 0 | -0.6277283991388121 -0.07157894938453287 0.0404774620738215 -0.0797011339511071 -0.03167455900263609 -0.14431641832407735 0.05773734020116033 -0.0951947907163503 -0.04710480165072031 
1 1 1 | 0.14263584037024835 -0.01098629819369076 -0.06034271959940806 0.13906585018193626 0.011772733644248912 0.0023282784867564923 -0.06403662097971274 -0.08607954676727748 0.07255963543090006 
2 2 2 | -0.5300459011334846 -0.025152070332490332 0.049820071472274394 0.015534134938520277 0.039229946101474775 0.056014641151879555 -0.036832981604103 -0.007039173184141626 -0.02912459391815558 
3 3 3 | 0.5958768582582943 -0.03767979124082189 0.038778448916060054 -0.008783303629522255 0.02904437405357934 0.2820679030658194 0.014257876505802385 0.20885556807864117 -0.015777986590794848 
4 4 4 | -0.4687469279651424 -0.05197596056503677 0.03749101023410378 -0.03382271951960035 0.012260789060874461 0.21789718138319564 0.01954099406243949 0.14383707046052643 -0.029387075772290754 
5 5 5 | -0.1888091315924063 0.09284117058520656 -0.048920890640647384 0.11126827561182587 0.015070866294450924 0.0445893221340384 0.08606054244105188 0.031163441672993144 -0.08015705509498844 
6 6 6 | -0.5798166922541972 -0.0409506072323992 0.003395091776858783 -0.11085271533399157 -0.033898630024255805 0.05506787846062426 0.00820488713224894 -0.028050052327223036 0.002265028401645894 
7 7 7 | 0.7395252559406371 0.045781993210226885 -0.021432944474287542 0.01878346255536232 -0.07243759858391736 0.16697247525374856 -0.05438700633478293 0.14288103996505935 -0.06407488140955457 
8 8 8 | -0.6108771502606807 0.040738094766313605 -0.018063599997593244 0.07109124024758483 -0.07408659178930613 0.1342527880610496 -0.0012976461237070602 0.061962737140867655 -0.045159044586440454 
9 9 9 | 0.45985449185989713 0.014532849893726229 -0.013621088089147493 0.006588400836928647 -0.006968791366460419 -0.004624278261662352 -0.005267439916040302 -0.014100321394962177 0.003143697617420365 
10 10 10 | 0.10943185832101143 -0.06145430260035001 0.020268916083681525 -0.010148904523790116 -0.016756872863472275 0.006471073110439672 -0.008921650684913901 -0.01486759057945493 0.012308615961622405 
11 11 11 | 0.06432854642028396 0.054050113771863716 0.03425408065229343 -0.013637208714073498 -0.016902331669367103 -0.011354859024249063 0.0047699433971563785 -0.011675414016034126 0.024314844113204222 
12 12 12 | 0.22223412742431425 -0.03620590517478465 -0.015734246980424478 0.02086049730219488 -0.0036305680988749736 -0.01359936395314886 0.008353542366946182 0.0012195590217203005 0.006073529543812658 
13 13 13 | 0.14397480387328287 -0.021916186601328932 -0.04875277641499706 -0.018904468070157453 0.0029701472185999413 -0.00827146345398674 0.012063401506454735 -0.007194398746744246 -0.01833387668665437 
14 14 14 | 0.14625736578664095 0.03223952521553148 0.03268628239212644 -0.03400013527067354 0.004002796063393678 -0.005025547351881782 0.02247409802398334 -0.0018409196985748647 -0.0022746475433398404 
15 15 15 | 0.380328708059804 0.028928929481525804 -0.01493467394189293 0.002053884447465957 -0.007522720269701338 -0.0055062921929974465 0.0005608818049484892 -0.018527291789037583 0.005656209739769406 
