-4.7737819684251726	0.5199939810023896
-4.511058512793135	0.506032119364075
-4.542967966969344	0.5091995824752321
-4.736459053645613	0.522217163031242
-4.194139279126405	0.4958007925397497
-7.002423422169873	0.40181853527239225
-3.976176530848292	0.4907850431368249
-4.893117440144838	0.5241886409927051
-6.986299411913539	0.4003172960776718
-0.863468231307867	0.38411932482338856
-0.8865891417745441	0.3894350696117636
-0.8650745881661833	0.38481124506110453
-0.8930203641177761	0.38516631275115515
-0.8857186879353662	0.3843490965196605
-0.845201900366765	0.3759725767117306
-0.8249554699586273	0.37464903018947676
-0.9450052639123656	0.3912703392050407
-0.9127076754163078	0.38374285709468936
-0.5726020888027509	0.35022060072710826
-0.8424845999803601	0.3807854900827667
-0.8358686633820849	0.3797514607080047
-0.8554816695632361	0.38476889392652314
-0.5825032379575265	0.35540268778169193
