number of atoms: 21
number of fields: 9
Multipoles
---
0 0 0 | -0.5040067002436057 -0.00020859940234666153 -0.0006920308622144059 -0.0525915592040845 0.06155773351779172 0.015092527209540015 -0.035991255960092915 0.08902621889176564 -0.0042744906189510585 
1 1 1 | 0.3649934844584033 0.07254719971350618 0.042026987838262496 0.0259404086658129 0.15464251309633487 0.0781652849556343 -0.0992814885315387 0.15724952709578208 -0.05430703627297667 
2 2 2 | -0.4473458040434837 -0.047313565680385104 0.025845805187171295 -5.583559878626435e-05 -0.15618359372622312 0.10066236099073257 -0.015491911378127858 -0.2047342243276698 -0.016605790085819628 
3 3 3 | 0.3398192467205279 0.07094556648143088 0.04985825460135067 -0.017604221929085173 0.14102718622647245 0.06127226600839028 0.1313517081448463 0.12763540719530306 0.08666280527222193 
4 4 4 | -0.49390318986645276 -0.0035615082245100743 -0.002571487890283918 0.05431475073968126 0.07439233012734105 0.0038760325881191542 0.04257693671009508 0.08672752375507839 0.02916443380641642 
5 5 5 | -0.4209374459318429 -0.02626511295252015 -0.023863230109893396 -0.0007103924324661923 -0.13946758908618626 0.014467785970004393 -0.008248105968211879 -0.284605988888331 -0.034017458605216724 
6 6 6 | -0.2865516117859954 0.02883130789253721 -0.07340041823774268 0.018282633603084013 -0.060123848543809616 0.05589965944770193 0.010917719627921567 -0.21475884437277762 -0.06526854897807485 
7 7 7 | 0.09271270688248379 -0.08038596922236693 -0.03924574215454287 0.1368124511957788 -0.13509360506498078 0.0886651681121646 0.01845441617194612 -0.07155329641506289 -0.062026571559694814 
8 8 8 | -0.6068167394986013 -0.08744100799621565 0.10634099890916723 -0.05012697775177775 0.02279837062607615 -0.19423590446389255 -0.005458386182655418 -0.00419606251549728 -0.11957944272638997 
9 9 9 | 0.15679439307887721 0.0044750792426489485 0.04596704066837905 0.005915885966132121 0.0030207650018537254 -0.001910298416592309 0.002086045795897949 -0.01110467324677962 -0.011059981184744867 
10 10 10 | 0.16081428278503385 -0.03774600536299311 -0.023272719229585983 0.013647939610072816 -0.006534264430767389 -0.004973916100460563 0.012104396918791472 -0.0038709270852069957 0.004944369154493351 
11 11 11 | 0.16838498252136802 0.039243468665930585 -0.026143768887695245 0.0024352273754570555 -0.00792818973981226 0.008018554135515252 -0.009220871393446418 -0.008755137201607891 0.006334103036250469 
12 12 12 | 0.1471966538242132 -0.037212021771768744 -0.02143271554908911 -0.0017826235132570344 -0.01425993385292264 -0.011737993369959593 -0.0019776049801914406 -0.0072343158414114464 -0.0013447866266218414 
13 13 13 | 0.16071430642609486 0.005478442167026077 0.04404346021350873 0.002855473872614253 0.0034732012674363985 0.0024309374628123746 -0.0007646617655352655 -0.01989465756473388 -0.0016825026775231218 
14 14 14 | 0.1615279466968752 0.0017120662891321292 0.047159484361814594 0.0004246699611105866 0.003996859146927334 -0.001379330910399677 -0.0032190294467380996 -0.01261204521679889 0.008123919122864786 
15 15 15 | 0.15664428400659058 0.042615911710027314 -0.019106304091348034 -0.0034378896879873706 -0.00999613314112524 0.006407742798256109 0.007439747314012221 -0.004876658482086292 -0.008751270302507271 
16 16 16 | 0.15701376211510343 -0.03750764272887969 -0.02116790895146824 -0.018799499657702338 -0.003458524041702526 -0.003450423733708168 -0.012228124654743561 -0.002800635155798948 -0.007126946724821518 
17 17 17 | 0.1410931202138458 -0.034732023686784144 -0.02693228220982158 0.0014351415392773207 -0.012113582367345544 -0.02456892314481472 -0.0014922192235399896 -0.0027073473802186917 -0.0006017945546168106 
18 18 18 | 0.05718516324855194 -0.014172594038901485 -0.037631867767135285 -0.049591510992739285 -0.0011422395585033314 -0.0016722353862928115 0.0064081538752488515 0.008471809654437064 -0.029916804188597945 
19 19 19 | 0.07997224687050686 0.042874085934027945 0.05042483410822936 0.008651709655921474 -0.008227693412641571 -0.012472023390260321 0.007121280523729566 -0.020223340999615036 -0.01428611829311177 
20 20 20 | 0.4130121070338262 0.018910716126479144 -0.013259480471349975 0.0032166867855915023 -0.0012854629661785525 -0.0035605220560971777 -0.011703762651477774 -0.009529016780961871 -0.014948256471353637 
