-4.530124893135786	0.5089567495938746
-5.69280129052269	0.448609559525202
-4.426619821029685	0.5066912113453861
-4.362742277156483	0.5059886179670442
-4.594021728541649	0.5118990150765138
-4.291909034074658	0.5046071039116007
-6.995562261767358	0.40134412000623415
-4.140640625984537	0.4963180991565716
-6.996630625465305	0.400121767352099
-0.9168080884488307	0.3938088300312313
-0.8833464995915875	0.38493938905194486
-0.8863044156558383	0.3854391697035749
-0.8565958087828802	0.3784247488457723
-0.8780312522023698	0.3822563007580779
-0.8693653253318211	0.3807885168912255
-0.9215456979666732	0.38802313879816136
-0.9122128709007711	0.38694065881512457
-0.5732207621642563	0.3526545169710891
-0.9440493993243982	0.39001717528280627
-0.5529542509764277	0.3502511153929787
