-6.979645392593261	0.4010177849544266
-4.281805926893951	0.5031183550918008
-4.489034401137648	0.507581725972762
-4.411692398928504	0.5047724224243738
-4.597543718716858	0.5143827019338322
-4.59219752875565	0.514352176601707
-4.42329128357637	0.5069464282667085
-4.5469589674652395	0.5149217914952495
-4.543522302442628	0.5145834463908103
-0.5851702880726848	0.3558682745532002
-0.929381012907095	0.3887948494219029
-0.9376675149962839	0.39243953217926936
-0.8631567426183381	0.3780089634884252
-0.8780381574205051	0.38063798198967885
-0.8775806339802001	0.3833257776788583
-0.8875091696619091	0.38641407565399577
-0.8778204229460047	0.38322937986184974
-0.8932771245917005	0.3878668569914403
-0.8901422998899391	0.3835682926756303
-0.8505776816325942	0.37995635904843283
-0.8504999417675637	0.37980659763484653
