-4.81691681475743	0.5180323308346918
-4.222929008311701	0.4946933593541455
-4.595827357039137	0.5131639831352219
-4.679300618861203	0.5131934709103656
-4.244582649714552	0.5006659922714809
-7.003114362969991	0.4011134484367652
-3.7214005132149754	0.47171382712851556
-6.900447994324402	0.39705091093034794
-4.817831555235385	0.5155256086122378
-0.8503204547065716	0.383439061967286
-0.8461483761642236	0.3810967395322324
-0.8506200438755149	0.38348231820360873
-0.8453987119381392	0.3789426546866025
-0.8267561184748958	0.37631963516359174
-0.9027114655286594	0.38163987891613116
-0.9358886404639373	0.39116762674573313
-0.5474662116055705	0.3482302247035265
-0.825652848337267	0.37810585351410225
-0.8251568082955325	0.3790299047488818
