-6.985590082658378	0.3999589344497459
-4.247311785785589	0.4990471316932697
-4.702096278151602	0.5146853422022082
-4.565650151291315	0.5079601079143484
-4.681457073154225	0.510011452413146
-3.992846948893941	0.47511277247808137
-5.800789146616422	0.4541952556343737
-3.7669622587461244	0.47501054805932463
-6.840924561692667	0.3940622524711388
-0.5538297353294676	0.34771123925893804
-0.8942952167495012	0.3796652439891672
-0.9292504018613434	0.38944297947594947
-0.8164157088384648	0.3729414161539147
-0.8608494370336996	0.37903627072132573
-0.8496808546372973	0.3769995214147825
-0.79942242095425	0.3697347332254284
