number of atoms: 20
number of fields: 9
Multipoles
---
0 0 0 | -0.11843668798564 -0.025354034708325267 0.03811955473958727 -0.15479073531686868 -0.04276641422140533 -0.03103536510158869 0.01541249309379234 -0.0891861302131592 -0.03589313459462918 
1 1 1 | -0.31607173312753645 0.07019304550333558 -0.0013403755063532334 0.041797385439316256 -0.042448400010273564 0.01670362838832018 -0.07455323737098832 -0.10229509707704314 -0.08922632523692516 
2 2 2 | 0.15230966634038623 -0.11508451171739142 -0.06809594510522084 0.03787770598354238 0.023141431308323503 0.04253888111620347 -0.02856969327203618 0.01092418478665242 -0.035113100930204436 
3 3 3 | -0.13804601543738304 -0.0337351960580356 -0.015865393498054225 -0.10504269594771891 -0.07848035967881015 0.09461914106998356 -0.07707051348928827 -0.09917831869720858 0.03650937834250208 
4 4 4 | -0.2932436523537607 0.10470963901061112 0.08654250235541563 -0.01114533883274492 -0.00705209546824116 -0.24587796626729594 0.012893135603155664 -0.05503649935399444 -0.11163602245694032 
5 5 5 | -0.20892107756192324 -0.07303173231280452 0.003933713741223499 0.11736171903269658 -0.017551830540724643 -0.07155808938286946 -0.010669650587846862 -0.03756466611742167 -0.02337326719575953 
6 6 6 | -0.10361952916345896 0.04962278253483441 -0.06818847639697334 -0.0404644488733799 -0.05276101563018097 -0.042814178447114826 -0.13863231841449408 -0.06989358134169452 0.0724463000156227 
7 7 7 | 0.4327781884403574 -0.024386879412333366 0.06357495577012498 0.0028905074688311875 -0.1669262286272422 -0.01403974027351739 -0.16804292804643386 -0.2946044960360765 0.014150855676306136 
8 8 8 | -0.4556709911851904 -0.026740760580678254 0.045719607687525435 0.004039787877047806 -0.13266686002217679 -0.06534102628121852 -0.10858647911493363 -0.24845708135781538 -0.021249924774337334 
9 9 9 | 0.08098824873309252 0.0098252969241546 0.05117836100682357 0.027178191990026676 -0.012483735346393786 -0.015329382103930549 0.003449848754350332 -0.014046577374805346 -0.024353354084356734 
10 10 10 | 0.1210730221249039 -0.05695114396976605 -0.0202072967033655 0.011811970439817914 -0.00711893027892819 -0.002333158593066064 0.014616035717492983 -0.017845525829570056 -0.006743583417851128 
11 11 11 | 0.08422532363928537 0.04205862110500628 -0.040937698429130816 -0.002508391839716217 -0.013358891882778742 0.008288124688496493 -0.0035355433419982513 -0.02464145672496836 -0.0018884795949239447 
12 12 12 | 0.0736404870191869 0.01865351141623425 0.0494723424711184 0.034379394086386406 0.014459551917304235 -0.007624680096045484 -0.019540711823966533 -0.0005048952904016716 -0.01961947253163246 
13 13 13 | 0.09284317232173356 0.04548382221231611 0.023115091981785917 -0.004897617214930372 -0.026100816226018734 -0.016032752218564747 0.003886439068541347 -0.017182638204930815 0.0017823062464317825 
14 14 14 | 0.11523766939671776 -0.013203910131752128 -0.052250284909724484 0.01311130657357865 0.001329404230741423 0.0065120547802295205 -0.00017624045593745381 -0.016400933176312117 0.01719521136760187 
15 15 15 | 0.12321312433300613 0.019133144159080174 -0.05215364924822739 0.0031302953729692097 -0.004949653405961132 0.009504004353644459 -0.015784502537948226 -0.014350287435405173 -0.01059305700105425 
16 16 16 | 0.12438414346597004 -0.03993173268186114 0.009726399221499735 -0.0380217912399039 0.010591753729475925 -0.0015316915030541343 -0.021885855526759344 -0.006166144483530235 0.0024355962187029468 
17 17 17 | 0.07095129305653647 0.032365736211248844 0.03760230205934979 0.008404015136236212 -0.01095345726532916 -0.017506518035028618 -0.021946282757296872 -0.027189226225953784 0.005742487367232138 
18 18 18 | 0.11948936365892537 0.020390874789505645 0.0420592611058923 -0.01678687198637433 0.006054572979534505 -0.026468885034525328 0.001962438813113649 -0.015826641883662607 0.015176341464870239 
19 19 19 | 0.040445547294128525 -0.033865770408543286 -0.06419239710447502 -0.004858732947268639 0.019487085386702352 -0.00947163191998321 0.0023111312013191906 -0.020048009176487327 -0.01064102201340833 
