number of atoms: 19
number of fields: 9
Multipoles
---
0 0 0 | -0.4361280797062852 -0.01805109693865182 0.021372528328018343 -0.07430103824141114 0.04831615329654656 0.0036528714572913313 -0.0018454693877954652 0.05625924555218777 0.012186114483595552 
1 1 1 | -0.11715144755793094 0.002905878268758047 0.004261200620465113 0.0720907642013711 0.04288923963537213 0.03960458716115696 -0.040291002014359034 0.043234309793515065 0.04481235055835907 
2 2 2 | 0.09165478563028007 0.05663683600607789 0.07866575284055785 -0.04611134582649162 -0.09418127087078125 0.10913598475726434 -0.006319921895934127 0.017804522230136663 -0.16623376683443694 
3 3 3 | -0.008332683187432188 -0.09769803842277251 0.0955920677662971 -0.08353781754163717 0.11917699538447729 -0.04589894631535305 0.07270933426978005 0.07039025410103389 -0.05856117353811703 
4 4 4 | -0.6026149125871942 -0.008339284343955226 -0.10329294791777126 0.07532918871337117 0.015087862314825236 -0.005467432907211661 -0.04421463567899924 0.03499510892079545 -0.19013541055333114 
5 5 5 | -0.3599088379308881 0.028336232774468624 -0.04974338463235925 0.06324671059646449 0.21993598952798965 0.12219887617033012 -0.04288599303014839 -0.006756658854872611 0.011080233267602622 
6 6 6 | 0.027279742871053614 -0.12728346832648588 0.04364574652939578 -0.06401938668098879 -0.05586426022350711 -0.14251414923561317 0.03457380367014238 -0.03392462109951368 -0.1178493099832238 
7 7 7 | 0.3837899753078 -0.04624723876178077 0.07338278789100015 0.02443949779594279 -0.07197984863391539 0.10743416414109042 -0.1459552042557058 -0.09586294109874674 -0.32067425381867704 
8 8 8 | -0.4286794052354974 -0.03294000089943642 0.03978838412849963 -0.0014283604927637363 -0.10121998984158984 0.0774624857015756 -0.17402194451974345 -0.05163938592108808 -0.17066289351485425 
9 9 9 | 0.1485712819743702 -0.006992914850667796 0.04278531763934774 0.02352262358487191 -0.002762164406412438 0.002522892307511604 0.004147469708002816 -0.008029477010520245 -0.012230991235953736 
10 10 10 | 0.1486717274626389 -0.03501639458536072 -0.033283561338637496 0.007555433146596689 -0.0048485667028799456 -0.005582795045714651 0.01147488197203253 -0.01082230836785744 0.003433140288657006 
11 11 11 | 0.1411204725590144 0.04541519380649766 -0.01843848513201433 0.0015510358619656626 -0.012826666161144095 0.002599367936377821 -0.006241339844921676 -0.010647223733318629 -0.0007811152560894099 
12 12 12 | 0.12793944527630374 0.007839236214265511 -0.045551928134499715 -0.02633562014389553 0.003157914910600265 0.003808845975740035 0.004442401506040544 -0.013579132852737133 -0.020008945263244808 
13 13 13 | 0.09692306003894502 -0.036330021283302164 -0.02587616408697917 -0.040270748888138 -0.003377897891228481 -0.006133848617115355 -0.02292206227653036 0.0005999103136238985 -0.017817865892621687 
14 14 14 | 0.10827732176946991 -0.04562301670154377 -0.03237966206088724 0.018310531661081746 0.0061763389025772724 -0.028295856548963435 0.012987421984351369 0.006046887448742501 -0.001859317551563249 
15 15 15 | 0.09763275062106702 0.0370332800046114 0.03764163878490083 0.0326436792029538 0.008680032135010677 -0.02184409028171812 -0.0046387563710141135 0.012896949737909426 -0.0023973354837407428 
16 16 16 | 0.44364849602952017 0.013342460753017468 0.011597501941389563 -0.011703803118284317 0.00644642545804092 -0.011635112449250232 0.006797657677144892 0.0022490514605349576 -0.008256387897075156 
17 17 17 | 0.10389538386977992 0.030671424495849656 -0.015429476611943334 -0.049781107401906534 -0.007729567639219048 -0.0013600418103006276 0.02587816329882254 0.0026719223561459875 -0.009767100317690871 
18 18 18 | 0.031978558095784426 0.06467559004556146 -0.009886734480617467 0.027743235221924456 -0.02705168254445178 0.017522349182572998 -0.0017257919730550059 0.007138557054458378 0.011040836430707792 
