-4.7697145280929485	0.5196386003244685
-4.561766032168043	0.5099562599376922
-4.392277617339575	0.5038640468802679
-4.651360414642836	0.515877104133299
-4.35934549052033	0.5029301694978283
-4.802756354621464	0.5178326904155747
-3.8592190682238954	0.4795995027467534
-6.846225571309618	0.39617189240477596
-4.6563044764479375	0.515385711868459
-0.8680356522075471	0.38540193780126997
-0.8662932559971973	0.38440680680112327
-0.8729753325913898	0.3870100565728849
-0.8927821990205929	0.38749272575040083
-0.885924314013941	0.3850244316937762
-0.8928438610693561	0.38279471542225657
-0.8823213951221865	0.38615116242406766
-0.8675148037680325	0.3828699722829909
-0.8964598388497408	0.38388596760647636
-0.837208290111162	0.38006796064587495
-0.8348111704955572	0.37805291325771034
-0.990446957460292	0.40284198830459406
-0.8625807610706869	0.38175484602449994
-0.8796869267717213	0.3854528054274205
