number of atoms: 23
number of fields: 9
Multipoles
---
0 0 0 | -0.41312265945512827 0.00831049761106888 -0.017440417925452596 -0.08722867961724366 0.04129053047044012 0.021796724886423452 0.031361243838013204 0.09863406373216071 0.019833359461032166 
1 1 1 | -0.20371741510585295 -0.011674575019232313 -0.04094074424526643 0.062416146416444 0.10342531147206553 0.018789227813141417 -0.004573440048198166 -0.01426416762485874 0.028544498769707365 
2 2 2 | -0.036444518185076547 -0.029883604702162076 0.018283551912432233 -0.0017498883932221606 0.028330390446923155 -0.02327480800646423 -0.03920149404381961 -0.056562948382146594 -0.040308928828967173 
3 3 3 | -0.29714791791640227 0.024302394265957854 0.011956359641875242 -0.023605317275556696 -0.0759102673855706 -0.008809454364957434 0.1508044382578226 0.05375344535231539 0.022366244727358996 
4 4 4 | -0.004484989652767446 -0.03718106168933838 0.02992402830111954 -0.02048712379557964 0.01210906023028957 -0.03141508682101408 -0.020187647625217763 -0.020798922012813907 -0.06817717667530349 
5 5 5 | -0.44080402509528316 0.035046022267830934 0.03925795268565741 0.0420864685587397 -0.037398644351668495 0.095617047149697 -0.031483860011288896 0.0014856989418857926 -0.05631589000294426 
6 6 6 | 0.492961568122225 -0.011151382818748808 0.05779384580694527 -0.043153455881555496 0.18652369340491312 0.2787363738557537 0.11039679828557054 0.1159564471780751 0.05200715319233481 
7 7 7 | -0.4686379259630371 -0.014449499340373368 0.03587594597859574 -0.04685680011791397 0.1319200492490568 0.2669548782479839 0.07378533701866859 0.022713464027794995 0.012625476064549841 
8 8 8 | -0.30086872942220744 -0.019233432293346647 -0.009733373800927968 0.021558708315242443 0.049050284080022453 -0.025713180212678044 0.09185904017747364 0.03982817424115309 0.11050063154295897 
9 9 9 | 0.13196434779245614 -0.0013079819944294025 0.04921099156687333 0.0049900944473155835 0.00022210414020911357 0.0016953420564567976 -0.0008050589172937844 -0.012969316484226051 -0.011656095647541926 
10 10 10 | 0.1337067440028047 -0.04086590610324252 -0.025772880301497738 0.003485248395798431 -0.011820668901154479 -0.005093231805358593 0.0078644708050824 -0.007834350558762105 0.009900441191794082 
11 11 11 | 0.1270246674086133 0.04018473778056313 -0.021235258464127778 0.014496323542249298 -0.005513682423020623 0.00802387148490073 -0.012768958121786867 -0.00885115885424808 0.0074973299089181895 
12 12 12 | 0.10721780097940647 -0.042869114001827725 0.016628631695665665 -0.015263563357696528 -0.013808246735450887 0.006614278071425522 -0.01518135321787607 -0.0005214411591401017 0.020176369571885813 
13 13 13 | 0.11407568598606033 0.04619096588186933 0.01735170260670101 -0.007724387090988713 -0.013420618633502817 -0.014309609165106978 0.0053557725040914855 -0.008437225464048488 0.01893737433895535 
14 14 14 | 0.10715613893064457 0.037122232505794356 -0.02333667171262523 0.021874176779979927 -0.012362455392701787 0.018355584241795956 -0.016338180083902414 0.00456955276286072 0.0169220524052145 
15 15 15 | 0.11767860487781201 0.002894205856662443 -0.034383630521323476 0.037487567111064664 0.0029155694032180083 0.0009405386652596804 0.009627964973892476 0.0048649826486282036 0.015804062085123163 
16 16 16 | 0.1324851962319682 -0.03321819862856144 0.03017062544740327 -0.010778170404252932 -0.012623289117661458 0.020795187292984234 0.002206049325048785 -0.0040283988257676165 0.010195572923286612 
17 17 17 | 0.10354016115025977 0.030795837771735668 -0.040000060029236395 0.012537372364527765 0.0046632496534055184 0.025007067566645558 0.007502576059634049 -0.016965582274935175 0.002968269734348009 
18 18 18 | 0.16279170988883718 -0.022989942804419215 -0.030797594309145426 0.023910280093898888 -0.005748894905988336 -0.010370950529958801 0.011242956645966485 -0.011436250873039063 0.008850958501058772 
19 19 19 | 0.16518882950444425 -0.01693079065506052 0.03860252038789551 -0.01146282113457693 0.0005053005846851616 0.01530950482441943 0.004088359633030319 -0.013965632733333587 0.008336818218289145 
20 20 20 | 0.009553042539706569 0.04167142923600738 -0.05976334600733101 -0.0009101461934480723 -0.007671005368076382 0.019753232002778894 -0.013934722959492624 -0.026375072796475503 0.012435720029737007 
21 21 21 | 0.13741923892931118 -0.02805315552647659 0.031561439877002474 -0.018736592949433632 -4.4142382754938846e-05 0.018391315346200417 -0.0030376473639066753 -0.005480324939795489 0.018025905391605517 
22 22 22 | 0.12031307322827955 0.04653481640703955 -0.011503877995989918 -0.01613631202504941 -0.009493263205751598 0.005472366621981484 0.014422219477147809 0.003684239168557574 0.005869978272650624 
