-4.842349165061623	0.5225136935615856
-4.300665526657958	0.49858427220158935
-5.701763010180693	0.44730936424196793
-4.573097435150557	0.5146793876953977
-4.231392856295818	0.5009046104311471
-4.848541712885584	0.5229128376413416
-4.113345349577754	0.49261315555934043
-4.9136579304470365	0.5264959296109282
-6.994005352316715	0.4006605647106504
-0.8588521369372878	0.3843437615810312
-0.8549069080604388	0.3825008625144458
-0.8500297857054452	0.3824390707503367
-0.9383988094248585	0.39361500791309884
-0.9086159096812629	0.3851562538007443
-0.8672086123364349	0.3812073785424083
-0.868468411855592	0.3829919995255712
-0.8553082014179564	0.383420133667884
-0.8572563347004679	0.38493061031785786
-0.8319522259946245	0.38004603725859304
-0.9049636923450725	0.37869986007738926
-0.8595422298845581	0.38591856337404096
-0.8389381103261124	0.3802617996069407
-0.8256799492349137	0.37930472495497186
-0.5820941623280663	0.3541862539341729
