number of atoms: 21
number of fields: 9
Multipoles
---
0 0 0 | -0.42223110205971714 0.04301698372995895 -0.004126373317277207 -0.07067976609353191 -0.007290337423174806 -0.010050919086815126 0.08260586063267641 0.038558917667081694 0.04242029987577898 
1 1 1 | -0.1662295954639088 -0.045086614843961065 -0.05674761883973314 0.02674764111525265 0.050453690212999225 -0.05747211399970594 0.0688918727999063 -0.04546462280462421 -0.013530712647822504 
2 2 2 | -0.10051022373603846 -0.02739188231100148 0.03987385970555494 -0.0006064278868223946 0.038310294817822256 0.008463319994367518 -0.03928021417109406 0.008920235195187528 -0.06366707773715906 
3 3 3 | -0.3530894166270446 0.03247572674080513 0.012504639578994023 0.00414436873625633 -0.10390027402427784 -0.04513409370078131 -0.05790652949338153 0.00926144500781587 0.014303813612944525 
4 4 4 | -0.20585843030075157 -0.029164855694558758 0.022161088129874496 -0.005755377065935522 -0.0009238403442234354 0.0023811273598252714 0.06063838844687509 0.017457489456192386 0.06919480540334229 
5 5 5 | 0.06477571704229046 -0.02610147329684448 -0.0816983442613162 -0.10560938514153867 -0.020790648239590426 -0.052952108985042184 -0.0023978811655545385 -0.1567109809954916 0.09712795167710027 
6 6 6 | -0.35766920504902977 0.011194543069714982 -0.017204964791954977 0.06301950308630277 -0.05586504673750673 0.0680143304450771 0.08735762898034269 -0.06496356196016201 -0.0608436484433595 
7 7 7 | 0.623606299538559 0.08469125290887154 -0.06958456272104854 -0.03680871750357747 -0.00168086987753789 0.14303805132637648 -0.04575191414623607 0.1530862109298713 -0.13602572377583322 
8 8 8 | -0.5166563128560977 0.004064214552921632 -0.03226028504806069 -0.09407865537031065 -0.039672642704147165 0.1746222938782942 0.009468933687774888 0.08617787453720763 -0.10458393742006124 
9 9 9 | 0.1341756660447082 0.004524225399439474 0.045001585903236746 0.019714665464727017 0.004868759860287441 0.005406886055340593 -0.00628629063365326 -0.005562289709010098 -0.01289176394936675 
10 10 10 | 0.13857096447911965 -0.04185798416355808 -0.013347600231635845 -0.020924422446569346 -0.0133861685695037 -0.0032742475935244267 -0.0076394632013052815 -0.00936782039663348 0.0011700643437898284 
11 11 11 | 0.13199254724639242 0.023136040634474882 -0.03481751615697004 0.022837898112191307 0.007977301052565857 0.003407434885725473 -0.012468173315960403 -0.008707350450408172 0.009415003748044723 
12 12 12 | 0.10821252363049161 -0.02830485258210353 0.03199680705554505 -0.0252954381439717 -0.0014208176892176376 0.001601513850746943 -0.01687636241796572 -0.0070015448423885905 0.02408073953721953 
13 13 13 | 0.109816564329273 0.048400844767772754 0.003955752211622739 0.02010698709030026 -0.015680292811333884 -0.0145328455388818 -0.01282495363751012 -0.00775856565890177 0.005871574845579526 
14 14 14 | 0.13488170283061063 0.015371471326252132 -0.04165852358999853 0.02805713036868652 -0.004831969309266535 0.005495544308702219 0.000280363382920287 -0.0030118928396132027 0.02726793530099345 
15 15 15 | 0.16436576186154928 -0.01268863620671066 -0.04967642910048245 -0.0024708052709926675 0.008426363097378618 -0.011406333681478911 0.0029908964423898507 -0.0022956701480086102 -0.0018499527976542094 
16 16 16 | 0.1539772503034179 -0.030192671765261848 0.0360992936649882 -0.005635910255179286 0.005548156762030488 0.01494058932362496 -0.0010720527096027908 -0.005518482894828531 0.008201465010384079 
17 17 17 | 0.15729650558367136 0.02404257359187774 -0.042907419624025674 -0.015327781004002698 -0.0005874645198910087 0.016100544694552164 -0.007996028838918508 -0.0030977169261604833 -0.016734949042736695 
18 18 18 | 0.0781319458815567 -0.03672980150150234 0.04377638697974753 0.021242584376894177 -0.020087774100560694 0.015287802985551222 0.0005763430995104309 -0.016177293264014257 -0.011182482486120866 
19 19 19 | 0.10835743500271133 0.06414596132156705 0.00421392515972152 0.005022075073284834 -0.01753528831262396 -0.006014551293387718 -0.0013247967131070806 -0.017214970746300736 -0.0022004031961391883 
20 20 20 | 0.012297365595402843 -0.06120401831760612 0.04583985567578228 0.04260354995088358 0.013834671294513443 -0.005113002018658185 0.022234973674257842 -0.0015136954710645073 -0.01900253455682199 
