number of atoms: 21
number of fields: 9
Multipoles
---
0 0 0 | -0.4214807735265156 -0.009469072791937505 0.02650974078167096 -0.08362883121959716 0.06063192391477677 -0.01112624970417157 -0.02067112567141189 0.06138425557174177 0.010996577716666312 
1 1 1 | -0.14919729293486217 -0.0006853364607266252 -0.011777063460276009 0.07850588853952348 0.06851594945500716 -0.025856661722509635 -0.02019238283767535 0.015282053939246578 0.06533225897171457 
2 2 2 | 0.08744293002366454 0.08128204626812957 0.054066891095023745 -0.045189572411760276 -0.02862580177260956 0.14172252212997732 -0.06566510895145683 -0.02884000808496261 -0.13980382891470752 
3 3 3 | 0.0015794811252254348 -0.06000637371551892 0.12092771825943775 -0.0770086206053663 0.08353462432067257 -0.07885014503762429 0.05285167288447996 0.09366116246349018 -0.08414562555988465 
4 4 4 | -0.6068140263942396 -0.03978827860962771 -0.09405328818681544 0.07921054007089316 0.005249258900869311 -0.020192944769964076 -0.11462479726456569 0.014071595715731114 -0.16907384642798776 
5 5 5 | -0.4034891222031636 0.006109043179290906 -0.06047498253494261 0.043000287524540305 0.26094794588569514 -0.015056226233596023 -0.06306146418233222 -0.029608940703217304 0.04303396248662443 
6 6 6 | 0.33414123322206724 -0.038372208181794105 0.08329075289948026 -0.04744449065067469 -0.10388535894525998 -0.10828615286007562 0.07683208200563948 0.02304908856522186 -0.11942954127016794 
7 7 7 | -0.4060423115397054 0.02499231501157254 -0.030356764337736243 -0.039848899738752656 -0.025650476028509738 -0.0723831693160145 -0.07582566068419304 0.035551262492349925 -0.11252285361128284 
8 8 8 | -0.39714037802755886 0.0294264306592279 0.025899520557844988 0.035074940323701086 -0.012672905753211334 0.027284225905238366 0.11539937215692725 0.04685332799312908 -0.101375748103268 
9 9 9 | 0.1385862827521761 0.009649197393036229 0.043824877785991326 0.018746715380148694 -0.0024397093555177923 0.0006569226098899719 -0.00040875895710636243 -0.00941970068330227 -0.01475162325421276 
10 10 10 | 0.13953125071673012 -0.04391098776292988 -0.019979891515352604 0.009271932838905879 -0.007767108378132823 -0.0051532485990697895 0.013361217010317566 -0.007983209851730297 0.0006251185636978852 
11 11 11 | 0.13813101724568255 0.03793514153767356 -0.031023057053831855 -0.001641703364095615 -0.009469862998161944 0.00590083042483737 -0.008646918532010458 -0.012720340975539314 0.0015147284587523537 
12 12 12 | 0.12628504772655624 -0.00541566596942268 -0.043300157347059616 -0.024683196985659683 0.0050493142844497555 -0.0053720416210539775 -0.00392885977517067 -0.018566429719436048 -0.019929179914145258 
13 13 13 | 0.09579091254355487 -0.040461483691007896 -0.01421027198021982 -0.0411090203180396 -0.005552413214664688 -0.0026933412313390765 -0.02900027701346301 0.00222269621090284 -0.00866770522660027 
14 14 14 | 0.10818625149688221 -0.052897419636003036 -0.017898182281129795 0.018083334315044323 -0.008881889152666533 -0.024017987232823914 0.01293604366210208 0.014846324062035213 -0.005854341389788287 
15 15 15 | 0.08414853688021717 0.04524056664990441 0.020457782000755202 0.0319740727319971 -0.0020067451736613877 -0.019703427737489156 -0.010562986351281814 0.021142654958116514 -0.005520522000048744 
16 16 16 | 0.4393911476462564 0.014888468488875083 0.004618326025964343 -0.013968554555442674 -0.001924358222489442 -0.014425747537526417 0.002579768746690504 0.006061554289232193 -0.00904981208745778 
17 17 17 | 0.1773518078033024 0.0053877934712216495 0.04700305679281194 -0.012846868040726541 0.00020048702298417994 -0.002761656143715105 0.006750762086148729 -0.013147408500159588 0.0004646580724725486 
18 18 18 | 0.1675103787370711 0.01701208069919567 -0.025865248038310903 0.03683630369732374 -8.403189449864342e-05 0.008078284175740228 -0.003815195080145227 0.010361045490401016 0.007473601087047412 
19 19 19 | 0.16463508916117664 0.015784629679022798 -0.04493138715510795 0.008294641720113025 -0.0014101281766466468 0.005048634775147802 -0.0036177265088115865 -0.014472211900865447 -0.002341349286135632 
20 20 20 | 0.17906922138786563 0.0025686013899837747 0.02927236499934054 -0.03946672073874499 -0.00010797513765212358 -0.006395001186856942 0.0008400068274058122 0.009409200579511294 0.009982271564668323 
