number of atoms: 19
number of fields: 9
Multipoles
---
0 0 0 | -0.6073598099402115 0.0962710642981122 0.05037182054302065 -0.07462749950785524 -0.0023028531746248845 0.1801550606391971 -0.0842332035008654 -0.05610612796274417 -0.004809564540554999 
1 1 1 | -0.0017492689419480456 -0.037448784986463673 -0.014691290518184769 0.1529041137837777 -0.01328557134921828 0.040355895860319346 0.011684741729061665 -0.16617053366816453 0.04536968007179571 
2 2 2 | 0.10283945814606721 -0.10528742486399159 -0.04693021615876553 0.00282491029455707 0.09935822697839171 0.10600484622642535 -0.06574198366730828 0.002356235915532666 -0.11726493284032195 
3 3 3 | -0.41447770558040986 0.04495574188838886 0.026116660174499484 -0.06786787045556283 -0.011966808860173256 0.1284442575058166 0.18063684977808628 0.020809462173015072 0.13169844463387384 
4 4 4 | 0.23245661390832328 -0.044840686162812615 0.054907365053388384 0.09221641222656854 -0.09695018677521791 -0.01677096527959508 -0.11417566020307707 -0.11451056216902489 0.00665485372261867 
5 5 5 | -0.29799762895866966 0.040629937744678046 0.05441756295486288 -0.017410551043113363 -0.0585939730815731 -0.06737610639932655 -0.05568839315074118 -0.06225266888127285 0.03709476079456712 
6 6 6 | -0.14253667821821914 -0.0690135775456294 -0.06929389780562834 0.017967871850972244 -0.0952105323017099 -0.09522118981573778 -0.08666223159279599 -0.09007381772769557 0.13160024985177843 
7 7 7 | -0.18851335199807906 0.07753190617535993 -0.03524075695318636 0.053840214079673314 -0.09443051223145195 -0.028323933276968038 -0.09651997293731376 -0.06838963129995153 0.13679494589810925 
8 8 8 | -0.17826027646343512 -0.010307969218674037 0.06140296227731594 -0.03248157663496021 -0.012801694790453596 0.06158782157922058 -0.0008434306398685443 0.019431950436392623 0.08936622320495256 
9 9 9 | 0.44094243622237195 -0.01492820885704938 -0.015351290040835233 -0.0005296382151287447 -0.0102965154427179 0.0038971543922554533 -0.003677115015781807 -0.014109427073797618 0.004703367144748503 
10 10 10 | 0.09110116895429721 -0.046605035260779575 0.022820612853579992 -0.030474575416036813 -0.008502761567102224 0.003415827641897878 -0.017118641542393297 -0.012165842175612004 0.017517211940147947 
11 11 11 | 0.10734579526602073 0.050712722393247756 0.025909027427794933 0.01274770714095755 -0.018703201502281875 -0.010611968373133752 -0.010090314540236598 -0.02353292827126289 0.008443521640518408 
12 12 12 | 0.08937247802618331 0.03938329179717485 -0.02974740616852332 0.03264294355197597 -0.0065940088405468 0.02352426444308146 -0.016541176795607102 0.008344523233509194 0.011004441138852416 
13 13 13 | 0.06716478609740384 0.010695683717388018 -0.06617238331415665 0.0021207117092704618 0.0027075536650368933 0.004631560102387574 -0.00036182359750476723 -0.02707627413467184 -0.003734386513493263 
14 14 14 | 0.12970233183050617 -0.00388929353029586 -0.028723343751945955 -0.04045232309825803 0.0014841611399830736 -0.007269929222872753 -0.0034015475945895334 1.999058873181248e-05 -0.020063709071320285 
15 15 15 | 0.14813819798001382 -0.034477797787162 0.011312720005480443 0.034970993817569684 -0.010513090609581967 -0.002928604966834676 0.012287390655455081 0.00810911059059343 -0.011542115327519349 
16 16 16 | 0.14400506977735628 -0.03304429530813587 0.03246112348044037 -0.031778379968927226 0.004679837734578668 0.012911967702662008 -0.0018875724655742308 0.006538527956502891 -0.0044335420451951406 
17 17 17 | 0.1486547697510583 0.02712128655861992 0.044680076467157694 -0.01668516787675609 0.00645924775591944 -0.006202568623769166 0.012320390344501941 -0.001187516593699288 -0.008119257480682958 
18 18 18 | 0.12732203095603079 0.044204423075717744 -0.016126832804165096 -0.021751650097435772 -0.013638952334912118 0.007742778533406668 0.011261199437745222 -0.002111256347840334 -0.006055570529313378 
