number of atoms: 23
number of fields: 9
Multipoles
---
0 0 0 | -0.4075704023820643 -0.003238654417878521 -0.0027478976334200946 -0.0924542009452207 0.03311767246949279 -0.009003929456170446 0.0022143504126421482 0.07682322062155174 0.03608042223830285 
1 1 1 | -0.25758809012996586 0.00597024699231417 -0.04053475111378089 0.07341693227902714 0.06649667364320004 0.09680782373888631 -0.017392034952770714 0.026895285620365122 0.01888539522922591 
2 2 2 | 0.11585941978035752 -0.09410733286471769 -0.0657879318397814 0.08770368750020381 0.02269324914543615 0.1257495260870127 -0.007988360346880073 0.00976696220337611 -0.11676193064926726 
3 3 3 | -0.40053837909306544 0.007550532046950485 0.0638442625148989 -0.04487728356273414 -0.012916565361656848 0.13844362741428778 0.05344101040271317 0.05355479880515394 0.0804332505820354 
4 4 4 | 0.3116172071156189 0.06404634290752574 0.1317712840417463 0.015293396642828196 -0.05419507820377943 -0.0015526126672937074 0.05654591769417121 -0.08654227005875416 -0.047632476600813003 
5 5 5 | -0.38675487449922485 0.05801906168086978 0.02127156245551465 0.022159868624667945 -0.022177918054157787 0.13389069532767015 -0.0607612005981997 0.031256983612966534 -0.10263935829731526 
6 6 6 | 0.12063782317399152 -0.12823028915296716 -0.017095917981607808 -0.05225618294747859 0.10195314675537559 0.07341000406083885 0.010829704254594215 -0.0020074594551896924 0.05358726336617977 
7 7 7 | -0.2484997365389079 -0.024140475194313598 -0.045813990264135025 -0.06793361837646315 0.11407307727890188 0.024427565428052057 -0.019276151718761524 -0.002403349827796767 -0.03399792321917341 
8 8 8 | -0.4103637036260288 0.008834381766163227 0.0075989476760910685 0.09070070146419633 0.031095684019152442 0.0026724689336536365 -0.03983655094829891 0.058377946317604075 -0.03676432550996598 
9 9 9 | 0.12984138972048043 -0.018427223893012056 0.04393190706936091 0.012567170422117325 -0.0008672058483437898 0.00270964781618599 0.0065821095867779345 -0.009771919681383754 -0.013229759219812495 
10 10 10 | 0.14564176231774772 -0.027956473037568215 -0.04177397472336787 0.004748483087968478 -0.001350169569963114 -0.007951863217073425 0.005958598672338333 -0.011223014818461451 0.004007138388156687 
11 11 11 | 0.12433869828810573 0.04615904641108279 -0.0071976034025773485 0.006353884124924387 -0.015875059358502284 0.005442494386240176 -0.008156224849497778 -0.009359518332605184 -0.00029266086403303217 
12 12 12 | 0.13010210498604524 -0.04948864525039314 -0.0023852650672358225 -0.00557557079730188 -0.01689268719033431 0.0053043854697457675 -0.012078275268393508 -0.005946586982520944 0.011868179483580701 
13 13 13 | 0.11904988596761246 0.03288118212579412 0.035010018549883254 -0.008313808815004979 -0.007307277322082079 -0.01124874230144137 0.0030161923588655154 -0.01246023717474676 0.01815067129596602 
14 14 14 | 0.08351344952873707 0.052614071235415644 -0.011166014560968095 0.02249145157359125 -0.026146201311447428 0.012167625667704268 -0.015086102305857609 0.0076649564757978045 -0.0008881618682201032 
15 15 15 | 0.024419913042044272 0.03760315586426926 -0.05632099190073168 -0.022497400375901373 -0.006952307034095983 0.016733243885308866 0.0150558180407387 -0.022967164290008137 -0.017135917157718162 
16 16 16 | 0.06831152262572127 -0.06988868726391037 -0.0019913545414924497 0.02182976116570953 -0.02008131620300423 -0.004254032991838488 0.013465174108567615 -0.010368504132928781 -0.006534294278599128 
17 17 17 | 0.07228820214296328 0.03426195850670436 -0.03416869804615125 -0.027449633330190962 -0.0026359228055325284 0.03295272733721588 0.016099455056104994 -0.005935799742243025 -0.017571270560482667 
18 18 18 | 0.13394502110081796 -0.04346896457410871 0.02265985923916934 0.011254940668896912 -0.010975135148247966 0.007676097195140388 0.009199215585456383 -0.011357543764665847 -0.014038081271136633 
19 19 19 | 0.12308358855385271 0.04727006391445464 0.016635775006630365 -3.126234454931732e-05 -0.014743776275933705 -0.00961697422689537 -0.005272360510131675 -0.009822175203402539 -0.01475948734459307 
20 20 20 | 0.1260675489795139 0.037153395512429514 -0.02773380527275043 -0.010718698526566619 -0.005453758336665475 0.010317755181075097 0.009977070584599762 -0.013024955024128477 -0.002612338797061226 
21 21 21 | 0.14751240528545218 -0.044839030382618286 -0.02345295518594919 0.002862374713603092 -0.009103541710921233 -0.007003924764812551 -0.0054686167573047865 -0.010488189470508997 0.0003446020457535568 
22 22 22 | 0.13274483874043097 0.0020136078958138274 0.04659283680345399 -0.016016225804871862 -0.0002683195745754844 0.000949868579389331 0.0020002518438834603 -0.00823407452706923 0.0157525218188017 
