-4.843675680991508	0.522938791833104
-4.260415600267704	0.4967397564050982
-5.952079279982733	0.45716199071802516
-3.7231458206422063	0.47352485105838643
-4.834748000457154	0.5167226476647894
-4.180616482939126	0.49874507811447544
-6.967998554465652	0.39934598808115934
-4.410034849790042	0.5059121400565748
-6.746301712176394	0.38879223596299256
-0.8533521295449525	0.38271445141403987
-0.8536743251133154	0.3829985396682302
-0.8662767038654223	0.3860403311687012
-0.9242801621060219	0.3912590260086222
-0.9247944956981865	0.39155229724782503
-0.8288236507841134	0.3771735709245287
-0.7969814107771829	0.369294869816563
-0.9239532164359602	0.38638308733749555
-0.5851939805357277	0.3557085594432589
-0.8978340562313005	0.3840252026847587
-0.8898366968452974	0.3832634620856035
