-4.503516002608482	0.5096403403011515
-6.69202074161794	0.38617235538934297
-3.919576082225172	0.48711055047556195
-5.88440161938507	0.45541817911461885
-4.29021168542306	0.49874269347400413
-4.835958886096144	0.5184608642596338
-3.702196917051243	0.47074325489472635
-4.996079248778254	0.5239178599660117
-6.884468160083016	0.3965974779784963
-0.901856509189402	0.38793424230759943
-0.8996239151689723	0.38730104320390313
-0.8658880318388633	0.3777791264812546
-0.9629745673125769	0.4009059230682126
-0.8879295597396092	0.38215511792062673
-0.9347471779116224	0.3951456833661554
-0.8375202328070348	0.37956445648077003
-0.8229452200998183	0.3769869753329751
-0.8228256800984586	0.37990236130379307
-0.8210536625449992	0.3792395497127891
-0.8098822966160032	0.37495465691018887
