number of atoms: 20
number of fields: 9
Multipoles
---
0 0 0 | -0.15037285760901842 0.01821800497546675 -0.0014106895576716865 -0.16021360148211988 -0.10380215270929728 0.0595571580316698 -0.005737811193323999 -0.1002236263976099 -0.0031946744161559207 
1 1 1 | -0.2948273984710159 -0.020540886900130853 0.006192450886536637 0.051689819915545526 -0.07190995371118238 0.023311442838186522 0.10577153421329497 -0.08209524467695713 -0.06466348228798185 
2 2 2 | 0.42346016667274444 0.11084149866832783 -0.06715665114330606 -0.00046378745135971616 0.017838106356401255 0.09326898139111796 0.04044186104410909 0.15580643516779238 -0.005286146500222689 
3 3 3 | -0.5214325333424705 -0.08289093409448894 0.05601956266678205 -0.060288274169982996 -0.07388916867644943 0.20803309608453158 0.2289496686178841 0.22153060259586357 -0.12406059729541707 
4 4 4 | 0.06526875977436397 0.1309442315530863 -0.0034642841382523646 0.002660535854532578 -0.034419106155236565 -0.06929081835714566 0.021415792987617394 0.018680822654511896 0.04322447937575807 
5 5 5 | -0.47246078710496864 0.0016709822096104944 -0.060030120645051345 0.04736236305955157 -0.07340416490793003 -0.04771978647463577 0.01624378626841812 -0.020413648577807163 0.10463372350311971 
6 6 6 | 0.6523375803973739 -0.05733342120921866 -0.014370243441449802 0.0003772247643881723 -0.17880214642374304 -0.03688001616135419 -0.07052017285053944 -0.08030333736224625 0.28061279618192625 
7 7 7 | -0.6307434142560817 -0.012004130442841467 0.0019342309967081803 -0.005542412686918515 -0.024660591111246924 -0.02116577894828664 -0.01266461762604938 -0.03246279345535034 0.11597421641640254 
8 8 8 | -0.505449633534365 -0.054013066653561446 -0.026635879688699834 0.010076849827181484 -0.11114868357762131 -0.014092330973520617 -0.05959442614858477 -0.06021196001539858 0.2192305588568984 
9 9 9 | 0.09814349081060425 0.004173526803959802 0.057958321302296424 0.01926070335231255 -0.014781681771177413 0.006283922682215291 -0.003047693207857969 -0.017872049547714892 -0.01795683334206809 
10 10 10 | 0.10037608483103 -0.04696222679549297 -0.037257192070393796 0.013430561979852556 -0.015575019145115521 0.004617353703238032 0.011745471199886112 -0.019958632734349953 0.009530310192030211 
11 11 11 | 0.13411196816113657 0.053313500021385185 -0.029035794132367905 0.006129326590878517 -0.010907412218610333 -0.0005678665898859619 -0.007612870051491535 -0.02020334161888908 0.0018082680709726607 
12 12 12 | 0.03702543268742642 -0.052212702197843984 0.024930956707650647 0.04811117998980612 -0.003196185809373722 -0.006166169094197781 0.023188436376406156 -0.010470990482243698 -0.01438595455141441 
13 13 13 | 0.11207044026038948 -0.020626242497074638 -0.04014508610582237 -0.040593784244920286 -0.0030956876492909953 -0.014471543538685107 -0.002803789788015459 0.0014850672452966641 -0.01855447523270173 
14 14 14 | 0.06525282208837824 -0.03282146717185925 0.026792484799721798 0.03843830594432254 -0.0026111807213834164 -0.0030326956395433043 0.02198650132074415 0.0179387855031345 -0.02220593647845055 
15 15 15 | 0.1624797671929643 0.02057396151649685 0.02464173194091005 0.030672282426959845 -0.007026273742846503 -0.010459859717921937 -0.0046804656476293355 -0.0013847854828427848 -0.019032068661102974 
16 16 16 | 0.17705477990018292 0.02847896975163499 -0.025012518975853146 -0.02637968817032501 -0.011852972009258035 0.002506210238652287 0.010666387297540963 0.008173470075186097 -0.010592169352711227 
17 17 17 | 0.17717431990153942 0.016018406962487984 0.03136770211989952 0.026426871174704953 -0.0013781651411239608 -0.006471913938813094 -0.003245309622020055 -0.0026879775858347707 -0.008821191858856709 
18 18 18 | 0.1789463374550021 0.027885012169214036 -0.01317836047912356 -0.03162398904247285 -0.004804501399745507 3.083274192657385e-05 0.008391423469196293 0.0048344669927540326 -0.004681910008382295 
19 19 19 | 0.19011770338399547 -0.04012433786859462 0.009727409524282447 -0.015487199392246501 -0.006819314864361297 0.007148014844259569 -0.00817189181075598 0.0005494353086891165 0.003714913793324097 
