-4.477780673063097	0.5102561211664616
-6.712684681718327	0.3885031134361395
-4.250650175412995	0.4959523035898105
-4.45055252932733	0.5056137451083307
-4.531997698352223	0.5108607339665965
-4.1691650462315835	0.4953638895796018
-6.996028604112345	0.40099190097070314
-4.385370295952561	0.507707417163039
-6.968066783795707	0.39986924455868983
-0.8759107334075322	0.3803310718241468
-0.918630100029352	0.39275834489093614
-0.9180961890165571	0.3925995910564344
-0.9089378224722916	0.38826600244871917
-0.9101570228130288	0.38850928695705766
-0.8666914074012573	0.37398453149481004
-0.5629354350051607	0.3500220801730225
-0.9131778479930482	0.3884949576649873
-0.8744539791725056	0.37713512773889607
-0.5646287327254346	0.3532874910582132
