number of atoms: 16
number of fields: 9
Multipoles
---
0 0 0 | -0.5051059989035469 -0.007541122175593269 0.007752240687013495 -0.04594100540733308 0.030813730597139374 -0.008509289932104981 0.04944754586421716 0.051498419336783965 -0.015773383425505744 
1 1 1 | 0.10439883449343235 -0.13416671328160287 0.06720508607201191 0.0025002035769401756 0.06952737241239536 -0.049492580020466574 0.12284744457576965 0.07281562119786261 -0.05118395814584806 
2 2 2 | -0.33970914455006174 0.06732243065600241 -0.03762363837168499 0.033091810054094686 -0.021072251255239025 -0.007493139961228579 0.07033223965835385 -0.040205006518693166 -0.04364540466571403 
3 3 3 | 0.6555453653542092 0.024322266431334845 -0.02109502261912026 0.09177737251716545 -0.051265619357836655 0.14219396468270656 0.04819550456021598 0.12080528554837709 -0.0005663087220713662 
4 4 4 | -0.7840666252904933 0.061769493469580536 -0.03070848000519624 -0.029237395412459403 -0.1793777220103537 0.2161695425451906 -0.04122544594136108 0.035147510327689105 0.03475478009648233 
5 5 5 | -0.13710714652025935 0.07342620003167485 -0.058003811061004225 0.0603934233706716 -0.22405329878519215 0.3049334329815004 -0.23340632012892037 -0.07519476032337047 0.06248484605493766 
6 6 6 | -0.1270964272499322 -0.10839035957360055 0.018200413019828738 -0.0515241413585088 -0.20581200558832294 0.30229141310511987 -0.1884132860256069 -0.016150751284236386 0.11793409994622382 
7 7 7 | 0.4472514529115026 -0.022682423322014207 -0.06684851563748276 -0.034158852317422134 -0.05747465112792808 0.08491656689158392 -0.25527815703239126 -0.1526320326471997 -0.12216022089514075 
8 8 8 | -0.4182559058898381 -0.02789535611746782 -0.044029379447728535 -0.03128967489741146 -0.0068798705564201415 0.10640361722739855 -0.18473157485575722 -0.18646322941146687 -0.11431411369055663 
9 9 9 | 0.15687520402466215 -0.00561949592364579 0.0452025019582126 0.01070111320972132 -0.0002682012927808128 0.0038965679721621933 -0.0019797192134356134 -0.011345278024013354 -0.011429282938382862 
10 10 10 | 0.1577274303900278 -0.04021049948526847 -0.02378899767205916 0.004336024105681426 -0.010265713250700989 -0.0055313299001703235 0.005457575641934659 -0.008540083757915979 0.005912639413451615 
11 11 11 | 0.15799113002147702 0.03900439252515878 -0.021124428977663038 0.016082727255204387 -0.00579254849107132 0.0036257229275225506 -0.0103384935291561 -0.006819401748750968 0.004115090953992992 
12 12 12 | 0.09898402465908529 0.05006298078300253 0.03982250517366336 -0.015494200243245087 -0.004672321765573758 -0.018281579142853548 0.014452264225701355 -0.004263868639893207 -0.0063048656671536325 
13 13 13 | 0.09998089464791149 -0.0007232563386049113 -0.0610709741568539 -0.024765663309865817 0.010833470439952406 -0.004614781923249871 0.013512454718293578 -0.012155282316327835 -0.012010014596911759 
14 14 14 | 0.3733269566063442 0.0014464905147394827 0.0007096047082900729 -0.027763699728612565 0.006015044810482992 -0.00196540604759584 -0.006505757654386922 0.006098160043040254 0.004387947146817321 
15 15 15 | 0.05766049119552086 -0.011461334121012422 0.0752966002860694 0.01899412585542038 0.015418385840892156 -0.0006027755664708755 0.011808634064707375 -0.013508058001853415 -0.007432332785293564 
