number of atoms: 19
number of fields: 9
Multipoles
---
0 0 0 | -0.14130049022936575 0.045802674013367635 -0.01238731566918234 -0.1555246091671544 0.013743118172795117 0.023525722692506083 -0.021039755168864534 0.004556495316777565 0.0350676568105114 
1 1 1 | -0.5174483504869398 -0.047795082617702433 0.01669391703653244 0.14688148885881203 -0.0011579567377864159 0.4238926436824707 0.1297012742339767 -0.06322981337626281 -0.06069574395897555 
2 2 2 | 0.4203829967833608 0.05132013979334043 -0.03524803049790707 -0.09009645348605547 0.03932608350527681 0.19584334443764903 0.02585380827645453 0.015672885287695466 0.03752095186606336 
3 3 3 | -0.6476511137141472 -0.02077703899338644 0.006017803527778949 0.06880513284066708 0.032743234153400275 0.04878660492478872 0.01516011277744074 0.042734239296306896 0.01963824847010694 
4 4 4 | 0.7573119337533862 -0.026529621752326395 0.01515523088970195 0.058079049176419234 0.06166466921833102 0.2131036722497991 0.08710937844441313 0.07332284383967717 0.00045797101139499134 
5 5 5 | -0.5720242521152539 -0.05212783390838466 0.055256876250987845 0.014124520760219559 0.052739632151425186 0.12261041846978422 0.04959861816146855 0.06828412355478322 0.015103491732320935 
6 6 6 | -0.5163006810310335 -0.019038653885776885 0.042078386534033604 -0.08205813337708232 0.026577573501988232 0.1550566952046528 -0.010708287292702911 -0.007665851087558027 0.05607465616300956 
7 7 7 | 0.12161691382138251 0.10539868424679368 -0.09770645629950915 -0.08280565930350438 0.001056067956691788 0.06116783629614918 -0.06817857513250346 -0.04646347238693381 0.07543740710005144 
8 8 8 | -0.6180011947654744 0.02127487978696612 -0.05583982489498049 0.1257053652132757 -0.10668614561638601 -0.11770852372070842 0.0037359011629948583 -0.12789409674924457 -0.10968416220243064 
9 9 9 | 0.07596525142238597 -0.03680459896576504 0.04064146506172036 0.004003820205684789 -0.011762986643493163 0.013568144909710877 -0.0027923294297630234 -0.023011584112611613 -0.004997780530509182 
10 10 10 | 0.11344815330280256 -0.0185713972948934 -0.055529631233579894 0.0027669578423178665 -0.008377298009212157 -0.00546617756416226 -0.006043424411605903 -0.01666750063157907 0.014041871022029754 
11 11 11 | 0.11342121057591148 0.05464541739901708 0.009103754414843387 0.019244622476628837 -0.0038288229537704363 -0.0021805081553745876 -0.02100589666174481 -0.012326109397369379 0.0005485506795161232 
12 12 12 | 0.0832422569750938 -0.051856954722076264 0.055332854143265234 0.013376754148324909 -0.0092166724679452 0.0012649710262213384 -0.002634511816308313 -0.015622604683433532 -0.004950492636062287 
13 13 13 | 0.391195486328324 0.020379589029554796 -0.02194635358864972 -0.004437613026409854 -0.009782071619712103 -0.0028075322442946103 -0.0014005349745515679 -0.014707723538717386 -0.007229328107880108 
14 14 14 | 0.17893923284854085 0.042760577606201645 0.014713439755903 -0.011192267250203664 -0.01661661038603661 0.0020592195287463806 0.0029501770916156482 -0.004221340445149406 -0.0051213031320042875 
15 15 15 | 0.1787976387199236 -0.015180622848929222 -0.03679907968212057 -0.02423971778799474 0.0032059675210208537 0.00015295248196321826 0.002426534047344174 -0.014390365777681564 -0.010609940379342276 
16 16 16 | 0.07635687741202568 -0.06339637559550108 -0.019775568390092313 0.00562557146520581 -0.020742573498504557 -0.0037320540092934443 -0.0013626064929136812 -0.008336766344742149 -0.0021224922324401944 
17 17 17 | 0.07647181138619807 0.023204684176618928 0.05721508266797608 0.025130556616480663 0.002362735079633048 -0.005589721105896745 -0.003506911357886383 -0.01933676994599131 -0.009720787338898454 
18 18 18 | 0.4238580907879521 -0.007562679152004553 0.012891079186352997 -0.017208724516486328 -0.003729606288809114 -0.014605550271189168 -0.01097193866472826 -0.006703241759898682 0.005076359240346696 
