number of atoms: 20
number of fields: 9
Multipoles
---
0 0 0 | -0.1341621659008565 -0.11554986579192408 -0.08406540674032374 -0.08354254226474758 0.03620832851839312 0.08700907027578822 0.07327369398907217 -0.04318945623025739 0.044094058718421814 
1 1 1 | -0.3260955146009614 0.013004814054509928 0.10993816944732711 0.005654891888027122 0.07156248277282504 -0.010924049435431802 0.13697910063956642 -0.07645617360645468 -0.024761745421844478 
2 2 2 | -0.03557933553152193 0.1188898641816594 -0.09442654165619614 0.05416457177323957 0.020393058957264183 -0.011084138091731865 0.07868256137337168 0.042368903815805464 -0.03158255590156187 
3 3 3 | 0.06362086790714105 0.035381655230090306 -0.11394041622869627 -0.06104149235366474 -0.015270113007254123 -0.00368957214997282 0.02276222157430883 0.012872325930557175 0.03848092925712168 
4 4 4 | -0.8076923437788315 -0.006643164910624277 0.11447188247096508 0.04612218987553896 0.14886436706277117 0.01161704326038449 0.12600597882631 0.25026289954504777 0.008911386499268044 
5 5 5 | -0.0002019622751268102 0.031573043294236804 -0.00524443479982291 -0.15607830820335147 -0.06800864018237969 0.02898531858650502 0.04444835663911444 0.057824047664517035 0.0240590575197049 
6 6 6 | -0.8242598877627572 -0.011605104468701118 -0.021595803333728115 0.12990084187257483 -0.1665730553352682 0.15558176443411648 -0.20192563956781573 0.07059192871131305 0.06437111912176365 
7 7 7 | 0.3493267909344677 -0.041175208515406445 -0.06082244783177242 -0.00037651099198349934 -0.18833281453462117 -0.24857221990979078 0.07787692002381702 -0.03367693766376934 0.06504209865916329 
8 8 8 | -0.46043645096251495 0.09546905453167367 0.049683552654118376 -0.024332596561075875 -0.18982959518971346 -0.2984425073112629 0.06440942773450102 -0.06409818657340198 0.06582198139954151 
9 9 9 | 0.11202225982536829 0.033102063892916644 0.0343911934162603 -0.043176227055861514 -0.0015088294389873117 0.010395969408541568 0.01435393104201757 -0.01075931772719709 0.007710389861514366 
10 10 10 | 0.08576776969245514 -0.03093171113516775 0.026709316351850917 0.04290140581602581 0.022067652684127196 0.02230723960022027 0.014025278434286973 -0.001832158086592983 0.0026224916497863196 
11 11 11 | 0.12038361891086213 0.02913563192483739 -0.0488244859451452 0.02103286906556687 0.0015004799719606067 0.017374695272743792 0.012975820655424068 0.00513386603850527 0.014122365843885928 
12 12 12 | 0.10576292258083597 -0.04603624106848215 -0.03307695628138662 0.009873469764253469 -0.01485241881041914 -0.018757516300339616 0.006073630334658592 -0.007442931588677888 -0.016358061531314184 
13 13 13 | 0.10570182093344849 0.0075163135693109865 0.05416714372693172 0.022699619299752737 0.005123956168699845 -0.00490284188935922 0.011566721783118388 -0.011304423856767496 -0.01967869722524949 
14 14 14 | 0.3678147480638697 0.025583848799806793 -0.0085954458319347 0.010272816046884063 0.0006954739212884932 0.010141257290219972 -0.0001636819619762354 0.014029932003322015 0.012621923857373424 
15 15 15 | 0.34325751716890207 -0.024574745551479246 -0.010941452663171222 -0.0049748719326411 -0.0051903452933933026 -0.015596558948383627 0.0056584900125042385 0.013963025134002301 0.008788004566821531 
16 16 16 | 0.10273083210546274 -0.04627376309236622 -0.032644770795609436 -0.008995298782820241 -0.00922183834384693 -0.01717520362685288 0.014601048998529305 -0.019509397337641208 -0.0007484814146271282 
17 17 17 | 0.11374370928097977 -0.004705743635642924 0.05873020771434236 0.011963844666129132 -0.004661591996453758 -0.001279486810191963 0.00905173057884641 -0.0174978299265334 -0.018779111573736854 
18 18 18 | 0.35443084283439674 0.01441965518740459 0.024892728294530254 -0.004111326605976321 -0.01572276923949614 -0.0011677078493215057 -0.003801138400802279 -0.010311366506962565 0.010605213606254126 
19 19 19 | 0.36228727115213677 0.0007729559111723 -0.026485702440807887 -0.008833501842480449 -0.008005262638367306 0.012553812433855026 -0.008128240177426495 -0.010318963844637364 -0.012701797336061136 
