number of atoms: 22
number of fields: 9
Multipoles
---
0 0 0 | -0.2078278959330433 -0.048096721249600315 -0.03484227895838807 -0.12872432935733752 -0.014777825842816419 0.010510917704843047 0.04577378932967646 -0.027628690992343285 0.036782656565755106 
1 1 1 | -0.5309425883031924 -0.05107116056562996 -0.057996540951663185 0.12672623758182838 0.09434901597308967 -0.004375778658867317 0.026214323903651086 -0.027212627200561654 0.12991956909980323 
2 2 2 | 0.44285968188661406 0.001897902145326944 -0.004019850397527626 0.00984177930760503 0.015479277588519809 0.017404931745677577 -0.0020909146138489583 0.011470253877847439 0.012769545936103268 
3 3 3 | 0.3262720498040348 0.024448915208242838 -0.015774455347815627 -0.012018529664318146 0.004406288805459302 0.016175278911013478 0.014276163474151131 -0.003284310208750196 0.00704297360502667 
4 4 4 | -0.05803651576043212 0.07985396297951795 0.07251909708541233 -0.022943053541577323 0.05605196676127386 0.02479591503933835 0.0340291284835556 0.10946613393141345 0.04800333303799096 
5 5 5 | -0.015168794358188187 -0.056537492341256344 0.024265838951129014 -0.009992711758802114 0.0009145184649241871 -0.005206462925457606 -0.025625276134579846 -0.00835038591014803 0.029095664149337824 
6 6 6 | -0.4617612530078796 0.043000752880545355 0.051483101376994786 -0.0010537193063756682 -0.042415303215433874 -0.05293328200894674 -0.024676283924754173 0.0003055709180715861 0.028929721099240274 
7 7 7 | -0.5144535174399714 0.004347331935587412 -0.0852087088234506 0.03795324177209512 -0.04948376676986458 -0.01939876199782304 0.024053483551421957 -0.02774926745217193 0.09886473096152484 
8 8 8 | 0.8181933034446747 0.07764747810018305 0.05847040452516844 -0.02152717680106237 -0.010037005770110572 -0.1410664176683926 -0.03583285408882905 0.11800797428246203 0.151849972315403 
9 9 9 | -0.6507805520793362 0.029510972553137255 0.055308426823813726 -0.0520307293852311 -0.039278572612514155 -0.0254256549053327 0.08018545162615127 -0.06126980298869015 -0.03196752490524178 
10 10 10 | -0.5873944166591887 -0.0034067485606763363 0.04820096101400936 -0.08738770335819286 -0.04219669889263877 -0.16233783960685752 -0.02864413872243304 0.04851344805701557 0.11941723941034141 
11 11 11 | 0.12215483750630918 -0.04165225286581847 0.03393780150942585 0.014994975673308635 -0.011160940037142962 0.000731554491681593 0.019046499311716168 -0.015307185201914413 0.0029506714999320153 
12 12 12 | 0.09235832091426488 0.005291920910387735 -0.047491270760596616 0.02596141451726778 -0.004210192317821187 0.002624102633569807 0.009039807429075918 -0.011834566617621958 0.026638245969451812 
13 13 13 | 0.12761307677715428 0.04790657343299951 0.030975817071907216 -0.010325124993541511 -0.012278872574940914 0.0007567866228738276 0.003440089388884432 -0.018296103935915953 0.0036929239386707313 
14 14 14 | 0.081963732151912 0.01409056242149536 -0.050781486566337124 0.012001673489622916 0.021862353499556796 0.013557972904206976 0.010253932031803293 -0.006694011475037339 0.02185453251446605 
15 15 15 | 0.11118200183078542 -0.03493641189401579 0.02990715203706386 0.02483664349512684 0.007845647555208222 0.024508285875662176 0.020318555629735793 0.003515236234888563 -0.0011544741370590852 
16 16 16 | 0.1149088972714225 0.031589993714310066 -0.017211001389245518 -0.03662728012747254 -0.016311250076158544 0.010443167653646862 0.02383819563701024 0.004245332316764771 -0.008775978171549908 
17 17 17 | 0.13831648916684514 0.021491309493750547 -0.03904867239022491 0.014383522914200114 0.010772203386386597 0.012498706372822545 -0.0036944757283581937 -0.0001809911820530152 0.009077019665697026 
18 18 18 | 0.14369393899641847 -0.03239858358912539 0.01932850142444661 0.02640013898718324 -0.004106391181434062 0.013097620907110183 0.009846532866634802 0.012108414138128338 -0.0014059075099763182 
19 19 19 | 0.15179593592176188 -0.010573222031215824 -0.0024983945724527667 -0.047039484726905674 0.0024736722608754867 0.009061898870824177 -0.012020552513667224 0.007750398476910785 -0.00493451109510805 
20 20 20 | 0.18819412470324548 -0.026759614026080535 -0.012183585329374828 -0.03249607045209085 -0.011434103628815563 -0.0056727959900974515 -0.012202142462288106 0.010121765909786846 -0.007915405997897388 
21 21 21 | 0.16457273900733094 -0.016099252841732622 0.019449576805061947 0.03426506855573345 -0.0020474724020104573 0.0016786373809445072 0.013940876744440441 0.012894928863792478 -0.01607596677312415 
