-6.973440263944241	0.39997296708038954
-4.318752989956305	0.5034562795480695
-4.522446479521729	0.509176879950342
-5.6640953243283105	0.43926398338028444
-4.398316931354277	0.49762225610367344
-4.364487699292912	0.5010766713700358
-4.725573331850202	0.5202809709003551
-3.868692169013987	0.4875551896400726
-6.915383943639786	0.3985773727447542
-0.570598804407847	0.34980766373846045
-0.9276651116199548	0.389865383866743
-0.8852101483075454	0.3790185541470922
-0.8572742186310097	0.37803442933390935
-0.8659374521885946	0.380715984663541
-0.8294010567225969	0.3755073723476662
-0.8811547238511467	0.3830363276375167
-0.7295353483316979	0.3577101124679279
-0.9529366040419195	0.394384037045493
