number of atoms: 20
number of fields: 9
Multipoles
---
0 0 0 | -0.4945282924780825 -0.008152728538303998 0.0005962302514404802 -0.05588002543503539 0.05478475519344083 -0.0028209049587225063 -0.004367459878497146 0.02796988610205535 -0.05755267517735655 
1 1 1 | 0.06669908068511798 -0.05169831191225593 0.11145923979183237 0.001533825581991424 0.03223339904410212 0.03183466290217728 0.016181020288040717 -0.0009060667292742091 -0.08506093364114369 
2 2 2 | -0.574469317286499 0.020649010795861858 -0.11701322687348026 -0.05201321269536214 0.07199537597977335 -0.12537713150864438 -0.003703877898784028 -0.18906724237877956 -0.10975397173397702 
3 3 3 | 0.13939726171988553 0.017711741045019058 -0.019809416446405374 0.11429073899824221 -0.018221623412346302 -0.04093335978425278 -0.021868374393629313 0.027255080362379495 0.015193863565893322 
4 4 4 | -0.45510574542443205 -0.009471175436785838 0.0018751481318456367 0.013800233362652833 0.10613014316641041 -0.06431150437498333 -0.030387616575087376 -0.11129681870973214 0.00750667390000123 
5 5 5 | 0.11830847582274995 -0.09274184870537001 0.011115651577416074 0.10986995450388262 -0.04588177638387286 0.07696746813539881 -0.028082210078844736 -0.034679238270180116 0.056490454504205 
6 6 6 | -0.8428966185528193 0.10779935919618083 -0.04801546817454437 -0.06911579131798544 0.1368982498113587 0.08813811168793521 -0.070908012774162 0.23812288324857672 0.18823997918339233 
7 7 7 | 0.3288669087118672 -0.029693520081165516 -0.008044392814682007 0.046539838514892115 -0.1878162235858866 -0.07246566803484562 0.26762984733045836 0.049165714000908786 0.08477779096697681 
8 8 8 | -0.45758196504044424 0.08219747241409897 0.02421397618523587 -0.04523755125469481 -0.17221971278977452 -0.09103498071890943 0.3117685244511532 0.05940885983687369 0.08972058311872717 
9 9 9 | 0.15660752176668535 0.024099992296636494 0.040415401979391814 -0.0020471402666334547 -0.0005974176866659005 -0.004932273413422684 -0.005608563413512872 -0.016080289330350717 -0.0034659947062837876 
10 10 10 | 0.13760893400974028 -0.04188481409653591 0.0026367906128214125 0.015307177408474837 -0.012964575982180867 0.006332005824783211 0.012774766125170922 -0.006746186766671612 0.0017008659337658914 
11 11 11 | 0.1494551825263548 0.023986427820198906 -0.03768918135817118 0.014565712465764236 -0.0016700105958155902 0.004636918414074262 -0.005532255724295381 -0.008051261828901549 0.01196871901606552 
12 12 12 | 0.10285971734664068 0.05569654732441727 0.009140056433144061 -0.021939898856044554 -0.013861894310569233 -0.004517577613566633 0.018657814562980393 -0.0016755895774996992 -0.014822146847904578 
13 13 13 | 0.05192997492487916 -0.03525352686959523 -0.04532539962832515 -0.003133075917310918 -0.002104529278635111 -0.019800981042159105 0.00889404598691328 -0.02436449096737841 -0.016697121307435052 
14 14 14 | 0.3561407821172681 -0.025876632328985173 0.0067955469286767765 0.010406587812337095 -0.01597823084891163 -0.006554015293396622 0.014649814368492688 -0.011873880934010898 -0.012467142132411799 
15 15 15 | 0.1917590506134793 0.014503996570316325 -0.018115656706701507 -0.04420253055304566 0.001880409849468587 0.0038221590597745645 -0.002724829275777238 0.006100741748530339 -0.00781012723359111 
16 16 16 | 0.1947376770527346 -0.021356108490426493 -0.021906570841721467 0.0352546048374706 -0.0021065197355635305 -0.0038149139562592593 0.004079982421261627 0.0018491269718563623 0.013097615314159481 
17 17 17 | 0.10862347800673522 0.004336522922239303 0.030756891045818798 -0.05883631346304457 0.01012616243234175 -0.01274363284742912 -0.01073530833979691 0.006450624964413825 0.011061369179785523 
18 18 18 | 0.36049720706051946 0.007596380929714746 0.027716667852352043 0.007298264662363331 0.017121775962726748 0.008108414246861515 -0.015458514790908269 -0.0012239101819232587 0.004647263321168964 
19 19 19 | 0.3597534635809052 -0.021856113555177456 -0.01947186719442016 -0.0030078111567747507 -0.006147841180095088 -0.005457936757240354 -0.014111115857134133 0.007800974110630934 0.018042514825250638 
