-4.474967474707753	0.5097646811278168
-6.704106292121784	0.3874890341206194
-4.313929052842062	0.502048185074016
-4.473726161831115	0.5069003368178255
-4.353058204903764	0.5010900257193407
-5.9629233059117155	0.45870290928250546
-4.360726119899837	0.5025284669520901
-4.0035263672377575	0.4764250378813318
-5.820622803865172	0.4556852316030948
-0.9145497875115264	0.39142420148229634
-0.9182251751339342	0.39238491616671184
-0.8777704763949868	0.38070397792251676
-0.8978285475239232	0.38404242701104946
-0.9167915253716562	0.38874558699365
-0.9044362555229947	0.3860181425373378
-0.888771111718427	0.3821357862353047
-0.6686405678354781	0.3524732074760018
-0.9001088478506848	0.3847126343743471
-0.9003712120844212	0.38531033693196765
