number of atoms: 23
number of fields: 9
Multipoles
---
0 0 0 | -0.4022072793935143 0.005052172619886768 0.021870777981774756 -0.09629775718371485 0.06451466876436823 -0.0015822270949379079 0.006861025916585692 0.11039113115534684 -0.024931696598477684 
1 1 1 | -0.11270481014398204 -7.566936163225766e-05 0.02566529876373383 0.07600396809863696 0.04597661345852712 -0.0262470266717523 0.012394769642083714 0.05241178777532904 0.09715125674445302 
2 2 2 | -0.18668938549982972 -0.01648075495515047 0.040469255226308426 0.027440337710494433 -0.02121546631419752 -0.036223606628730635 -0.16028180833916528 -0.07864051217864523 0.0015242802163924288 
3 3 3 | -0.19796514976333146 0.016402507093367772 -0.05637967219670535 -0.00935065666623943 0.038138455576107906 0.11518759564953995 0.01777734331985549 -0.08095943810971756 -0.09023625624487523 
4 4 4 | -0.2512113654141004 -0.04764247223241225 -0.019945858931221597 -0.007788021616714568 -0.12219590038553156 -0.08331322478694489 -0.07874220205983275 -0.0044279503632197 -0.04657375900087066 
5 5 5 | 0.044592922642854305 0.04573599634924227 0.002130481572008213 -0.008549405009411214 -0.0048902361558647665 -0.029312590752907947 0.12009102109893448 -0.03919955368238584 -0.09291545767368717 
6 6 6 | -0.299704633158683 0.014662633095548428 0.0033466492434969107 0.03795260221528239 0.007631769048473002 0.03426740009120842 -0.017486514489550114 0.06426625912041392 0.028378442577039763 
7 7 7 | 0.09302382843651635 0.010941718810748291 -0.01924763948690402 -0.14647993501763765 -0.06339308690770065 0.04935714200403926 -0.1510910612255475 -0.018894245426059563 0.10868338925340405 
8 8 8 | -0.6174041675534792 -0.1144786844183169 0.07692087017370546 0.012383046000235024 0.07600787461496182 -0.20498913385306716 -0.008911273252996739 -0.039564062945447974 0.028191258916938675 
9 9 9 | 0.14054415856496072 0.015420134911305694 0.045498816280860235 0.009702948342953184 -0.0057899039593180684 -0.00036122799996797733 -0.004855125199442955 -0.010566265415444752 -0.014202859920938402 
10 10 10 | 0.13116302503485355 -0.0486350168829473 -0.008628302744863904 0.003245262410507483 -0.010684412707080284 -0.0042224845223304 0.014692448262474948 -0.006340362887807673 0.00020617435974692444 
11 11 11 | 0.12610554320670664 0.03130402153198753 -0.037154225436227074 0.006033069666332805 -0.004572888776121702 0.00844862808717126 -0.009760712971003878 -0.0106123677395792 0.007950212486542518 
12 12 12 | 0.13196709760509606 -0.014625492663126528 -0.043378229953174745 -0.022453642166734008 -0.003902538138123359 -0.0022731035660851382 -0.009991891158894046 -0.01603810215966256 -0.021280622360687666 
13 13 13 | 0.13151654290877157 -0.03616747965833077 -0.002182766844737399 -0.04008796975848456 -0.009644654871059135 -0.007240195062817908 -0.00621038816149982 0.013800762698955648 0.00623474209749991 
14 14 14 | 0.11784295740119055 -0.00035187544271805745 0.036311838491105086 -0.03904072630503145 0.010206515933243685 0.009527393455803784 0.0004956833115172754 -0.006905786921183302 0.013526710096902764 
15 15 15 | 0.10250064866418362 -0.022811550990603512 -0.0006745160696181288 0.046901447243630816 0.011976023898812064 0.014270056664932071 0.010245578965767672 0.012217285923675767 -0.0023474981387036843 
16 16 16 | 0.12386830578134267 0.02216324079059131 0.026980685198022002 -0.03663320985350715 -0.007027380893509696 -0.014286240411382692 0.009541886017649416 0.005037312017895217 0.012852082861455325 
17 17 17 | 0.10628202745787974 0.015093491175077252 -0.011576744287491678 0.04708087277238327 -0.004500522497657292 -0.005070123359928846 -0.008668691714141112 0.020414032519463263 0.0034403660668008563 
18 18 18 | 0.13817540202851886 -0.025137463854241187 -0.03317058747039667 -0.018345665082201406 0.006622297685794491 -0.023775801654115455 -0.012372695496630583 0.0020968442062905606 -0.007055475510495207 
19 19 19 | 0.13415607050287603 0.019821042565958496 0.0317437152912805 -0.025643995195025575 0.012886105082262813 -0.019169390654409913 0.005111678646465275 0.0050277682754124725 0.017632678672677236 
20 20 20 | 0.06430263720230811 0.030291779380968626 0.051260076210847154 0.022415328653526224 0.0025728000169534487 -0.02110031393396529 -0.02566009037268626 -0.002432724084944522 0.00075640992078024 
21 21 21 | 0.06300386564030869 -0.033866023327148345 -0.04440217253692815 0.0314844788995779 0.006700140989955896 -0.014576188446212938 -0.00900843216865287 -0.0018073937402656884 0.025847132316881297 
22 22 22 | 0.4170930989739666 0.018505134018974075 -0.01173816656349534 0.005077869925948679 -0.005423332136705181 -0.009421340981946642 -0.0035047758088767094 -0.01625994069819049 0.006309334811927078 
