-4.760524478864836	0.5180300550147097
-4.467244406456319	0.5078383305755265
-4.539214084101324	0.5121939282373625
-4.555094272244352	0.5102238249599013
-4.606446001469908	0.5134644381301388
-4.306997619768181	0.5022695625565252
-4.660586921004303	0.5123656399206283
-4.253755031959865	0.5021942908602415
-6.9878310776424275	0.4016486699634023
-0.8594558414350397	0.3831233825352178
-0.8688369749651458	0.3860676777452714
-0.8738944567932944	0.387668290025495
-0.868032902394907	0.37952720151818115
-0.86848345709123	0.38319063056907365
-0.8821570425988102	0.3842000341775053
-0.8974993513358197	0.3885474539451478
-0.8761316942186592	0.3839327041720557
-0.8937179725421208	0.3886886768025041
-0.8618245979714841	0.38173150249662713
-0.8658439294971213	0.38247989958465056
-0.935697362797692	0.38995103628715844
-0.9369961343596933	0.39066639157221805
-0.5829069010260347	0.3552161181890384
