number of atoms: 20
number of fields: 9
Multipoles
---
0 0 0 | -0.5118189637735231 0.00831347199730919 0.011002696857335263 -0.05443452907980277 0.07888503765907065 0.03242668099254385 -0.006195068710843599 0.056391604521619 -0.01655334880241114 
1 1 1 | 0.18074692651030144 0.04258430532269922 0.04960014170142515 0.027026860324462876 0.1608101629077519 0.043860475864987564 -0.001891691775597274 0.03204612453491148 0.0393014013865671 
2 2 2 | -0.4970348348330189 -0.03566082438533809 -0.01909595373522456 0.025534264588142213 -0.16804667385311456 -0.005028445652941403 -0.017615730034196173 -0.04030069394362856 -0.04483248028512385 
3 3 3 | 0.6603453925144711 0.0361636778265162 0.035993574257944784 -0.036210859158105936 -0.07115330610281459 -0.05559958503675826 0.01225151118612011 0.003735302777289022 0.25719655974658057 
4 4 4 | -0.5835147637417393 0.00851202454597821 0.0552656437614254 -0.050501929640442235 -0.10829817571707209 -0.01563363369504563 -0.0010822916918796657 0.004717825879932275 0.11500293852106766 
5 5 5 | -0.31982981415457523 0.11097454271284199 -0.06442223658051685 0.06689864598845205 -0.12396917704270888 0.02973395149143835 0.0007642962218436475 -0.0501510382737887 -0.031266391823718834 
6 6 6 | -0.08128776785508673 -0.13118006998842818 0.006973697307633451 0.07549428428005917 0.018573780930556505 -0.006806035413445344 -0.04196563241307432 0.027360782987830796 -0.1261465009182066 
7 7 7 | 0.013429800591676866 -0.06651322811318504 -0.13597875107809465 0.08246995621488841 0.0262383839543724 -0.017761745308600935 -0.09580125086145942 0.059195379533201586 -0.11960389896693509 
8 8 8 | -0.5920021313945334 -0.05532789315366317 0.023037584160799693 -0.1300481970967016 -0.054828097741447736 0.09878948631050674 0.09421081104656463 -0.12518793152443228 -0.054058301662668666 
9 9 9 | 0.14792860470332392 -0.002564900923099208 0.04366493889198376 0.006815232964745413 -0.001161791871907568 0.0025835599966835187 9.7999140209662e-05 -0.015073828351835575 -0.01171143605899156 
10 10 10 | 0.14816264881573427 -0.03770698243078932 -0.02493438820044438 0.006905520007494804 -0.009055734233685718 -0.005172711892720706 0.00829936201202318 -0.010006063402665036 0.0058654191663232574 
11 11 11 | 0.16805642765871498 0.04472972898425714 -0.01714145236909158 0.011949035098826352 -0.006693216596113252 -0.0007155229955900705 -0.011422008959859373 -0.004601654590855821 0.00436816691432443 
12 12 12 | 0.07883863497449894 0.0029832418201822006 -0.0569251746156127 -0.01785009229736662 0.009645644947772357 0.00844179814183253 -0.0037464852293300154 -0.02549112779927792 -0.017571476417880354 
13 13 13 | 0.17476096351194792 -0.020919998986228018 -0.02243387261583088 -0.03503806353747904 -0.006518788881204666 -0.0070605753354394 -0.0062276960931598275 0.0014417804585249922 -0.010251167162695725 
14 14 14 | 0.17837908561967275 -0.023719889486754218 0.026172170679304087 0.027298079827853386 -0.008976949351031315 0.0033831477793660985 0.00837992518023582 -0.0011638530244391686 -0.015127771361595823 
15 15 15 | 0.1134908380152243 0.009082330191721992 -0.05548061148232126 0.0007037767007668363 0.024206189677249534 0.004236599719961507 0.00929924161437155 -0.015439699143625848 -0.0009768486630547621 
16 16 16 | 0.13792389211567402 0.00837537608434025 0.04035237162255738 -0.04277129085930134 0.020338674030077202 0.00304432204768992 0.006397283212447097 -0.001173969745941793 0.010689434272586137 
17 17 17 | 0.07687428715421307 0.058255990766686874 -0.008083692579812137 -0.019353715115338167 -0.022362956088259396 -0.005536075166000002 0.009780042158966159 -0.0005887897674527154 -0.011614873794655652 
18 18 18 | 0.08639165593555909 -0.0312697602582441 0.053100620549848196 0.013265473258452934 -0.003650687989246813 0.007942985469007405 0.0005289995658932343 -0.0150480679934126 -0.020147960500430412 
19 19 19 | 0.4183224241545863 0.009625730125677263 0.006248584764678222 0.020761394069023553 -0.01078413489768822 0.013755589715556965 0.0011162754886278956 0.0033963406707335766 -0.010063508241685974 
