number of atoms: 20
number of fields: 9
Multipoles
---
0 0 0 | -0.11428450451160899 -0.015790785778504582 0.007667256307045971 -0.16274138038835043 -0.07150185999524811 0.005083723445430356 0.02682146667031219 -0.07339277066443901 -0.00840531833075885 
1 1 1 | -0.3536695297538568 -0.06670872969351523 0.005035249045314431 0.07151004173653491 0.00752946491038527 -0.017044012675424457 0.16599391723911272 -0.08176005766419683 -0.02494837067397835 
2 2 2 | 0.08668895187633296 0.1300009293198418 -0.013932530362893904 -0.02601333486585274 0.060853897850028066 -0.005865031708429159 0.14176707453981377 0.10129492389255745 -0.00914949349472247 
3 3 3 | -0.14947280111873518 -0.050763843783437464 0.0041236861469804344 0.04210008834005411 0.0478982619129802 0.006868127885621201 -0.06429317964653994 0.1170615460522031 0.016302424001545246 
4 4 4 | -0.17845866197934157 -0.037663208502602054 -0.015031128770819508 0.0326283469085017 -0.054629375787157826 0.07143563571174402 -0.031580036399276694 -0.055960099724860296 -0.10844103128259315 
5 5 5 | -0.01593565053014423 0.05528443280412643 -0.04515576243817468 0.08657849606053453 -0.1117843718545073 -0.04990968380690032 -0.0017978899717373258 -0.10137445295677586 -0.020806725219355792 
6 6 6 | -0.5217114338054412 0.04543999743237959 -0.002407084080532776 -0.07861335182411315 0.07301794888455555 0.017225963022831463 -0.12344037730763499 0.23525960608405708 0.031356070183880334 
7 7 7 | -0.01573835983056071 0.06322322582883516 0.024913490903973164 0.08931940638437205 -0.0893353246800699 0.06440803612942522 0.005581886726026114 -0.11652346118920803 0.0041845555794948405 
8 8 8 | -0.17821690746927832 -0.03362929346423859 0.020705772568705712 0.034095044779963314 -0.07923900872489394 -0.05648695171477065 -0.010993001621682904 -0.05697755645352198 0.1050861138326613 
9 9 9 | 0.07351889065277639 -0.01724930599878065 0.0513568530339824 0.017770367161901834 -0.013658078817042354 0.009005818468248182 0.009399463095793207 -0.02204109256891942 -0.022375754378034907 
10 10 10 | 0.07355506003565515 -0.028535419064067747 -0.04722068246180214 0.014176375714210954 -0.017233086028762303 -0.008764227194859824 0.013142368973449992 -0.022776147680184437 0.016474724095059082 
11 11 11 | 0.10973177013554636 0.059611218802229034 -0.006819467165413554 -0.0009265090039483346 -0.014486145720503659 0.0005967852455506904 -0.006176149284027974 -0.022138937494167822 -0.0008878793336787071 
12 12 12 | 0.07881268050288115 -0.033376574992002445 -0.051897732981575614 0.006969499522892391 0.01239774140642273 -0.011598253402825588 0.02503637930390238 -0.008372705338283246 0.01668010451358924 
13 13 13 | 0.07885401101854572 -0.020800845789823788 0.05742017031594887 0.01093076340301008 0.015180106308077687 0.0024699311712066147 0.020969255049321317 -0.0070546162824997975 -0.023125400493633364 
14 14 14 | 0.16541289861953723 0.04899643191308178 -0.005104813687999545 -0.014355108407786858 -0.019533234144800498 0.0019669742500595176 0.008620162172827071 -0.014220715863818456 -0.002005773445715281 
15 15 15 | 0.14273078889272783 0.018746418102054446 -0.03501670431271356 -0.0399049163392647 0.01738138301437578 0.010954714670093627 -0.0010323942323712532 0.0012267276076499275 -0.0011752703610668938 
16 16 16 | 0.1263576722354195 -0.04536264013723528 -0.03894180999062436 -0.023216299454962782 0.004241101772867826 -0.011325351682151515 -0.008032590626245896 -0.0012597020070756076 0.009838384282426012 
17 17 17 | 0.32103603409362347 -0.028423190043163047 0.002917609868554048 0.009249686790025625 -0.01708577319519993 0.00340936514238996 0.0020313562752294666 0.0006170953890461933 -0.0001347294487375318 
18 18 18 | 0.12634892474921555 -0.035161154892574646 0.04972860950510873 -0.019998372247290626 0.008346387093057371 0.008957177553653788 -0.009345519623682488 -0.0022694263693670723 -0.00810498100758579 
19 19 19 | 0.14265220827783542 0.026519656096114657 0.03264632633041719 -0.03748973712197586 0.011956656046791374 -0.016110004374342658 -0.001674840468247862 0.004195845776157807 0.0018902174073441482 
