-4.469802856014643	0.5113763342379841
-6.720878542637199	0.38910554535543573
-4.271290110260727	0.498888269865128
-4.497866478405849	0.5098201288798091
-4.469392078437862	0.5130291564638559
-4.632077015771207	0.5182092314289609
-4.458744029640431	0.5116147588260196
-4.397597347785418	0.5075196394698879
-4.776595379844392	0.5178380799952912
-0.9241871434130028	0.39426224208830096
-0.9243481989436478	0.39447849712788435
-0.8854945384541693	0.3826264608663698
-0.9423879632852414	0.39454210945086127
-0.9373418716428148	0.3913820157689793
-0.8726397046982832	0.3781771089482716
-0.8849853426568999	0.38479037448387177
-0.8795260510320482	0.3856280252569982
-0.874963616742569	0.38217186984886536
-0.8790028349872744	0.38321086306770846
-0.8982015354860431	0.3845006308423702
-0.8703795440707601	0.38604505981956094
-0.868815443822864	0.38631471329942724
-0.8666982678906408	0.3857959894469702
