number of atoms: 25
number of fields: 9
Multipoles
---
0 0 0 | -0.42895828366931443 -0.004328454377411286 0.008102869208595175 -0.08134391747586936 0.039192328625449996 0.013343356775562214 0.027587167526005957 0.08984928195893356 -0.004788294755084172 
1 1 1 | -0.15733197084317752 -0.048472437169171996 0.031105857823725516 0.04782812245581332 -0.034375724558803895 0.09843534251725793 0.02721380126504921 0.054610426905653625 -0.02977074076194808 
2 2 2 | -0.26702825752799786 0.05407521057013412 -0.020725242265245847 -0.01866234952843188 -0.02112064919678413 0.13237288628008503 0.035508162460411406 0.033839792972510586 -0.047615390939272265 
3 3 3 | -0.010646488378642793 0.0063508116630624206 0.04049186877125254 0.006806634817265312 -0.0037210129501233894 -0.007569924175315078 0.026913111337563172 0.01207909281784361 0.028272353976370308 
4 4 4 | -0.28435094832168595 0.05858447754786046 0.016526333724641146 -0.019488851807721728 -0.05125933361183709 0.012429750199638639 0.056129436592852675 0.044575447113245355 0.04985949829417689 
5 5 5 | 0.03283996392229582 0.00290332914348787 0.03283981357974501 0.03569316863257894 -0.023492716494279364 0.003971696891937936 -0.008048071836872077 0.003045124029462108 0.03154394704537398 
6 6 6 | -0.4701958306226173 0.041815035695994734 -0.05420285893216334 0.014318498978518486 0.041195839939906165 0.07249072299512704 0.008947801550897617 -0.04463172736304043 -0.008093006358403355 
7 7 7 | -0.20051975340531403 -0.06853557997854134 0.0315612101003655 -0.037166773637122195 -0.091990804881191 -0.05782335734027154 -0.093858593488132 0.04523408180639959 0.15877275242098896 
8 8 8 | -0.19843160229033785 -0.02231906692695324 -0.05314106092227153 0.06415700795714319 -0.06068464512355394 -0.051172219226324596 -0.04349454146788139 -0.02358253907041813 0.1888515773274962 
9 9 9 | 0.1309289903211004 0.0018357647620273786 0.04592145505803328 0.010559970771199363 0.0004336370957162617 0.0032845911457720493 -0.0009424011707415362 -0.014503341393532414 -0.014028842823770982 
10 10 10 | 0.12977549301542535 -0.040897981984431085 -0.022276015654206994 0.005705968600309412 -0.014205171191431632 -0.005495085809692239 0.009892820132201741 -0.008838179481944108 0.005069246018950978 
11 11 11 | 0.13225975303056015 0.040143627282925115 -0.0259814225321525 0.007822626906555302 -0.006922248253781551 0.00655281115132134 -0.011601017020182626 -0.007329937387167913 0.006419218552530236 
12 12 12 | 0.10525648948523836 0.03891057558425932 0.030962713853855132 -0.008505610212278395 -0.013977994597271243 -0.013315064707028547 0.02018112471648785 -0.009458221398878842 -0.0034658634389788463 
13 13 13 | 0.10043398880535193 -0.009779162796824992 -0.048174653411584674 -0.012099848956192457 0.007384181932180423 -0.002281466355944233 0.008290885766673885 -0.013312763316295032 -0.023954244975058193 
14 14 14 | 0.11925388504301782 -0.03584288440802335 -0.02820026979678344 0.009212333632383081 -0.013361098091395858 -0.012966368324197945 0.02445111281300565 -0.007047937540231651 -0.0025264330975671967 
15 15 15 | 0.1191595032144035 0.011280139922421089 0.04351559063780105 0.012367691341199426 0.004858345936051593 0.0011905540829575518 0.009889954179796621 -0.018821964521577316 -0.021823871783889278 
16 16 16 | 0.10113864735700329 0.0047481097326077 -0.04396408461705765 -0.018957933374515654 0.012337984287544583 0.005077379708075564 0.001134801437690083 -0.029486750195062538 -0.018672351844255378 
17 17 17 | 0.11369513437701406 -0.032231143547827336 -0.03673715006348022 -0.014026125003906037 -0.00867336978510099 -0.014880024213943502 0.0039405563152830675 -0.005015749427852324 -0.00966115132930158 
18 18 18 | 0.1288893471483188 -0.005790736170933665 0.03474130156662865 0.02849529930834368 0.002478670060862376 0.001964178808954582 0.015973157903239506 -0.0009020321117364247 -0.027517872778597376 
19 19 19 | 0.09819270195038288 -0.005153264487489619 -0.029308993624911336 -0.041249378386330915 0.012806439801803793 -0.011112026281154878 -0.005534318088028639 0.011396641233502609 -0.027755043941695354 
20 20 20 | 0.13921632286664876 0.012451928766851403 0.02201471239578626 0.0381887720445531 0.008343658475066898 -0.010080108850643373 0.0051253823110399 0.0077301013280936335 -0.014338067702352705 
21 21 21 | 0.13771872350823522 0.020456021158907284 0.016159621170251784 -0.0384166978098602 0.0057783441937457655 -0.013070133588456349 0.0036804559244938482 0.006778345767238365 0.010488943414910027 
22 22 22 | 0.13948937519164128 -0.04342743998093089 -0.017029665129294366 -0.0035236202732891737 -0.01612482885437272 -0.004265102375342552 -0.0012424606482292857 0.008878680339031789 -0.003416401466465747 
23 23 23 | 0.14442806255450258 0.028884590490556725 0.03266635466109192 -0.028687346379399917 0.011240601827234582 -0.005936052746998185 0.01187282644207371 -0.002603917715421173 -0.0028974739269880022 
24 24 24 | 0.1423626636041312 0.050358017258764085 -0.0015377973969723053 0.01352861874933493 -0.003916704551509368 0.009041379791347273 -0.009645063904103227 0.0007064181325398425 -0.01329791144732086 
