-6.97820206076009	0.4007836885715589
-4.261523909548606	0.5033174551321621
-4.667168333016905	0.5113506541739987
-4.39428146593146	0.5040993095632957
-4.620529832139341	0.5128093902491767
-4.577989896990417	0.5097009666274342
-4.533881603077212	0.5066137439121583
-4.012013620255881	0.47738519153782405
-5.822987233074192	0.4559407654747137
-0.5809350535286665	0.35421979509854684
-0.9408853671451025	0.3925718661461171
-0.9378639012345265	0.3908353968038558
-0.8508329043216571	0.37747302661718013
-0.8463419057601496	0.376944202315877
-0.8948094121774571	0.38294594743063315
-0.8732979243862725	0.38272095524904787
-0.8729595400279208	0.38319153427500147
-0.8762932737154111	0.3828603403475767
-0.8611976573712703	0.37930124683281324
-0.8398429459952548	0.37396696912026006
