-4.858567795863468	0.5221612220266525
-4.244039332833572	0.4996236141820593
-6.778303990393213	0.39010600413239543
-3.849083418575985	0.4857966597801802
-4.768770314225283	0.5191623625065649
-4.523620239643629	0.5087161293695198
-4.676958179564893	0.515524659986729
-4.283963986518376	0.5024575356721929
-6.798981457712649	0.391677134780819
-0.8449124816132907	0.3810070015657616
-0.8496616031292141	0.38210807580457457
-0.851787863421643	0.3830200135073774
-0.9188092441908129	0.3869843731165652
-0.9457835223648974	0.39449649849668483
-0.9971579711811484	0.4004396476753973
-0.8514026664768468	0.3800545407628923
-0.8430396559694155	0.37878963455394266
-0.8996353835636798	0.3890134919572775
-0.8850743344029035	0.3841337988538784
-0.8701644296058187	0.38359696503015117
-0.8656517293449635	0.3819711875200166
-0.9438781545879615	0.3959177370779615
-0.9020405484017864	0.38272099547118654
