-4.863884231347294	0.5213268812855699
-4.274797907774907	0.5005048124909245
-6.721891592108206	0.3874443805487165
-3.9176168057071292	0.4862725088884346
-5.896696268364893	0.4560590968974715
-4.3155231134065914	0.4993015885348457
-4.532928249970524	0.5135769974589178
-4.695369646527814	0.5205231905693865
-4.658822171092857	0.5173274771417715
-0.8380898211736332	0.3792960977232069
-0.8508017296651751	0.3822041983861793
-0.8482813398353	0.3825888226403995
-0.897077413711034	0.3805831872129567
-0.9319338582928494	0.3913823218253613
-0.9460786086796215	0.39357245523417406
-0.8966692786567231	0.3848922726920896
-0.8997932265178022	0.38542277964747995
-0.8610338605777695	0.3787163561634175
-0.8453014057098588	0.3784362904184519
-0.8380930294725674	0.37691002334868573
-0.8476331559928623	0.3793759473025803
-0.8460613225714765	0.3778945408767394
