number of atoms: 18
number of fields: 9
Multipoles
---
0 0 0 | -0.40579446866181446 -0.00020642289507931825 -0.014783871449940053 -0.08572958164016796 0.04902962644188416 -1.2531514006725557e-05 -0.0009854954387206035 0.06641071276810925 -0.004013576397377412 
1 1 1 | -0.25229930865181505 0.00033021468693807593 -0.019713227585385525 0.06540722448339983 0.10217868478187712 0.0017539414855890082 -0.0012793398673832444 -0.0029308759892048026 0.057479579059341396 
2 2 2 | 0.059208387911376725 -0.0011430476544504297 0.04910097920246153 -0.13465384260600122 0.01370534309863542 0.0024029258714256974 0.00106770525278136 -0.23068109303617057 0.031076004885595726 
3 3 3 | -0.4507464795012215 -6.034346155836831e-05 0.051241323419040516 0.10028954507847647 -0.011009302412090855 0.0010158562998517683 -0.0008061485004793241 -0.05075812135573004 0.11198166104035578 
4 4 4 | 0.9903640291764795 -0.0003757266860507315 0.020972405458338655 -0.01644491999930731 0.1348872022256629 0.0027524853996652747 -0.0023855320269991066 0.011994826593202841 0.0803343051250444 
5 5 5 | -0.5930089028474086 0.0015936274913343365 -0.1449293582082369 0.05332553419309403 0.12009041821110775 0.0021385700624804945 -0.0010688562141638143 -0.0050459411812079896 -0.0008604842491429125 
6 6 6 | -0.7595196631953609 0.0007755294264895669 -0.0708883696537845 0.020769733565754712 0.0838276165961628 -0.00019155910731385697 -0.0010775143098428678 0.1261354890347828 -0.054256134687696043 
7 7 7 | 0.6180568098664283 0.0008253323074904295 -0.015145308129340078 0.11711649146137804 0.21933322458387286 0.0046567458662334135 -0.002013663964272614 -0.07844068755152118 0.023766359672400508 
8 8 8 | -0.48847635280963253 0.0010931046027138893 -0.07720360939976596 0.06463124538175438 0.20118564420482982 0.0030138994084597443 -0.0025770865393852965 0.04123450039721608 0.024227609900510285 
9 9 9 | 0.14039657095670244 -0.00044513334189965855 0.049962478323813224 0.0028214782195474476 -0.000840260233958452 5.086836880271502e-05 0.00015868586278480022 -0.01423116895993734 -0.008913418461767141 
10 10 10 | 0.13333022004008277 -0.041736391458670474 -0.02190684621334938 0.013645982601368139 -0.006978707397135229 -0.00589980564637787 0.009742404348189244 -0.010445727859986492 0.007418982786282776 
11 11 11 | 0.13333743112614904 0.042264467922909485 -0.02111701023044524 0.013234071488583004 -0.007276272739877195 0.005897422556000509 -0.00967762983808124 -0.010363195689590664 0.0071942813982432425 
12 12 12 | 0.12835804560646524 -0.04474390063848592 0.017046323597483096 -0.012998451194375281 -0.010749344649254365 0.009458718558672623 -0.010900829863951458 0.0005719948167106038 0.01722377859304779 
13 13 13 | 0.12834197658407398 0.04429807659261301 0.017902284435043703 -0.013448484302412324 -0.01025427251033407 -0.009711205222050403 0.010753304300277848 0.0004270463939925344 0.017510180269578682 
14 14 14 | 0.1016254730346986 0.0558880376861468 -0.02430185141460542 0.019878181377100866 -0.01270569873477671 0.004543316472400244 -0.011492584878884129 -0.013439154243251901 0.009840475408630922 
15 15 15 | 0.1015446944071613 -0.05526068040482457 -0.02536599357161393 0.02047612707734878 -0.012425198742791589 -0.004653880341978067 0.011743015160767527 -0.013365033597780079 0.010200166634081036 
16 16 16 | 0.3955422141191193 -0.00034775119389022363 0.029110728315538383 -0.008893523041956985 -0.011856001138872715 -8.555861083638506e-05 9.707785504734017e-05 -0.008100905540788307 0.007315975296085418 
17 17 17 | 0.01794969324866924 -0.0006737465784095388 0.018433316450912427 -0.0838311140483379 -0.010570394487256943 -2.288209543807042e-05 -0.0002700723193045563 0.005767383322954555 0.03666469617212224 
