-4.4679337507156935	0.5112332067937565
-6.726588519335447	0.38957263057792807
-4.245059706777528	0.4986928237242425
-4.779654840557081	0.5183670360454454
-3.919459728991052	0.4846759748206583
-4.911138623339876	0.5240301879272876
-4.768767133787635	0.516762627306297
-4.268843038759189	0.49982096646816804
-6.789007767104586	0.39244010005728597
-0.9213122966397559	0.3935413674231402
-0.8862498794201847	0.38275513009687245
-0.9249579130770217	0.3944731163905017
-0.923116463560562	0.38979758742751364
-0.944288043756091	0.3929627955152104
-0.8509967392768452	0.38028198875618996
-0.8418838565707347	0.3773896734306259
-0.8447774755154639	0.3821016329230304
-0.8402280913775513	0.3799574606805289
-0.8385966027168368	0.3800666373524854
-0.8540058463214687	0.37988132390823176
-0.8548594321628298	0.38065002069317033
-0.927301842242313	0.3886303088023186
-0.9286446429658215	0.389115544625718
