-4.468647999952336	0.5105502248246508
-6.7203145283287915	0.38908810847557257
-4.261896886309081	0.500202111531487
-4.696598020149413	0.5130968439741082
-4.274584231463001	0.5017963271051783
-5.918032230755122	0.457685207936027
-4.528923393011687	0.5095369768274249
-3.8903011284001803	0.47826200576289557
-6.8437981210145535	0.39616318100404657
-0.9225665193977091	0.3936732147415183
-0.8824516055814315	0.3817911749362757
-0.9206181175113135	0.3932307213371593
-0.9454934027711898	0.394897701444473
-0.9252724648531094	0.3892342948317007
-0.8433795455442102	0.3768855856481378
-0.8503022686913669	0.37915391566287604
-0.8933501322585028	0.38300507838654013
-0.6578713727962188	0.34990958507424325
-0.847563960566402	0.37710043937635707
-0.9632828364829893	0.3962932836183575
