number of atoms: 19
number of fields: 9
Multipoles
---
0 0 0 | -0.49666741065547537 -0.033924930116830544 -0.020314755890966336 -0.03529419925689159 0.028391579225277238 -0.036920173886511 -0.01432562461098877 -0.015030663453790432 -0.05754826072731418 
1 1 1 | 0.10186089346946403 -0.07197719979132208 0.11988786107627349 -0.010848461495058309 0.07738739113512373 -0.08068055829347195 -0.0017047215080786304 -0.0453837604397553 -0.11935312966079477 
2 2 2 | -0.34316269768219243 0.015277719150876749 -0.058321287877862 -0.01274306161749729 0.06687861898674653 -0.00027101651890177795 0.18285042825738204 -0.057927068318308385 -0.0015392482333995913 
3 3 3 | 0.08398809117413819 0.028598635708645438 0.12081590266754987 0.06802938998261457 0.008131297097002686 0.10496899305410685 0.02876631676781005 -0.0640432966037061 0.04775979724090043 
4 4 4 | -0.39223994919400074 0.07157446822689516 0.01849792965763814 0.06826132012144649 0.019009380886804185 0.0927534693562936 -0.02996403794438707 0.05215709170434039 0.030333122745107154 
5 5 5 | 0.043422642545122514 -0.06518714111333636 -0.059365469018885834 -0.062457110865781845 -0.014456557887449348 -0.07848031311129529 0.15524588982059337 -0.17316901528147102 0.08096726741032331 
6 6 6 | -0.38462047873102634 0.031335707073451395 0.04759039770081559 -0.0019374374028609455 0.0542703173151098 0.1247122128298094 -0.008202580354100392 0.14684452413239107 0.07132071583981432 
7 7 7 | 0.7667588251845849 -0.021220307615381708 0.008278322956123527 -0.08242573961092349 0.08467958063247769 -0.2219893113578388 -0.12708982101819483 0.03789511314256162 -0.01745452341356636 
8 8 8 | -0.5340449733677133 -0.07149432313700617 -0.08473446202704643 -0.03331953110809852 0.08606662100854669 -0.12473377221229866 -0.08581802139586264 0.058863052967351046 0.036738846166399414 
9 9 9 | 0.15349372310069298 0.011940611878043222 0.03477250395715395 -0.0283063777966461 0.0001185486588311065 -0.0019781192475329277 0.0064202297061625785 -0.00942851776337375 0.013241037328284135 
10 10 10 | 0.15490085932264153 -0.034568166463216324 0.012199551382602364 0.02873919449455283 0.0014711545686553124 0.012253125319301629 0.011248246358179864 0.004654947543159108 -0.0009712999683701596 
11 11 11 | 0.15251081074043815 0.034304108729685936 -0.02736477065615283 0.017182892710553514 -0.006748040077873896 0.008964129622856419 -0.0021346839794428732 0.0024181275069141655 0.010049451280726665 
12 12 12 | 0.0617658644595529 0.04406040810017563 -0.006613676140535039 -0.04284809734345353 0.009229751661584388 0.0005054895296265248 0.028245057314735877 0.004376401378956842 -0.020207354562365117 
13 13 13 | 0.06406825648634185 -0.024737670582351597 -0.039462239692914354 0.04105501776937668 0.016868501673523637 -0.021307291735514027 0.015973235058176546 -0.01482069326837541 0.007005268028739164 
14 14 14 | 0.0720549636630039 0.033224641720027544 -0.010983758516612516 -0.049764568230179065 0.0018977321978894852 0.014501161667559954 0.03112902636637459 -1.3141930637437837e-05 -0.0016341901956810393 
15 15 15 | 0.08504163534154852 -0.03585276454933392 -0.0415890633096905 0.03061326937918087 0.009758824028038836 -0.0029214527209134823 0.015579857409264666 -0.016222021161164647 0.01995536484538074 
16 16 16 | 0.18944552228524758 -0.021269118747527387 0.014402032533975451 0.03883684352329576 0.001652365823354541 0.0028370960803780015 0.009018667531141772 0.01022537617535692 -0.0135198527753737 
17 17 17 | 0.10852082166974608 -0.028400028342019688 0.05780660516151406 0.012723189739921394 0.0033959114674734776 0.004847810054876475 0.014378731216693055 -0.015270446764458809 0.0010701513416423872 
18 18 18 | 0.11090333665730767 0.06123645637196196 -0.008813881320261499 -0.017627133992784226 -0.012665845610002287 0.0026073136062910065 0.013030334771138873 -0.011069930947104829 0.0026794587559147488 
