number of atoms: 22
number of fields: 9
Multipoles
---
0 0 0 | -0.510887812195322 0.013378772894841035 -0.008772158643023076 -0.049453638092447065 0.012363071011601615 0.029096312258810167 -0.047055623324153965 0.07117280979160401 0.041155141216586075 
1 1 1 | 0.2693826285422585 0.05219866260227142 -0.08098696165931306 -0.007559719953608902 -0.01851727770782319 -0.0490356595263763 -0.0016646370543042944 0.05728476386173096 0.03043274567590471 
2 2 2 | -0.5104148849739332 -0.025537832519215653 -0.04096761046649957 0.020484669844304266 -0.08925330745780692 -0.028151674392353825 0.021113000345137398 -0.001718677248984412 0.030672549833996803 
3 3 3 | -0.5159580369327204 0.020876102863092792 0.0958388933392771 0.05335413763679355 -0.19187833203117444 0.2733893775312238 -0.21665498728462157 -0.14213042420397148 -0.031919165177427655 
4 4 4 | 0.40773096503936834 0.0490198270410176 -0.11962335632091488 -0.03103132152156192 -0.0844638847032023 0.03342287934495387 -0.14640628478308945 -0.04790578661019758 -0.05724163138174536 
5 5 5 | -0.3130496783272516 -0.045244471331484536 0.015935887954949282 -0.03250483813550297 -0.016180301496802236 0.12993363880049638 0.06396242425570181 -0.02642911246011795 0.09166918430076575 
6 6 6 | -0.09113735609209606 0.12489992333988911 0.005259639440122147 0.07877399074307612 0.1014580043074299 0.14090749101283642 0.05852419069536357 -0.123295318339509 -0.010362058611809916 
7 7 7 | 0.02758964555830179 -0.013377908385631118 -0.07386390478707784 0.15048884550272526 0.025612417670715103 0.07868026122396819 -0.0142848746205207 0.013029470594015958 -0.10097642114905482 
8 8 8 | -0.6035533961275217 -0.06496033388043618 0.013502025877347657 -0.10883492296953658 -0.04442325647262539 0.09604701835059735 0.1364223089766591 -0.07910552566241376 -0.0560300937776282 
9 9 9 | 0.14430932375522365 -0.0004028382132714187 0.0433946528269012 0.013280661090788771 0.0006623947018921364 0.0001984348926250695 -0.001993246299524487 -0.011857880632959247 -0.01233848155962569 
10 10 10 | 0.1466195715809897 -0.03531404173109368 -0.027264958706219547 0.008469111194868545 -0.008359257820401953 -0.008019148448961195 0.009825055238428899 -0.00833783735832277 0.007433863828325855 
11 11 11 | 0.15856608163662134 0.03850261726665229 -0.023523698278227877 0.0033590582777922105 -0.010256878693295123 0.007403069315507139 -0.010133939821759103 -0.008534565106821003 0.0025449296291854403 
12 12 12 | 0.04384615637694533 -0.04543947286213277 0.029209181439045988 -0.011959655892169506 -0.03127072295199668 0.02706618281786562 -0.021965497529008834 -0.0001208374770260806 0.011836864087555406 
13 13 13 | 0.14420135522437427 -0.004847669003738299 0.039657087401608365 0.021393119889911168 0.00800886465463706 0.003631670485737412 -0.007387639984119423 -0.007653675393205221 -0.010191644449734234 
14 14 14 | 0.15865201083058722 0.03310034381471736 -0.028081740524807535 0.013153869294834386 -0.008488655997346856 0.013029252843877516 -0.009445795419658967 0.0003707501865639482 -0.0036504920987168485 
15 15 15 | 0.14601766862444554 -0.0055974538955079495 -0.0032772045380151976 -0.044778769972115044 0.009870186689547571 0.007761285168618894 -0.00015450719787856975 0.014025555040036677 0.0019696049575340896 
16 16 16 | 0.03818891640162392 -0.06057465074196529 0.04112667761797721 -0.016182201961593687 -0.011165834849331653 0.015312970458964533 0.008024331944863423 0.0014472157839117723 0.017462657289409697 
17 17 17 | 0.10976412551973491 -0.0484797214497075 -0.002567678083327841 0.034748464973357714 -0.002370726989622686 0.016937591875805985 0.022834280669490174 -0.004813995713271728 0.006337823510366833 
18 18 18 | 0.10828029018838803 0.009932088176152286 0.024958053105410404 -0.05211043026497872 0.016311376930174457 0.01503303107507136 0.008792303800473807 0.004478015574352513 0.016020471225971805 
19 19 19 | 0.11346683103107269 -0.05213635801275019 -0.02281443627576839 -0.020915271945034158 -0.016571003786980527 -0.0031474063948880196 -0.00920575195202836 0.0044594006585830705 -0.022496973328629107 
20 20 20 | 0.08512088176399302 0.056728021459362225 -0.009452034357580207 -0.02277313947768976 -0.018315995130717785 0.0004212166389703727 0.010504043143394832 0.013131693473821168 -0.017769825433630728 
21 21 21 | 0.44058670886105156 0.014941232106015325 0.008247130194739986 0.01346936649041044 -0.007084703308759908 0.007577929739760319 -0.0011188648435478557 -0.0037138651967032347 -0.014525009363206253 
