-4.4690021546502905	0.5095572400074381
-6.704256967914643	0.3880459976524854
-4.355681904065985	0.5039207303415396
-4.389385682844442	0.5032920762471784
-6.710543395369938	0.38602868563287895
-3.7399236267942215	0.47646743965333016
-6.898993666256335	0.39710649721159047
-4.096031437534947	0.48783041636587227
-6.745580335105602	0.39141436133438096
-0.9211882795095617	0.3930227966039462
-0.9158757072904018	0.39177507389840543
-0.8800246152554216	0.3812079562202262
-0.9058539855947714	0.3874520931121455
-0.915898121069724	0.38983498234356084
-0.8819059875234303	0.3809799846388988
-0.8671086417539533	0.3784762229461364
-0.9225681714797972	0.39052782938747066
