-4.754804894214547	0.5180390548589371
-4.2096880149266696	0.5004460140981944
-6.683519626905614	0.3868402505107958
-4.206308637839166	0.4933793207611541
-4.275957024987724	0.49320319060296813
-5.587777584214459	0.43946830269415715
-5.67532169594	0.4558189279477041
-4.44306091222187	0.5068321706134824
-4.583771915904223	0.513116589919228
-0.8093935702408486	0.3716857091179641
-0.8245804549278262	0.3745245489521931
-0.8757075299544207	0.3772128283261757
-0.6468793750791909	0.3459470793999687
-0.8373426287524294	0.3740750760556428
-0.8356894136076741	0.37528522489658744
