-4.672721100018898	0.5158012419600219
-4.325096881879085	0.4999534398183917
-5.9841942554595065	0.45320019082961704
-3.8300808182090265	0.477468669101991
-4.653799851813102	0.509340702235954
-4.50710421758867	0.5053966558947306
-4.293578445494874	0.498001191157611
-5.6419461131134945	0.4552725282093345
-6.5602523924635	0.384359201999521
-0.8640753484837926	0.3807791985259362
-0.8642560612291161	0.3813471555633054
-0.9050354986836131	0.3846919258228531
-0.8992517451261095	0.38377579796407146
-0.6359890785264604	0.3491447650336405
-0.8797927812460388	0.3834796175699357
-0.8910975149218724	0.3865173449489887
-0.8542405888589029	0.376739001088926
