-4.268578902099978	0.4950763275111639
-5.974265023316511	0.4509448588522241
-3.7812699118208926	0.4730178221638083
-4.648846577901695	0.5062836387031311
-4.289324121204467	0.49728232481742063
-5.642867043743199	0.45511502685353356
-6.575064394143483	0.3847688650164683
-4.433572887395499	0.5054626774807536
-4.643438963399908	0.5172763863693164
-0.9301864625444272	0.3917559852988798
-0.907830918184647	0.384750518675425
-0.6291313227709329	0.34618988960140584
-0.8488380239273908	0.3756016268829324
-0.8537672084616051	0.3777761215489037
-0.8395459506769197	0.377384941070732
