-4.903314600717128	0.5247363337523625
-4.104477112527845	0.49117704313716376
-7.003633905525066	0.400496070160286
-4.3063000892237095	0.49448624788839624
-5.742553327194722	0.4562672350118217
-5.341781102726286	0.4303656418016771
-5.728410397620031	0.4540583539874984
-4.124302512831457	0.48548972822277203
-4.851233490348547	0.517964859809084
-0.8338641913365882	0.37868535264624487
-0.8482868556951381	0.382093802042422
-0.8400479489103467	0.38061138114550164
-0.9084190258411263	0.3799343161889569
-0.5501593450118842	0.3477452411812461
-0.6609280784555436	0.347186859005931
-0.8485086613160353	0.3831277810444938
-0.847149048891784	0.3828758565402652
-0.8242719367342144	0.3763400330643003
