number of atoms: 16
number of fields: 9
Multipoles
---
0 0 0 | -0.4966763890695898 0.03787952442538876 0.006185640111429343 -0.04051366460308764 0.026076548024280558 -0.0035532154782761797 0.05000972330305737 0.012159554842055376 0.053273494352465214 
1 1 1 | 0.22991376573577327 0.055933465093176926 0.024890115779691687 0.07056010615952159 0.11113666106001786 0.14648340659828543 0.1388274311505802 0.02692221342789636 0.05031224079523999 
2 2 2 | -0.12642102264279398 0.09071464831087443 0.055354649454617356 0.04530033398364598 0.131138859418084 0.181089054919811 0.06386158156714333 -0.0011442992833090885 0.10121075052354452 
3 3 3 | -0.3237627364031166 -0.03104949496938556 -0.00900705803343889 -0.011759642831383886 -0.07945992920450481 -0.047269590484469964 0.06840543069090262 0.07975063457970814 -0.1767978994263253 
4 4 4 | 0.1533556869888537 -0.049729943888650575 -0.053929246011696796 0.03383396817593 -0.004432881297622472 0.022814882615094335 0.17910415716583283 -0.10270577599381331 -0.06360861698099506 
5 5 5 | -0.3479931347974077 0.11675332791375967 0.03374084628499419 -0.07265073675638725 -0.09417980541269655 -0.2687061559318315 0.1936969234091266 -0.09971434836482304 0.11778350696918036 
6 6 6 | 0.024415638849442978 0.016166745592908913 0.13324841393249415 0.022212333500385113 0.025730386038007914 -0.01472492940497556 0.007734066222321637 -0.051693524576390135 -0.018980495097379226 
7 7 7 | -0.30888353107947975 -0.11019734259460322 0.04847292709860737 0.09285523026816175 0.011743855356566838 0.19598423077877253 0.23714866407843235 -0.06472755741886754 -0.2154970136510436 
8 8 8 | -0.06692717727040431 0.03960542760919408 -0.07515706412444761 -0.034259144051159734 -0.016143678905182812 -0.05050468710844493 0.12772860186762489 -0.0669199092450025 -0.01596903617978028 
9 9 9 | 0.1607389881880843 -0.010557522045848512 0.04276815942805346 0.015142934492102075 -0.0008132335462439207 0.00920353910771017 -0.0028671877695968903 -0.007526776978163787 -0.011176342834671442 
10 10 10 | 0.16894086788641816 -0.03251453703646268 -0.03166357502990943 -0.017060061568034402 -0.006757786390967626 -0.004760288199335998 -0.006396063300675207 -0.011161134852922444 -0.0016450292844135662 
11 11 11 | 0.16243506588940837 0.03314483638208105 -0.020583500522643697 0.026218467887360423 0.006053696601062648 0.004156601994985358 -0.014899586380562796 -0.0005724198261882471 0.0061558175071239046 
12 12 12 | 0.13004894191175786 0.016425019860028856 -0.0016150852710612963 -0.05662043999695403 0.016059356386196832 -0.0008250028002411219 0.008316416653031627 0.0061230818055920105 0.0030027567723173356 
13 13 13 | 0.12991642924928426 -0.038393861550791684 0.0349944952260089 0.025149642505447795 -0.0010339424658794344 0.012704957829569801 0.012470104001397767 -0.008086273556678859 -0.00030035497166443377 
14 14 14 | 0.34128769212373333 -0.005850110510364151 -0.049130180668074536 -0.006842618252154668 0.006585704564488138 0.0025241898038755443 -0.02427909523493708 0.004362649796578293 0.004668112348692393 
15 15 15 | 0.16842068206787275 0.04327695968466105 0.04311929708103184 -0.016529679538718513 0.0009733861678200435 -0.0033276222087637404 -0.015199026666235864 0.00995370871451911 0.00841022282379488 
