-4.825776241248059	0.5165281347878644
-4.242940573518568	0.49712865777575116
-4.3460209835551495	0.4962736903112967
-6.654379755030262	0.38607655449344225
-4.013308081604552	0.49070917974881245
-5.8787452273229945	0.4542791493388525
-3.941398751581591	0.4746498353258603
-5.752422567340645	0.4556579492549727
-5.598270479611871	0.4408728017475838
-0.8447732845340185	0.38189762904365765
-0.824714136813793	0.37545819978429174
-0.84489287053342	0.38191670321079974
-0.8742718379973863	0.3764852455258664
-0.642086147691789	0.3441685614125445
