-4.867115820261642	0.5185734062824278
-4.216410292451975	0.4878819400249894
-5.580220537303378	0.4458897345592924
-5.797960310485695	0.4439987048649564
-3.48208950892251	0.46636859660004937
-6.99669952104809	0.4007663750864178
-6.0635616635904785	0.45076716283224944
-3.7137550672317317	0.47314216466571946
-6.9130412629932065	0.3973801050021693
-0.8258009313457102	0.3786553182965025
-0.8221688313317418	0.375972308373538
-0.8257218356380859	0.37862495050890516
-0.616597018812934	0.34109347676636087
-0.584075864885181	0.33784875534877173
