-4.835647428738186	0.515642680320168
-4.126393938265344	0.4868481367578969
-5.65626593810181	0.4548293656653201
-6.494065919258348	0.3823532837050655
-4.186157041648653	0.4896111738115882
-4.306319251103198	0.4951865740328587
-6.701358239675473	0.38797471043752535
-4.27742698998479	0.4985486880956725
-4.7179807417005675	0.5135013660371371
-0.8412900077671397	0.38090122428566
-0.8252698360824902	0.3766939108203925
-0.8415952151194929	0.38099717755530044
-0.9002948097103501	0.38151617353174866
-0.9087283976237283	0.3836336134010858
-0.8437777215981113	0.3778794921942175
-0.84878263089748	0.3790687563822761
