number of atoms: 17
number of fields: 9
Multipoles
---
0 0 0 | -0.4065764156963185 -0.003566601975626066 0.014351451495693338 -0.08626560525921852 0.03816718266759723 -0.009353121279744428 0.000923113482442299 0.06548331571168 -0.004761933827816278 
1 1 1 | -0.25863856076685465 -0.027662792880864526 0.017541461834261963 0.0780954358133488 -0.0157197560741762 0.05587084894589778 0.01254663089805394 0.0905559232957729 0.00896090212449381 
2 2 2 | 0.20147596048875993 -0.019120154543307958 -0.04521639765907357 0.019499376726790887 -0.028715539158794812 0.07887453326436193 -0.0808076548000927 -0.20788819214645743 0.04948556606718665 
3 3 3 | -0.14512986614266143 0.03846335622694785 0.071232530211098 0.010197468636450444 -0.06464171494385686 -0.020506729021704872 -0.0825899160384542 -0.13700783602543298 0.007352631199606655 
4 4 4 | 0.04807340471144084 -0.022398395503246005 -0.05269113199531637 -0.00315922787102973 -0.07741443359353736 0.046071651438489854 -0.09460326522424531 -0.09189410332687882 0.03481010867359046 
5 5 5 | -0.33906992579057516 0.16717703044757617 -0.020396022496767037 0.06035607050056125 -0.21749946991068192 -0.2563278228160785 -0.14269509473585346 -0.05948565776076554 -0.07445838769326041 
6 6 6 | -0.21568013547869125 -0.07541809010116599 0.10785516696497842 -0.030901756953818606 -0.005686752813333212 -0.06432272436649 0.0015620581943198615 -0.06183593265824706 -0.018956404759716626 
7 7 7 | 0.07193688911280383 -0.11312648082663028 -0.10454598936337849 -0.028572040708302254 -0.060807572685002705 -0.3096234895846474 -0.047355105241344064 -0.13176532507594532 -0.09109774286226763 
8 8 8 | -0.4254762814760671 0.09113194567419944 0.11395398920996516 0.020473447942870395 -0.04219004342890864 -0.29756031356665535 -0.0348646764349465 -0.11578390842238992 -0.08298250855230965 
9 9 9 | 0.15099222399479817 0.00043370965367456386 0.04978866654775178 0.012833587466142386 -0.003223139117447299 -0.0008410416927262332 -0.0007522607185427705 -0.007289468712109729 -0.013205718877290556 
10 10 10 | 0.13166976407534137 -0.04279397502109835 -0.022060259106272895 0.00930081908816953 -0.009756298102342416 -0.006642916980532842 0.008103090675142775 -0.011159313410523545 0.0025565661153028212 
11 11 11 | 0.1369129427782212 0.042114128966611014 -0.025655573423934066 0.007016305819641222 -0.007026383299735591 0.005929523145130111 -0.01029364314317462 -0.010430273303355171 0.004294497458990355 
12 12 12 | 0.15582279577378477 0.04052066433657163 0.03231991446449626 -0.00696994680892852 -0.010827431481393491 -0.011474283308633246 0.010655557748858758 -0.006197895188798934 -0.003062292884624536 
13 13 13 | 0.12603679903110154 -1.681804633922361e-05 -0.04838109814862044 -0.0143861129862146 0.0037220101040841237 -0.006619326654713666 0.004489104589762824 -0.01392650296600629 -0.016583759910023227 
14 14 14 | 0.14363846245973078 -0.034668120393732293 0.05259873175138949 -0.017162681856232032 0.012054319475336183 0.013406523330828176 0.012349080589650487 0.014420178542779341 0.0015332303179871833 
15 15 15 | 0.3517949591137458 -0.015910429068457372 -0.03930324856207867 -0.0021600239887035314 0.0169897755467176 -0.002266721266474091 0.016836813910820158 0.008346253675631823 -0.0033480807027699137 
16 16 16 | 0.27098004553457644 0.03593307785107553 0.03929133459693255 0.008594555403156904 0.003407666617979291 0.010432861165220702 0.00399359001609366 0.007704260290271198 0.0021222055718478567 
