number of atoms: 21
number of fields: 9
Multipoles
---
0 0 0 | -0.4058059553886171 0.030967646441037628 -0.006607459228452908 -0.08081463659044696 0.025969684577170145 -0.0025043803631040985 0.03045848881215554 0.06439432937598825 0.011541884689883262 
1 1 1 | -0.2591465662985266 -0.023354236719317783 -0.036404225601875936 0.07023127333383211 0.08676475053858528 -0.04357411877278911 0.05966690131213958 0.010176484567940118 -0.008464915858012219 
2 2 2 | 0.2319764851700894 -0.047581233066441256 0.0018218521234319618 0.013947592349591776 -0.0505947555073631 0.09965252910665975 -0.026003611844897887 -0.15375242734729397 -0.09857232700087123 
3 3 3 | -0.48227976564066477 0.044143471795398105 -0.015958898827935965 0.012690768191623571 -0.06655930523594769 -0.01022473154609886 -0.0627142230014166 -0.052500507380410524 -0.06468477943795661 
4 4 4 | 0.34274484455751875 -0.03614816076679604 -0.019585452025571784 0.0025620075078528213 -0.03882267851608594 0.010129189252960564 -0.038470240639019875 -0.11541025275093764 -0.1691651372695983 
5 5 5 | -0.2688094068691642 0.005757793120628657 -0.022597645509129658 0.08304137569318398 0.10230929924115328 0.07560740374741302 0.01170436265638527 0.027319717222307284 0.0018814432497465657 
6 6 6 | -0.40432262129472196 -0.02433672610563722 0.060080254253437076 -0.06905517621274265 0.039990206480591095 0.02373355439034758 -0.019313668558483824 0.04304885679201241 0.0759890684048647 
7 7 7 | -0.41142531153877115 0.059929363922367994 0.1451554166481214 0.08472419333019422 -0.22954910710609397 -0.21764564121160473 -0.2047708748786956 1.6427941115395484e-05 -0.11287604969476309 
8 8 8 | -0.21975052920331972 0.04800986673327218 -0.12484268527579416 -0.039221506448857205 -0.07804074665726951 0.00406336758177799 -0.01861947733092936 -0.0012283023162293133 0.026137614533232364 
9 9 9 | 0.13412537867859298 0.004879957187901893 0.047867350455811704 0.011838948911836705 0.0017117996715412887 0.003168708803927853 -0.0068054006937401474 -0.010723838592167413 -0.012583789618922338 
10 10 10 | 0.12993319555722072 -0.04471341734523266 -0.018143476704561422 -0.0043414119546829446 -0.014140929181191983 -0.006316832034185619 -0.0027687359389539485 -0.01124668496189997 0.0007994849160888449 
11 11 11 | 0.14217343729479015 0.031939777664048964 -0.032866852101925526 0.019941971208369793 0.001832270817717482 0.002363283909964763 -0.014646396267720328 -0.005671093748882472 0.008127943284099269 
12 12 12 | 0.12490799500600169 -0.03242413560655929 0.0309923276179901 -0.0225963280586546 -0.0051127741561915125 0.006819187432392072 -0.014559976500434479 -0.00634625417045457 0.015196360362519836 
13 13 13 | 0.14438051831103849 0.048804927445718446 0.010174764530336743 0.0065344516656705865 -0.016718073856140884 -0.01220458230966798 -0.003187616047132837 -0.005212467752747061 0.006813849196898308 
14 14 14 | 0.1926645647174865 0.04446645228986242 0.0030926158434999643 0.01067907279494622 -0.002215329578729032 -0.006175969227368935 -0.001026174102856394 0.012413358731817894 0.013256148222572593 
15 15 15 | 0.14341397274578438 -0.040407839900002435 -0.02229024827137746 -0.020056835236387627 -0.0045998715916211385 -0.014101606642666062 -0.008536327559442041 0.008459512385839642 -0.014971609608502062 
16 16 16 | 0.12429358165544346 0.045540828759582035 0.010138839365218456 -0.017915115623095543 -0.011522901598753067 -0.007112721872180402 0.01627391212061695 0.008839613393513683 -0.0038617761272266645 
17 17 17 | 0.12823935972763034 0.018213837701428443 -0.03843920903292968 -0.02476275256504953 -0.0029533445688862217 0.006461789766838121 0.0038076336120143545 -0.014489364852245501 -0.008976396744083752 
18 18 18 | 0.12940372652532983 0.029767338918608312 0.03044362281601 0.023985163407502154 -0.008378827550729348 -0.004272443401405025 -0.006707729880128043 0.00582987780198549 -0.015138560390043208 
19 19 19 | 0.13725425179275674 -0.04617091187959791 -0.0036550933152262916 0.01849068118716487 -0.0037156449530027515 -0.00924807742659999 0.015139216816383673 0.0015915691502315407 -0.004163928998623502 
20 20 20 | 0.3439193067246794 -0.040461111301915556 0.011047326587810132 -0.005214371560374865 0.0018922400295924376 0.0070945137441240464 0.010733367102526562 0.014204585618945453 0.02099044244491444 
