number of atoms: 16
number of fields: 9
Multipoles
---
0 0 0 | -0.48490219237739485 -0.008611739378557257 0.00833245636101532 -0.056785850461287445 0.04028774128865954 -0.027507042190381335 0.04267236055870989 0.05705233830881936 0.0010502001633275477 
1 1 1 | 0.026730133905489062 -0.1279112935580511 0.05717137450969985 0.03827315689384525 0.0688337691468807 -0.0009966251980051714 0.10010307621816153 0.10605441959106922 -0.040886715038860835 
2 2 2 | -0.399916777690688 0.09475051600515606 -0.06433608182118583 0.0687958558525217 -0.08866263582840538 0.07115523746250421 -0.048272575204774126 -0.05762608675770355 0.025760351258408542 
3 3 3 | 0.7556542231697376 0.012302354111216053 0.03261221159522373 -0.0007647315886935712 -0.005172648472781828 -0.11616862981201473 -0.011542368481625764 -0.13989925280676094 0.024883026941008298 
4 4 4 | -0.8960400963642492 0.017808292490972984 -0.09701111579249665 0.03350984638098354 0.010783842891511556 0.15656492884025422 -0.036877496517460695 -0.08518986115722478 0.08257852410194941 
5 5 5 | -0.2131197108617826 0.05745678633769825 0.14334648088984392 -0.01423497754745387 -0.11268140883257526 0.03735967921627715 -0.01713718208075791 0.15834633100419399 -0.06056018624247183 
6 6 6 | -0.4865997106579396 -0.16372192487096487 -0.1770854198915227 -0.011781763557586514 0.0662472042264435 0.30175747018964877 -0.0453412318119048 -0.008475468194228123 0.10757276901564938 
7 7 7 | 0.729056227331478 0.10347830853851073 0.0248521005390296 0.02816353788865147 -0.007678963423643442 0.010305490684267785 -0.03660827537055447 -0.09924490156141824 0.047384825330968085 
8 8 8 | -0.6104421715774322 0.05216464512230789 -0.07849342619065704 0.03874694939466141 -0.013115736815042021 0.03492573657288692 0.035692523452849435 0.10399854149827598 -0.05145457852928961 
9 9 9 | 0.14708144954983515 -0.0026942506016051156 0.04456198811361667 0.016086927945254795 -0.001856153423392177 0.00025799242533906173 0.0012391107478686883 -0.010358409911115357 -0.013538920641782502 
10 10 10 | 0.17017694073455547 -0.041631513676432086 -0.027259055256019737 0.00435298048161854 -0.006446879050962652 -0.004699933772072884 0.007323570009135743 -0.00696462300063585 0.0021670306928945186 
11 11 11 | 0.1515245005282022 0.03992830431692358 -0.02372011124499787 0.01036891965266723 -0.00850666923042691 0.004354287157463534 -0.008530589176767234 -0.008955213512879732 0.0033550408810101976 
12 12 12 | 0.11706720145946503 0.04785299370536297 0.04209453972745593 -0.009919553274600328 0.0032302016182217935 -0.013139104353805359 0.018420210272689065 -0.006606393384374436 -0.009249632994642222 
13 13 13 | 0.130594218285768 -0.01096629692073405 -0.06133898563763955 -0.019089123330067882 0.0030370411438773687 -0.01146245550411975 0.016507489437387782 -0.008966686402647561 -0.013922727947983354 
14 14 14 | 0.3764500538080561 -0.021240143407163417 -0.015937013552156952 -0.0032639357077167298 -0.01120856582819297 0.001176401409143874 -0.004523424927575445 0.007021452840506601 -0.0025513527413762293 
15 15 15 | 0.48534244257533743 -0.004577826792676234 0.02140403952775369 -0.0064265875057337605 0.009331711574470014 0.006586150284126362 0.005976178035791623 0.005393468088543735 -0.0009281665115737335 
