number of atoms: 14
number of fields: 9
Multipoles
---
0 0 0 | -0.2657058100980798 -0.021283649945550362 -0.0012028206154011372 -0.12882968381531162 -0.043457955266387224 0.0010524685156442606 0.03755995762916792 -0.06896221384606899 0.00030772189289452893 
1 1 1 | -0.07126272145785251 -0.1456450383515219 0.009635908146341254 0.048507254914674995 0.0019445675040647412 0.005493378763488118 0.07568814287708826 0.07070657655521133 -0.007273722419090016 
2 2 2 | -0.37826947748486806 0.1297116289833103 -0.006314339014112037 0.07526743144913126 -0.19163433110670036 0.03009362806860089 0.25568554756493 0.08549843481989039 -0.018452939830751792 
3 3 3 | 0.500149033357987 0.04884879316134409 -0.0029267833581347836 -2.2488222198538756e-05 -0.0165988977963037 0.009365237032899034 -0.04080563460358889 0.14137663862411406 -0.0029415871599489203 
4 4 4 | -0.6547813380913139 -0.019684227178970917 0.0009372932108820571 -0.013450908333133192 0.0014127317485060438 0.0064053013693741116 0.06333017053483252 0.08687797032138421 -0.007072561656756154 
5 5 5 | 0.7629607157209763 0.03369403340554606 -0.0024999161817417575 -0.025647801998794233 -0.13938246912722246 0.020681097571318075 -0.011194325197010382 0.10965001303101547 -0.0034494915952546948 
6 6 6 | -0.636390221373679 0.09604820564468472 -0.005135410626502954 0.029908960832356363 -0.02242569551449232 0.008289527019031465 0.04120966489749238 0.08710488715032719 -0.005765193875402371 
7 7 7 | -0.10173943305816824 0.0398671812927513 -0.0001248495248131275 0.12010239855543134 0.03976925397891105 0.0023759297980050728 -0.3559838875978543 0.21951257232148935 0.01312596215411339 
8 8 8 | -0.2782120582948169 -0.08701047169233149 0.003527575749590731 -0.08748322923705305 0.016597307941851228 0.0024924592357471716 -0.30298673551071964 0.16817428732314746 0.011567209317662626 
9 9 9 | 0.13831752198653846 -0.02617998204542432 0.04886408721298965 0.010384265346000909 -0.010769916613238862 0.0012027294084130166 0.003945349126235603 -0.0161596597731029 -0.011471000113875468 
10 10 10 | 0.1383266026779041 -0.031774117848671214 -0.044971364203755436 0.012178510042402824 -0.01094225296477884 -0.0006426271735929726 0.00537318634782719 -0.015178496462415942 0.012091335997369734 
11 11 11 | 0.16320032586007005 0.05761760802196651 -0.003210043197627806 0.0121973311695938 -0.011364863503718015 0.0003507179005015683 0.0013381611425841472 -0.014742767941122985 0.0004956114153017578 
12 12 12 | 0.4187262534390902 0.01915834625809947 -0.0016315078646556725 -0.02503766671475079 0.010097482798581034 -0.0014122059064078129 0.00999502309378644 -0.009292340772356364 -0.00025807626043262847 
13 13 13 | 0.26368942040541854 -0.034805750646465634 0.0011378738204453202 -0.04819520319599146 0.0011574132364621512 -0.0005878149247996133 0.0112676378366345 -0.011301256079509998 -0.00024201047711322354 
