-4.537397557797052	0.5104896928542348
-5.932363509561826	0.454097218389233
-4.138317233877156	0.4904218474426853
-4.270505849703704	0.4949668129656735
-4.816648988499588	0.5185462765263396
-5.627117583623107	0.44993089982343
-5.535739164694084	0.45015584652933616
-5.327709720090354	0.4252597740945823
-4.655162589416073	0.5102949108656977
-0.9060596005570434	0.3907560453374516
-0.8808734484476498	0.38281134761560187
-0.8798257320143029	0.383615819485418
-0.6501953584816157	0.34717690193575373
-0.850922348553056	0.3831613145967029
-0.8312327975785158	0.3784524845702821
-0.8667501324137984	0.3866731908400015
-0.8507911349604382	0.3800013355930595
-0.8728342115389724	0.38373791816374864
-0.8353062954471615	0.3763425574279333
