-4.471567293501479	0.5063422962257597
-6.696035710001537	0.3860969406525637
-4.006035662932699	0.485227193349005
-5.788399401885118	0.45648994871902965
-5.384452260955239	0.4336668733667453
-5.788390337928241	0.4564699238559219
-4.005200728633479	0.4851385181608701
-6.6961798806676605	0.38610017982212863
-4.471522092400035	0.5063426141136615
-0.8920985740167907	0.3853278880162345
-0.8920930107844898	0.38533393013467154
-0.8817921402166526	0.3809754440178208
-0.6587274719613232	0.347656176930954
-0.8817760860590979	0.3809699045968673
-0.8920958789190893	0.3853299590048455
-0.8921196580354409	0.38533791660308353
