-6.2228956691466735	0.4670548554360292
-3.611176385849991	0.46801822273448057
-6.295768088989667	0.4653609348571687
-0.594059411116228	0.3400396766226279
-0.597488641060412	0.3415055418493939
-4.901543453137006	0.5182927442171997
-3.868708628414736	0.4714065656876064
-5.67538280650484	0.4379769412075667
-5.483319234995544	0.4464162911826584
-5.412485233754519	0.4434557588268346
-5.758464748203093	0.45295525377544626
-0.6497772227288309	0.3535470409464105
-0.5975320686699155	0.3456050541155146
-0.7991283023163491	0.37028722659578156
-0.8054453058988013	0.3736261097507187
