-6.291355786027842	0.4644651799759201
-3.5538004536752394	0.4662442333395528
-6.047478591140126	0.46037819248718675
-3.8616027238940487	0.4743123931142237
-4.412682187866284	0.49872232965581753
-5.939446525368367	0.4498390959359892
-4.384553358335676	0.5032921345743314
-5.609347264019537	0.45383476062361217
-6.536444072637833	0.3830611986352415
-0.613579126532902	0.34603352433487483
-0.5840117306239173	0.3373737484628754
-0.6113156326939837	0.3418367735799263
-0.8332481242257122	0.3729641300747709
