number of atoms: 13
number of fields: 9
Multipoles
---
0 0 0 | -0.9144524948827835 0.07317163906515656 0.002034100459253278 -0.049911960662524284 -0.24323502170649874 -0.015538261737172933 -0.09151098737597377 0.092290956359818 0.0002875498869395886 
1 1 1 | 0.7966526981916857 0.03776757131540045 0.020185396076105224 0.06307860333373543 0.10396716248346907 -0.005451226627743048 0.03206769813376381 0.05217485941644624 -0.0027643022049485284 
2 2 2 | -0.5682598442645963 0.01608083495650393 -0.0012386132748047668 -0.11926935503557698 0.05658389068674778 -0.0008497953094759438 0.04822889748230623 -0.3693151485391236 0.06323992462876533 
3 3 3 | 0.21759931875228844 -0.0002607610046856678 -0.197672363187712 -0.00898937666333338 0.06473776236654506 -0.0005803574601332776 -0.0007817729047922961 0.036336040064952356 -0.017490995601652272 
4 4 4 | -0.35308979601596047 0.004083825712206162 0.05340554406410249 0.12256090556199542 0.15049194124912596 -0.00489616477433213 -0.0003090140399844793 -0.26288211613196927 -0.09717390341101466 
5 5 5 | 0.18920363959740882 0.002964674242846086 0.030459033333434065 0.0824678703786188 0.08559928632286985 0.0018507741307940996 -0.005328985596770576 0.05716570869175212 0.06205808635274811 
6 6 6 | -0.5569060704223228 0.0005790322783244087 -0.017627127437717195 0.0020199909268191624 0.02888776687472421 0.0028197305829336335 -0.00029739291071519456 -0.04343913156982746 0.10148376566285504 
7 7 7 | 0.5849809306875091 0.0008178353019246755 0.10075252498479362 -0.024348991738724412 0.12620761398177707 -0.000701573143751242 -0.0032136151042505886 0.10310516704672518 -0.009839059028340494 
8 8 8 | -0.7487974969917364 0.018923646190236624 0.039432724621843426 0.019637103072645434 0.16564574954725403 -0.007761298608042395 0.03964524746753375 -0.2284720884169338 -0.20504391133483163 
9 9 9 | 0.39767075583245426 -0.0019978184721185168 0.02727328643946958 0.00997465204130165 -0.016379865683913062 0.0011510333815096226 -0.000965300537977292 -0.005803185686037152 -0.01308780091456145 
10 10 10 | 0.3992820119142252 -0.0004859049145771702 -0.02780685162498249 0.007581536219749046 -0.015322179982771482 -0.0020795213853260055 -0.0020552639036427504 -0.00731770129711384 0.012058248746622015 
11 11 11 | 0.14689471649416697 -0.0019107589022208998 -0.0074913153008780665 -0.07707692225987131 -0.032973359426497394 0.0002640931395629144 0.0011240561648757318 0.011382904205355657 0.004097149545135726 
12 12 12 | 0.4087262146807972 4.6478508978536785e-05 0.0329466848291787 -0.009833646090967244 -0.016825558593772848 0.0003320317503368884 0.0009977819658781386 -0.008690246058460445 0.007061314739102068 
