number of atoms: 13
number of fields: 9
Multipoles
---
0 0 0 | -0.8321204133201769 0.052990833948100044 0.0025001071318572084 -0.08853604482643278 -0.23216665477039267 -0.0902117861651911 -0.09877390059760675 0.0729213932374698 0.013446044675087938 
1 1 1 | 0.461132332899135 0.04357181397199588 -0.054820740657262196 0.11537252641412496 0.13935366288158932 -0.011771213614492564 0.02716423776638887 0.03424843469502665 0.05793108544407971 
2 2 2 | -0.3821301573103417 0.014328887148358753 0.09433579488106922 -0.15824965631769053 0.048177923282865964 0.002333251796158276 0.04644955932226415 -0.42325599684418325 -0.016863746783010492 
3 3 3 | -0.11127153401084655 0.004043720002761931 0.011165135146424893 0.12774876144482616 -0.0694615073614023 -0.005204320628683188 0.0044666048708467175 -0.03622161069562083 -0.21466880358693088 
4 4 4 | 0.2565521618502169 -0.000504590930233012 -0.12916676249740391 -0.1137333267692373 0.1565824601876482 0.002617557397006418 -0.002658387996784 0.014539190169574707 0.09520083139781446 
5 5 5 | -0.034809892437170475 0.017801196484792007 0.22580847194356868 0.10052006361236794 0.1251879090781 -0.0023815023578192926 0.019475849820392504 -0.013459724042134162 0.13142767986346068 
6 6 6 | -0.1792550700047677 0.002321412012296166 -0.07560972804138678 -0.05719831220086532 0.0035463796337029878 -0.006618347041003406 0.003740859888469435 0.030937984604803632 -0.15764148589489055 
7 7 7 | 0.05382094010958216 0.0057930006366743 -0.03217858471125315 0.130807372735375 0.07536213850975376 -0.00474017565492571 0.0010612508411681452 -0.13223147565573656 -0.11022445101750322 
8 8 8 | -0.3755766611405642 0.0005114947732758804 -0.052661859261317036 -0.055861207620744355 0.14349470863749467 -0.0015409577577746416 -0.006629435282284275 0.060398371698513496 0.041318359440252486 
9 9 9 | 0.3803196216096013 -0.006866074484651859 0.026718670635478205 0.014412524753907597 -0.019716410254154406 -0.002883897941114687 0.00042738279164576654 -0.004363170623750989 -0.014034634675893932 
10 10 10 | 0.3940421723676173 0.0026642765747882232 -0.02933689975055023 0.005290509000046001 -0.013551154122642226 -0.004396369202015791 -0.0030626493185255442 -0.010252721397216486 0.010453905508581732 
11 11 11 | 0.15503694594801154 0.0002664138382882945 0.07008147167287113 -0.011474502921114401 -0.027266959426033806 0.000338896519196922 0.0016885207078646163 -0.01299666170266027 0.0021098904620865046 
12 12 12 | 0.213228431521161 -0.0012926866764391598 0.0012037631446823608 -0.05139891104421697 -0.011434727671882165 0.00021708082246199066 0.00031960253940770816 0.007577448818663512 0.0008516694451964074 
