-6.527564567649607	0.38229559392241325
-5.577751092557912	0.45017734820585126
-4.286049112797179	0.49300756409367696
-4.600913133679546	0.5038983150337151
-3.975580070955347	0.4779729068274511
-4.753004507600224	0.5152083352932398
-4.164910608459575	0.49268472074367964
-5.819591225922262	0.4535323878040783
-4.165282692702035	0.49053279975386965
-0.8425126571905552	0.37441863011520476
-0.7983697588186701	0.3688632941343578
-0.8881732923184917	0.3801046638865712
-0.8902540189199827	0.380787559557701
