-6.977743897138237	0.3988324150687174
-4.131633062532208	0.4899114424609301
-4.438980667991711	0.5046651963961781
-4.662370563142384	0.5165548637976302
-4.340501747702929	0.4949363616330577
-4.362271024276456	0.5021704414207336
-6.498628633947221	0.38211788549866826
-5.368814645082114	0.4431698789246867
-5.535345773114366	0.4406335412521846
-0.561766121744362	0.34892376692078125
-0.8618113294201971	0.37224052492580934
-0.7335393863603462	0.35815149585562445
-0.8171464701143024	0.3707337723138761
