number of atoms: 14
number of fields: 9
Multipoles
---
0 0 0 | -0.8871876691037537 0.06062310690952009 -0.004717425858075675 -0.04713870777895295 -0.17317124322802221 -0.08182822259112418 -0.06946584965901306 0.036283243799918354 -0.021458768253135994 
1 1 1 | 0.6928744139610323 0.032804508075772454 0.07410563150318679 0.04637663468088048 0.12303142568847437 -0.011291739891981211 0.02937544686131935 -0.05258884396686279 -0.06981811225968512 
2 2 2 | -0.6719813453756212 0.020187629510125895 -0.057615259205195814 -0.011927987161335618 0.15899201760999207 0.0073270644624144786 0.038887705497671024 0.036694386873670735 -0.031618342380260074 
3 3 3 | 0.5482525098556614 -0.0005324074805988207 -0.1316053134500324 -0.047340586392994655 0.13392210896011142 0.006893454155346362 -0.008593860492046258 0.06240227165828696 0.1435255440159314 
4 4 4 | -0.19470004757988235 0.0005476906785164355 0.022013165310034846 0.010041775723434464 -0.02373028074403563 0.0013338686316470474 0.00010836313748317477 0.021741511193480025 0.043553314691102234 
5 5 5 | -0.6444994327986073 -0.0011223925654009481 0.035795396947600686 -0.05690099874655321 0.22284044142756704 0.0018860892394901385 -0.008908201442481533 -0.0677272946928904 -0.00884530021462794 
6 6 6 | 0.7800256764429419 0.0012415689698776439 0.04649842622449931 0.03450628322800032 0.18317962450229117 -0.002222766696889513 -0.00668631643804325 -0.08092763054198004 -0.056646303682429525 
7 7 7 | -0.6265834349509589 -0.001661386594914732 0.06335869013539387 -0.059715993900925066 0.15146273375586808 -0.002808552076501015 -0.010351207632289567 0.015149172959752828 -0.0645131670945867 
8 8 8 | -0.6348346960419162 0.011007199808912984 -0.04463817821585315 -0.019060935252163375 0.09257405428079594 0.0036600997032278535 0.025557566076497517 -0.0064615277476511085 0.055805638562808034 
9 9 9 | 0.3860075882675712 -0.0067358951480391465 0.024821157945428076 0.013609851341375972 -0.0163133811547985 -0.0024499922886385027 0.0007897592980661168 -0.009909312986753608 -0.010036819675248634 
10 10 10 | 0.4016093039952342 0.002219818599482736 -0.025909526102493013 0.01164184939483155 -0.013097919328589776 -0.0037556795038239488 -0.0023403682254647547 -0.0067428975702204744 0.012193568863431503 
11 11 11 | 0.22554435132381656 0.001155394828441728 -0.040033919444105295 0.013932515361236601 -0.012853530663513022 0.000863989454510082 0.0021113512719204146 -0.003968293249824861 0.010610297122039224 
12 12 12 | 0.23967065649958252 -0.001392471835194067 0.004670671903929072 -0.042429723882003376 -0.006752457580294233 -0.00013470446520516126 0.00013856638006385947 0.009400824673848313 -0.0007370264334223409 
13 13 13 | 0.3852721798684453 0.0043322300629133675 0.0288164259626157 0.010260188784526197 -0.009201065670410291 0.00031337391614699386 0.003090056313640461 -0.008399513276353866 -0.011927166484886804 
