-6.255328432871206	0.4631866152689822
-3.6597534925057853	0.468748367573097
-5.032964273838582	0.5268945624909125
-3.79871841599699	0.47945263247347286
-7.604070268520328	0.34161449734463883
-5.0079568063683615	0.5246382400306475
-3.5647793424529106	0.468637770289432
-6.99698347602137	0.4020303587023577
-6.015659193669587	0.4503125012089401
-0.6139924117324291	0.34583109015795754
-0.5983906960047662	0.33951224138568853
-0.7744556486761823	0.3677581399573793
-0.7603293435004177	0.3638540990829743
-0.6147278201315544	0.3453399141584654
