number of atoms: 13
number of fields: 9
Multipoles
---
0 0 0 | -0.7970165672439906 0.042060678734099195 -0.02242971937431947 -0.1092954503881953 -0.18522941767394926 0.014646938972565901 -0.08702291690416118 0.03774678619481714 0.039827585061381496 
1 1 1 | 0.19128832116027272 0.04254782008644503 -0.06306947370453891 0.14827219842180006 0.2015661997514497 0.006263251318184585 0.02553810590207926 -0.04566934155372905 0.000673086423438973 
2 2 2 | -0.3415158883364162 0.0174972087246824 -0.023125804270889807 0.038758295872349476 0.22415488832235722 0.0048021043383174805 0.021210800884285085 -0.02473335196637977 -0.01084165470584802 
3 3 3 | 0.2722216569269831 0.0014068673912063102 -0.157949841275604 -0.0647312096438902 0.14976464828870029 0.006486869436972789 -0.0073620880870425565 0.0804760933260129 0.17029933501388086 
4 4 4 | -0.17639519332810316 0.0011026954727668403 0.0365133793743455 0.025373852744470335 -0.02736196173846788 0.0014069989003485555 0.000556055258089211 0.019521375173524782 0.06170678471699286 
5 5 5 | -0.061126835504982324 0.001732898756538625 0.13992626411376113 0.04196566964018556 0.18744597305937666 0.004523760191193245 -0.00734167773332833 -0.015143739556655832 0.022413854788091037 
6 6 6 | -0.42164253177497635 0.0030208798925016253 -0.09421304988204438 -0.0307327178382996 0.33188657980560116 0.014225473763285892 -0.014695176356271418 -0.10213059285012387 0.12606918302714418 
7 7 7 | 0.4365135047557054 0.0081031413196167 0.16757879581253443 -0.0019077191059860788 0.1469193479248996 0.003762123552582894 0.011063513939422634 0.016728975335907687 0.16064754704954112 
8 8 8 | -0.21095420132746057 0.006379723655599107 -0.011197163475217159 -0.03284753795407046 -0.041996765598180365 -0.005045416771205496 0.009181056008777192 0.01298752664223445 0.05363617219554682 
9 9 9 | 0.38545714945129095 -0.0012630335427356032 0.029201232450697986 0.01147809858084697 -0.015377698977586368 0.0019339447410521415 -0.0006983718920061379 -0.011325289679538183 -0.006475725135716616 
10 10 10 | 0.379376342924138 -0.0039018367038799002 -0.02737984625438128 0.011867314758774396 -0.017559697949714494 0.0003622394005696791 -0.0002022970836973241 -0.007865701943945438 0.013122851036157806 
11 11 11 | 0.1915749718534272 0.003266943151592398 -0.04546947609415315 0.018713304195269984 -0.007379854486689042 -3.0041261815486526e-05 0.002527039884742746 -0.004532988749639019 0.01115497292462685 
12 12 12 | 0.1514035317718837 -0.001941562549565932 0.014467847953004116 -0.05945837982673966 -0.017200875188397472 -0.0005483766329343205 0.00034310961062131385 0.016603381872873576 0.0013278714564117534 
