-4.519587772111049	0.5070059388808504
-5.872120923982939	0.4523633780487471
-3.5896098187473924	0.46288284979729044
-5.9606918989696736	0.4538952899182169
-3.89653781307915	0.48161161521754814
-6.813030289785389	0.3896933817850767
-3.44248947350607	0.464859707865112
-7.623192253662758	0.34155481742328603
-6.061243345673541	0.4558725624526161
-0.8822096527655096	0.3861412058860819
-0.8974498311111785	0.39011410218905623
-0.8822543316728126	0.38616833303681397
-0.8856077348140894	0.37627714478742
