number of atoms: 16
number of fields: 9
Multipoles
---
0 0 0 | -0.39442189582474807 0.03476342241773162 -0.024043555335296087 -0.09331015209237271 0.01728063654294551 -0.012931128160904835 -0.011877460274240357 0.008642341308314226 0.010305966915698309 
1 1 1 | -0.4789444280127082 0.022971863489406687 -0.005871474998772378 0.12929858137747421 0.08957626770970732 0.04640957702265123 0.002371733745630865 -0.0013853395333519244 0.01723542757423791 
2 2 2 | 0.6633271162672738 -0.023681681894291852 -0.03058141553056745 0.035537070115694624 0.08742540256580753 -0.031888676158726696 0.2920370426969766 -0.1472498233393939 -0.020610587777651613 
3 3 3 | -0.6498697634757917 -0.0018963799948454603 -0.025427412114869992 -0.006556896681738837 0.027987278202216775 -0.0059054903937009705 0.10072487763238389 -0.052730971111988705 -0.022827097179039278 
4 4 4 | -0.4739518444109265 -0.04239733377770514 -0.03356643167711506 0.04406756743375605 0.08160400928938853 -0.020049458473915725 0.21956797131165487 -0.1153350125583705 -0.03818927674551244 
5 5 5 | 0.8672904945451032 -0.08732899708598267 0.05681596985874215 -0.06527829673017475 -0.05559734786200397 0.08375321256681348 -0.11788746696027785 0.002528007789007018 0.08820691841338789 
6 6 6 | -0.2587436803630183 0.0033873381361227335 0.04547779890000348 0.018426465646124376 -0.04286257204067819 0.00806983417528274 0.005749915574740427 0.04884348735721779 0.017683612646270736 
7 7 7 | -0.2673791573210078 0.013462089011325607 -0.016417964366857954 -0.04458215719923282 -0.03339072904186855 -0.02033206017047994 -0.034649598281533266 -0.0360108794643368 0.027402523234598526 
8 8 8 | -0.24594808566738813 -0.04131795763744306 -0.026836258178152512 0.025008336669788574 0.043791180044325924 0.041382669472466 -0.017635974321086115 0.0016610484416565588 -0.011023738710200731 
9 9 9 | 0.1487471510162588 -0.002443949349629349 0.051542716079302886 0.002378574545042909 -0.00046818603173075316 0.0018375178468210147 -0.006017150687963365 -0.01234087447240572 0.000671272953616919 
10 10 10 | 0.16549564249531934 -0.0449823452115164 -0.027999583988700887 0.004993479453694175 -0.006392106160192121 -0.0022128653939337338 -0.002154113319894789 -0.011952640494216024 0.004171810253853399 
11 11 11 | 0.15204384339652466 0.03680353639888329 -0.02307211267522823 0.024681742774847405 -0.004535546375302852 -0.0015493511346399743 -0.014508992095192413 -0.006087784924266304 0.008147838429257643 
12 12 12 | 0.19340768187643187 0.04057169939275538 0.017153660580671897 -0.002554667210278872 -0.01623084596256633 -0.010407993172267465 0.00414864507940251 -0.00507436601258232 0.007255440798065729 
13 13 13 | 0.18394392583287733 0.04154577952027397 0.0038406039053665037 0.014330619544152028 -0.008636073337051796 -0.004838697394232998 -0.004820848883646532 -0.003934295411273173 0.004160335224195642 
14 14 14 | 0.1988670113575427 -0.010785497898675871 -0.042310134159248176 -0.002957812671059275 0.006186780375208737 -0.001619744717773434 -0.0010860280822110027 -0.010216753524690593 -0.0031658349678365936 
15 15 15 | 0.19475978222968948 -0.009121602353154257 0.022266078209598722 -0.038885455907490166 0.0006425419196218169 -0.0015620086550179816 -0.0024456816714698497 0.0015154601848810908 0.007737109425148179 
