number of atoms: 16
number of fields: 9
Multipoles
---
0 0 0 | -0.5352825850700897 -0.00034761488701159617 0.029916123259028305 -0.022379877452020372 0.04428245450306628 0.03590919678068925 0.0074940303981501765 0.05232176788827885 0.041040836944856204 
1 1 1 | 0.27465247950139915 0.04873316880204344 0.08112375691728192 0.05247315311952932 0.0649090586975185 0.14115836994121597 0.0024148971532263505 0.07783204669623552 0.06700931444998001 
2 2 2 | -0.3682037891668868 0.006588408701561552 0.016516702103849278 0.01812647884799157 -0.13022332837910172 -0.01337744985249085 0.02169063270430052 0.0468240500877363 -0.019268587787587145 
3 3 3 | -0.05350834945293226 0.08273488985507906 -0.09511649831830186 0.10015937133988712 0.1803930270982969 -0.03332073375077135 0.06831193430045994 -0.03572425678721291 0.055015231333656475 
4 4 4 | -0.3506651737781237 -0.07143689360099285 -0.012368340226739346 -0.0014615165203176747 -0.10092303474557954 -0.11885858374439262 0.022229248695155968 0.1743193817869949 -0.09885193611896316 
5 5 5 | 0.7621327977020922 0.021252832295483276 0.053945138204160685 -0.14373454128434396 0.10117189699346596 -0.018386485713222978 0.04354503089224163 0.10956553288701923 0.0909510948662037 
6 6 6 | -0.2526909622194502 -0.035355558660512994 0.01395738195352356 -0.007299518999212066 0.0533614919127767 -0.04203455261919702 0.011668494764100553 0.010540626110242408 -0.018194195809949402 
7 7 7 | -0.24152739027839587 0.0376162367131735 0.019821427376160154 0.006068790584657626 0.0225881440321535 0.06076887218478902 0.017252046041496917 0.02799914013306401 0.0016819239357161605 
8 8 8 | -0.24173306513775294 0.01400677467674521 -0.03384026384928556 -0.01205220700320765 -0.04056953961542564 -0.019742271542757827 -0.017511816914504527 0.017457346928883417 0.04365459890050674 
9 9 9 | 0.1576949753526884 -0.013210046786825578 0.029626269170116654 0.030388801453435935 -0.003204790501934121 -0.0004094955706944739 0.00945521755836789 0.005192070379791427 -0.015392081804208037 
10 10 10 | 0.15834594140321712 -0.024684566465825293 -0.03790119585792574 -0.006644735045556602 -0.0028538282157495854 -0.007953683556542423 0.0051033509297758045 -0.011544782682200994 -0.004483883032501824 
11 11 11 | 0.16686046582221103 0.04593245416224906 -0.00361224451458238 0.002746066611156488 -0.011100756818317369 0.005937731239424993 -0.008328551355449607 -0.004606924340012136 -0.004666637013741653 
12 12 12 | 0.07420041249501963 0.02648473355129866 -0.034165574143132704 -0.050426434680675786 0.009349191251553847 0.012270036237645918 0.009977961371933361 0.008130694881450361 -0.018455206224967293 
13 13 13 | 0.15632044620683483 -0.0202858279443985 -0.012378965599192963 -0.04564337089170431 -0.004871255685988422 -0.00251861588239491 -0.002726925239404892 0.011217207998448898 -0.00401907387645049 
14 14 14 | 0.15660410325975194 -0.02554251397116198 -0.0009754016190810506 0.04082849055627001 -0.0051199065211029945 -0.0037707347899503985 0.011542519011075473 0.012990126825720871 -0.0029590444564977845 
15 15 15 | 0.13524180658184815 -0.009123861530908153 0.03643592553760074 0.04366483882059986 0.014950000445917502 0.0036376663696615756 0.011364308019900333 -0.004097073882247769 -0.016866826638972824 
