number of atoms: 9
number of fields: 9
Multipoles
---
0 0 0 | 0.5577163361472213 -0.010889182643837614 0.015769288912881527 0.012798794316237982 -0.06412645211480739 -0.0061632977923999546 -0.02327984733779311 0.027420740046440472 -0.09173111774526817 
1 1 1 | -0.5943418251525907 -0.021078303319106012 0.035809451519119725 0.03265606476744255 0.003892208118730489 0.06886825935012644 0.09888228984054394 0.035928125424365215 -0.09615960291444185 
2 2 2 | -0.5144335712894117 0.041292753845398 0.1330469268278682 0.1716991442447977 -0.19107887500404042 -0.1843417721374242 -0.29166717873729064 0.05139018854671359 -0.17042558793156753 
3 3 3 | -0.5126161633281408 -0.20817890415745244 0.045480577333219356 0.037288004272873806 -0.3173078993605029 -0.13703181613375545 -0.24435703668988815 0.028079185773975425 -0.08993524829219458 
4 4 4 | -0.18764951907901306 0.2637421292141432 -0.10717992197304467 -0.12165008158664463 -0.3495550871421948 0.2006670629298542 0.21045803934926308 0.02110245604152295 -0.12174066983080367 
5 5 5 | -0.1862957049300471 0.023015878516157873 -0.18717303703040436 -0.24575881476104336 0.18312960792602562 -0.012056967353836419 -0.024259445224601692 0.11956367752942727 -0.4173017606495978 
6 6 6 | 0.13774066885917802 0.011029330923290434 0.03501650229181909 -0.020404364227351167 0.0018479057871326422 -0.010003835192693204 0.016802529585500478 0.013353008554606784 0.015064849379631593 
7 7 7 | 0.1462082030589874 0.02723033388693354 -0.01287546951652295 0.030834342470224246 -0.012324405675154066 0.01564955314335191 -0.008668008292100562 -0.006185581963900557 0.007229172697022962 
8 8 8 | 0.1534556037573772 -0.037037050381043386 -0.020383362015200402 -0.010567194608148442 0.002686383924255259 -0.014137681570070833 -0.012663260376236494 -0.0025924010206431103 -0.012686631228329978 
