number of atoms: 23
number of fields: 9
Multipoles
---
0 0 0 | -0.4782527740362674 0.004090576638962395 0.026842537467941595 -0.05769681594370364 0.03898337981294926 0.020126058807477233 0.06801193592593312 0.054278435027017444 0.07486263860932385 
1 1 1 | -0.21283022618230074 -0.0093962369115013 0.012417369869851171 -0.01575967341178445 0.04094584169042426 0.11498727213550705 0.1540098387627278 0.11006433540075497 0.07287784007877493 
2 2 2 | 0.15532308432619502 -0.004824086435047106 -0.01609260751020378 0.030082725745284 0.003325459319346771 0.22018897743268048 0.13242913391234842 0.005066962170684617 0.06802461327957855 
3 3 3 | -0.12373375762378203 -0.02457007184217055 0.008629447797314284 0.02451395010382865 0.0671683814559332 0.14993270308873463 0.023907993795634477 0.015589537592773709 0.16400418035511755 
4 4 4 | -0.2022363163290981 0.004486717441731612 -0.008100694225290538 -0.016306066130283847 0.04954790250126325 0.16853843580587072 0.015814799030025303 -0.0007053537566522642 0.1341313434384759 
5 5 5 | -0.15906947728092202 -0.004444135359005065 -0.01681362073474403 0.029164171041745207 -0.020920178656355672 0.1989832056860656 0.10674980171416118 -0.005168495395146774 0.01956726663207121 
6 6 6 | -0.12990681016446093 0.017476129811219213 -0.025334046055828428 0.005980722900490848 0.04949432494106883 0.0931358946187613 0.15120058421277568 0.11379233246585323 0.08333311967411075 
7 7 7 | 0.15245280439221776 0.035234953465964704 -0.04063284070502913 0.0077885988075895975 -0.0005272578921063756 -0.007574725776256541 -0.015107743519125492 -0.007057185798244765 -0.0005567326030889753 
8 8 8 | 0.131476730628599 0.03830257642576972 -0.015532142866105736 -0.03623158526264488 -0.008418021673568536 -0.006822875827278362 0.0034445193740867924 -0.0006694492566701549 -0.01629055560244268 
9 9 9 | 0.15053254356181567 0.010916183654889425 0.038348707622871674 0.027318742202424712 0.0015572896512614078 0.002600516948844202 0.003052187866101051 0.008190729912573318 -0.014473741686983985 
10 10 10 | 0.14358978311385306 0.03702758032485016 -0.02587591406570481 -0.004108774427306861 -0.006429740282625493 0.014764261651185759 -0.002675951416264519 -0.010103950424333248 -0.0021750093857058226 
11 11 11 | 0.14207932279383184 -0.03172704796445138 0.021588027443464254 0.03462004914660999 -0.008780724705841075 -0.010648307614069758 0.005714806927592563 0.0035806328210353684 -0.016720466053994253 
12 12 12 | 0.13706720886240364 0.005160718903428044 0.02661481923827508 -0.047770886708125355 0.004856962690136491 -0.017159051913042466 -0.008028939099285386 0.0036863141106917145 0.0026704448743075045 
13 13 13 | 0.13636906973286234 -0.03157682510701008 0.043922807358919215 -0.011724511781129173 -0.00465036165798462 -0.0017366451793591536 -0.01326512237793994 -0.012346287480633681 -0.004533494455019919 
14 14 14 | 0.155167012659001 -0.04183615896312139 -0.022924745821280325 -0.007544790350292598 -0.008267959175041301 -0.0073619026693110025 0.009729470435005522 -0.005619764406159 -0.0030859847054723775 
15 15 15 | -0.387393312632315 0.03366168738409943 -0.0920153855330988 -0.05066876357885367 0.061592738013760244 0.06483602843470933 0.04978796478048817 -0.05772258313938041 -0.11236232080917143 
16 16 16 | -0.37530533179627845 -0.03848894568683466 0.08324787043448152 0.04545326792232757 0.048132794182345125 0.05571858701497757 0.03378964839507443 -0.05528514390259904 -0.07782907479895869 
17 17 17 | 0.13042451139639655 -0.04970411832647765 -0.014815631830173918 -0.0059695066969116025 -0.011542520158452975 0.002349181896114616 0.003047203765281835 0.006617405099797557 0.004173105378629929 
18 18 18 | 0.12213823001467627 0.02640386289141088 -0.012180831141051741 0.042164446853963145 0.003560867022248212 -0.006759818512285695 -0.0042288171429511 0.013909940690706031 -0.004729911131377374 
19 19 19 | 0.12980868185582173 0.022686811843907535 0.028691654231686316 -0.03429505237139843 0.0031710260641119527 -0.011090615928615039 -0.003075479895741977 -0.0024703588420739945 0.01300706368484534 
20 20 20 | 0.12655491838361976 0.04761881491868448 0.01590202366256008 0.009385672278124734 -0.01681302799440654 0.005037782883423899 0.002915423030033765 0.0053963754581368 0.00644608444316145 
21 21 21 | 0.1270091697981971 -0.0232025072728169 0.012253598241009153 -0.044007951380164854 0.002422259711853556 -0.008854088086795029 -0.004889326677670586 0.015887947669041183 -0.002501714185796178 
22 22 22 | 0.12689811479744983 -0.021106401111621632 -0.031243329317367938 0.03336493296143971 0.0015481997762400973 -0.009902562056387685 -0.0036723329675947673 -0.005308071373770758 0.014382504773757195 
