-5.031392847614621	0.5251175910081698
-3.4895876627784235	0.4625374237732416
-6.982041292267655	0.40182044861382693
-6.354820675857021	0.46390077283760695
-0.8337987665533917	0.3797727938557556
-0.8230911280384162	0.3787623756408892
-0.5471892560979972	0.33266611576276167
-0.5953321680089503	0.3433423473634216
-0.7934870163709014	0.3731986833009458
-5.032505198738721	0.525737218734519
-3.503163680855468	0.4639831878664514
-6.959313404573045	0.4002801106362039
-6.332460279045526	0.46357750821700194
-0.794976861683976	0.37283414601954484
-0.8499256251201256	0.3816917352581897
-0.581217992581644	0.3380784741301421
-0.6065665641947784	0.3467622297694645
-0.8013611144618121	0.3754741297023864
