-4.7825404167927	0.5180422389962748
-4.099284299630309	0.48508874483001674
-4.408835370045308	0.4976303366150566
-4.378399859698138	0.5001613391400108
-4.443233571453761	0.5111324889567475
-4.474209523478479	0.5076265408189677
-4.647667177099729	0.514916666210057
-4.542968535091115	0.5128239915267397
-4.512012795407131	0.5092886187060321
-5.803528065709203	0.44565911993430146
-0.8532824821091668	0.3764754530572058
-0.8479697534481541	0.37822957868193297
-0.8593849623960634	0.3800264033383399
-0.8596445116197577	0.3789574243389409
-0.6428277103923437	0.35054248711538716
-0.8515719477597511	0.37952596652456905
-0.8580843805329078	0.3830645280500473
-0.8569206953105499	0.3829992041548566
-0.8565746789452469	0.3849683777730799
-4.840474921123423	0.5200705487228231
-4.478409378420239	0.506442247338352
-4.516614876891601	0.5085835033833059
-4.56526295523499	0.5083874100646136
-4.217138977887437	0.4908920348341029
-4.479843808037175	0.5068026931082198
-4.561562130847378	0.5093693468398558
-0.8627333024667243	0.37868608046682656
-0.8630233248842167	0.37837695572973856
-0.8474676889849698	0.37558884427415024
-0.8655069598157137	0.37805994001942894
-0.8548136059919859	0.3826089332889366
-0.8497329907699116	0.38099851166734783
-0.8610164860905348	0.37995343455353797
-0.8429697631185861	0.38257524548423677
