number of atoms: 23
number of fields: 9
Multipoles
---
0 0 0 | -0.3843147094837267 -0.059067607816388465 0.04114413872778934 -0.06273630385430003 -0.014704090264144402 0.010724662933285172 -0.09297388267535538 0.06361510665903417 0.0388246326787165 
1 1 1 | -0.38187380738335897 0.05168823778195964 -0.02153397216481732 0.08248629094061961 0.008588813305738829 0.05154185715626613 -0.09378675728702295 0.028208486178019528 0.0648040607622825 
2 2 2 | 0.1274416374077617 -0.03676753421173986 -0.0033124047116667283 0.03349238023613216 0.008752224490052259 -0.008272219329150218 0.013170335334612033 0.0057280199482014765 -0.0019807437145138414 
3 3 3 | 0.13606795727810683 0.014523257872015404 -0.042652188135165144 -0.024130478050847497 -0.007822654703044033 0.0020018780489142003 0.010248769318370503 -0.00471799602341423 -0.005403468620655591 
4 4 4 | 0.1255469874735562 0.028705458815854124 0.04032432909860279 -0.0015907833063065493 -0.007887426973212711 -0.012246322013789118 -0.00034782804230168776 -0.0033775989802990593 -0.012402956580867226 
5 5 5 | 0.12018737704970217 -0.027278102001786934 -0.04072234898506745 0.0011644169279801842 -0.007011163285751656 -0.014304839544304717 0.00011972635050998792 -0.0048707879697343255 -0.010440672108262305 
6 6 6 | 0.1268410896120311 0.04176984763057674 -0.004511518455360648 -0.029004065798317085 0.009742883829617716 -0.006490532536405413 0.013886438284349344 0.007743245184490172 0.0020655926788234655 
7 7 7 | 0.130246002644818 -0.016755573790876173 0.041429836179066176 0.02204892106712553 -0.00010331693412438349 0.006250601414524459 0.009374133689193905 -0.014258340839038602 -0.002086959085370212 
8 8 8 | -0.4760658983396997 -0.024144061488254626 0.0576113565661474 -0.020820777487469633 -0.015544585428540064 0.06712208083838421 -0.017437414729197066 -0.008178515291872445 0.08760288089312718 
9 9 9 | -0.15854063628712112 0.021298255978096942 -0.02586021090446748 0.01600377749981217 -0.1073297155652328 -0.011693547077345613 0.16165055333917508 0.02766157235585096 0.1507282370982902 
10 10 10 | -0.1250357892388454 0.03153138265973986 -0.006724920418710021 -0.005006218991772868 0.012297617659588776 0.06390659710025236 0.04595571547663087 -0.035357634144890224 0.2153195132115068 
11 11 11 | -0.1295792766588555 -0.011393105654760248 -0.02181795898703778 0.025745171173945997 -0.11880914629849774 0.15520384782683047 0.032144297039406806 -0.05293139663090064 0.1281532042025353 
12 12 12 | -0.20438287944583777 0.0012655504380067266 0.01702697350886927 -0.010306494645536053 -0.13416632724462552 0.12312036790082252 0.06784480696535326 -0.05026394973090232 0.10571016414188124 
13 13 13 | -0.1973928598229433 -0.012902472767681637 0.012149148141448775 0.004306371580895359 0.007949361793839335 0.05076120318637202 0.07441189707896313 -0.03470028490695446 0.20689112269446697 
14 14 14 | 0.14343657132876952 0.022094739436568707 -0.02460529133459858 0.016954916396776185 -0.10675335283658413 0.033357883288293325 0.15352349773095808 -0.00555081090197947 0.18150964325491814 
15 15 15 | 0.14294907720083838 -0.030955855990792692 0.042408994208327465 -0.02120925088758541 0.004425793463154894 -0.0011827486765473726 -0.013081641413576922 0.0035325021755435717 -0.009689115591673713 
16 16 16 | 0.13582813893509893 -0.05198522161027996 0.0090855994528366 0.016481564801757335 -0.006625068127330595 -0.0032663044528085925 -0.0006868662527241923 0.0033671526553233815 -0.01744476646108844 
17 17 17 | 0.13114015621056785 0.024340765032190435 0.030375618411304296 -0.03948236967728968 0.013081840123268546 -0.01304509532764065 -0.001739161683019323 0.0018242640125465275 -0.003566120204950397 
18 18 18 | 0.14187063009312184 -0.022313690813609843 -0.029451793837019055 0.03655243438386786 0.014912125570321143 -0.015096262088927576 0.0007457820550115818 0.002748577118777601 -0.002535038385382838 
19 19 19 | 0.14119080067634382 0.04829824859938959 -0.006097924729403594 -0.017415278403368963 -0.008856996094207025 0.000139196129170528 -0.0005079723748386819 0.0006635259833781824 -0.018970048521222777 
20 20 20 | 0.14868726574424784 0.026056240756059973 -0.008973233060781254 -0.0380250942493109 -0.010902407535008785 0.0013503976321743302 0.012766515435893628 0.0038456402814892213 -0.006190537879462382 
21 21 21 | 0.14695957611559496 -0.03844505043065329 -0.028937042457207924 -0.00455849415511389 0.004060138802466869 -0.0138550011870538 0.008175742810725221 -0.004885569785978274 0.006227614801892721 
22 22 22 | 0.15695299757396186 0.016450760496680674 0.015950665012310312 0.04260887585532184 -0.0017447242380184288 -0.0065083798100105915 -0.006160164962302781 0.012143821360645627 0.0002505176101141848 
