-4.824351591035342	0.5200348741956755
-4.521664258378492	0.5087473233085303
-4.275963952928893	0.4951593321875645
-4.626214377848007	0.5099423290809979
-4.492629737821622	0.5075868854832437
-3.9630687983097417	0.48579840827224025
-4.705575271573936	0.5193852386107253
-6.958735254784171	0.39703937489154284
-0.8582096030029868	0.377720235044509
-0.8219402363964794	0.37081331905369447
-0.8553647124536764	0.3819140861852385
-0.8527673237050178	0.3821116072374832
-0.8610883452636588	0.37911886220454527
-0.8449538124537652	0.3790043572623914
-0.5612659432897633	0.34893760721311684
-0.8501708155448	0.38372194643530816
-4.569573961643576	0.5078446802014613
-4.784239012399507	0.521255646556354
-4.318287331542179	0.4969100740201217
-4.483034097152179	0.5069394041506169
-4.492039348948889	0.5076970368213932
-4.710799240320849	0.5189822699929006
-4.646381656642485	0.5126613702644716
-3.9474294397008722	0.48484439336520946
-6.9754965462122085	0.398164468452565
-0.8755630926387072	0.38087952716679274
-0.8737466098380653	0.38032022765331963
-0.8719279881972768	0.38467135213323694
-0.864368038898244	0.3793955079189174
-0.8613445713213118	0.3796236996404565
-0.8454334880609831	0.37819108778676747
-0.830843794927178	0.37452246814081164
-0.5545461841242351	0.3461172665447902
-0.8587990156329424	0.3843892433057836
-0.8656534453389493	0.3861146921837273
