-4.731256296251192	0.5154814813210199
-4.737902941855662	0.5174468106124905
-0.8666953531157761	0.3805948883545665
-0.8783116760952976	0.3856667242621254
-0.8745049551912418	0.3845301071717475
-0.8735884348670117	0.3850230532780739
-0.8791512626147568	0.38628378785939416
-0.8729632800707736	0.3869602806894845
-4.492529502268949	0.5063749527821058
-4.799557108978107	0.5218065139712553
-4.789324327296801	0.5205497756797169
-0.898172642319002	0.38501906535115615
-0.9009825119497746	0.3865117465072429
-0.8593051508312157	0.38184476630995784
-0.8685511182522176	0.3840913061825116
-0.8681898262575755	0.3854291594536111
-0.8659887882308398	0.38452486302892463
-0.8665939182716522	0.3866557129924355
-0.8666627005022416	0.3861069478024652
