-5.06727083034507	0.53144512280112
-3.358829958026089	0.46341862116526783
-7.170096294981688	0.41325508920611514
-7.193415094824742	0.41191983018566336
-0.8190526485580673	0.3779614236491177
-0.8263788718157079	0.3807988104118411
-0.8238321087914724	0.3799614992950336
-4.583947889000512	0.5060709329779517
-5.998189082795311	0.4453325462891332
-0.5603661793159352	0.3467536081358914
-0.597204810320833	0.33898464662113686
-0.6101916417387103	0.3397550822203488
-0.8318790785202711	0.3739210686703211
-0.8682785649045105	0.380947538696918
-0.8420779985636515	0.3772236012655922
