-4.573061674026403	0.5084168792170559
-4.7900691547475045	0.5215946216539724
-4.325008657751842	0.4975482521954296
-4.473062427184294	0.505704473242438
-4.508069816404757	0.5082848408404488
-4.704975379257371	0.5183568569874762
-4.644683928902262	0.5122169445667931
-3.9490044962956996	0.4847585218704443
-6.970470165926142	0.3981808411250538
-0.8732862048784141	0.3770145933090142
-0.8860101728661598	0.3847199770164173
-0.8630575276691959	0.3834869203976955
-0.8631034839795595	0.3790026995745209
-0.8464729841136311	0.37502730608773344
-0.8469444568314485	0.3795506387263931
-0.8297530527934011	0.3742810466104006
-0.556478117263709	0.3483009287172372
-0.8537266637190565	0.38344032155153873
-0.8684439460618258	0.38682201482656947
-4.828111062277069	0.520132679189997
-4.504497986213715	0.507190494877049
-4.276130508726294	0.4940909686005546
-4.7034571848803886	0.5181298424725925
-3.9475055467937183	0.48381741188740646
-4.50675291759981	0.5063807933975633
-4.642493034731679	0.5109418271555686
-6.970559276306641	0.398043579073949
-0.8588927564197855	0.3766449173923422
-0.847252822245959	0.37993225764140764
-0.8521957861187276	0.38176585115685724
-0.8555895623044851	0.38262359418324243
-0.8567223947277497	0.3760889353693571
-0.5562731788125687	0.3478405379675083
-0.8303858762608624	0.37442192244851963
-0.8472881432214506	0.383335318264985
