number of atoms: 27
number of fields: 9
Multipoles
---
0 0 0 | -0.15142219814420876 -0.018926021751365294 0.07350840334796016 -0.019523816023604434 0.06931051963926674 0.08956037718545927 -0.030701376979677945 -0.03223067270420137 0.02230350769804957 
1 1 1 | -0.4399089303958874 0.02744228154951794 -0.03127388685334379 0.06945716459912583 0.05650637408163866 0.04279637546348199 -0.0445465584074873 0.06050421940832012 0.07325698111898281 
2 2 2 | -0.4421031568274527 0.01698189779293852 -0.057509667290709485 -0.05437208649186697 0.06356236273297289 0.040442776936260284 0.009410775581510166 -0.03330757109219527 -0.08763562958094502 
3 3 3 | 0.09828429543190287 0.05115891602890575 0.00263870762999865 -0.006110919178650233 -0.020144173146845492 0.0101865987017307 0.001623633457680828 -0.011722238000787628 0.005221298904967679 
4 4 4 | 0.1450878373915352 -0.04269922044135535 -0.03898979680113345 0.012777865101642156 -0.005576331577513319 0.0011210238123060751 0.0018064922538119945 -0.00024327482912282636 0.002605282179581801 
5 5 5 | 0.13423269141565475 0.04184882293065956 0.02260737586843962 -0.0031429273471106694 0.0004872612964865568 -0.008560188712753807 0.015800131614659096 -0.006747598279709079 0.006660518845214067 
6 6 6 | 0.13202533640879344 -0.009142886842444551 -0.0450755328099711 -0.017201577548137757 0.0009972747094108253 -0.007149894805672547 -0.0005380354477329895 0.007953969364280646 -0.013870169084537368 
7 7 7 | 0.12861542158847905 -0.014137809880651416 -0.031503588970288585 0.03402611025997367 0.0029016963330567055 -0.002813412513351592 0.005298041156804061 0.01634674472407725 0.006687070159099488 
8 8 8 | 0.13184212984611643 -0.03127777745423297 0.020136380774616294 0.030041415970414306 -0.008801194193371168 0.01592081681190233 -0.0015370337454688003 -0.010868671327190124 -0.007307518785606722 
9 9 9 | 0.1376292472844871 -0.030893741626458623 0.008843059368462905 -0.035669688692218586 -0.005178385454825382 0.016187873860404576 -0.007959069683996392 -0.0031811228824323965 0.009078774064187526 
10 10 10 | 0.13076057151071585 0.0467863288916927 0.014108841180943132 -0.0029812325089462566 -0.0024288318238529258 -0.014972534425007301 -0.009005163936787861 -0.006922080291869296 0.002174978398450362 
11 11 11 | -0.46133019905666117 -0.04221051378450743 0.0014849568048765358 0.06063332006436046 -0.018556307642347936 0.06824765222912817 0.05489043086857634 0.037817197086271265 -0.041047746346124916 
12 12 12 | -0.13179218797692283 -0.018947943358479942 -0.0011243414729452058 0.017511965321848066 0.013027833725567439 0.10482522045983451 0.0029414371889446293 0.16635293207651153 0.014533575921849402 
13 13 13 | 0.07788697514574228 0.024520457894689675 -0.019476373897111383 -0.035864882957890226 -0.059743961371018235 0.16238376803324273 -0.06615918076931443 0.1649724745562497 0.03801679728327779 
14 14 14 | -0.35340327924573156 0.04137004443057043 -0.036118856206339624 -0.01901096290815631 -0.07125178850759727 0.17456252307759287 0.08955506030017144 0.13156928892782685 -0.03385859178228197 
15 15 15 | 0.3924947063743005 -0.1044923039677773 0.02614073870575438 0.08491616427715004 0.004708515461672728 0.08354015592394595 -0.14669184462476823 0.12917164618666085 0.065515985001669 
16 16 16 | -0.15427798352343913 -0.01754120501830036 0.0008057386745483771 0.019597667047908555 -0.09778714803401116 0.15704166951418994 0.03665836283176476 0.13344089789015517 -0.007717938525045096 
17 17 17 | -0.2835435853749271 -0.0018446368745923718 -0.00828677484802255 -0.025313181896147195 -0.010610544788240328 0.09585892609459176 -0.022683124859033385 0.182764374188734 -0.00422919540636536 
18 18 18 | -0.5840600727053324 -0.024909810771105413 -0.015282655256052545 -0.11346247448676883 -0.03563625317587973 -0.00948285999384819 0.043273268880671886 -0.1297725797560296 0.027464441588077544 
19 19 19 | 0.14262086414260555 0.04298939844261401 -0.028912342230511482 0.011766564902206152 -0.010599445514481987 -0.003338549600634867 -0.007066371013051602 -0.019621666636846585 0.002960277031651109 
20 20 20 | 0.15510193841995334 0.024351325148288673 -0.01460373828736604 0.03983721178178154 0.014222601634222544 -0.011031236385469621 -9.361942014726874e-05 0.004321602227275672 -0.0011759699714680677 
21 21 21 | 0.14932576359238803 0.03774483322006738 0.02837303618207702 0.011290626227610871 -0.013982640371181845 -0.0027446948043508084 -0.0060432474478784816 -0.00434172194532109 0.004349715820183413 
22 22 22 | 0.13722348504947712 -0.02342874397469319 0.027573605357154425 -0.0292417179197591 0.006482090420379679 0.0021082798821789642 -0.015112286930300823 0.005936801803861077 0.010353642089213352 
23 23 23 | 0.14173000921906942 -0.01949800707945571 0.008343986955680968 -0.04927427689637066 0.013406730051667039 -0.014546480562942384 -0.004766249131791612 0.0014573836875228644 0.00445005820311986 
24 24 24 | 0.44160879287333277 0.008525286813147848 0.0014374509720532218 0.021227444251405523 0.007841752108445607 -0.00694745629663455 -0.009018165792443375 -0.008861283862968378 0.006660664005965387 
25 25 25 | 0.16976602163074184 -0.04536511898509189 0.02119591262408159 -0.008966172781501698 -0.007959744004880977 -0.0020000772728480222 -0.004280949722717935 -0.016880024287846754 0.0004516993433243061 
26 26 26 | 0.15310717747320812 -0.00268790837527553 -0.048307837224604674 -0.005430483470547595 0.0031363676553499507 0.006241381162888619 -0.00792468519358677 -0.010173930393097311 -0.005714667697591955 
