number of atoms: 17
number of fields: 9
Multipoles
---
0 0 0 | 0.1303142360028735 -0.03830902003056069 0.16465187173068718 0.020415312527047556 0.014459738696212593 -0.09699343029577531 -0.10925617840403959 0.03830108375042958 -0.0893545342454429 
1 1 1 | -0.49615729723890656 -0.04032824683276175 0.0017242243694807135 -0.04214134313783272 0.01598668800063314 -0.06370904251221164 -0.029137905727508896 0.02440834924892648 -0.07367962741021965 
2 2 2 | -0.6114692735650031 0.08409717253463099 -0.019191790455495312 0.1131586871943363 -0.07463338518561137 -0.05738288074227667 0.1756295847769591 -0.08453664922733388 -0.01693431717483824 
3 3 3 | 0.06106610144801938 0.04922438839080507 -0.008250007090988418 -0.045970430477493336 -0.00023252422603100412 -0.0034777452094911982 0.010830738971939934 -1.60421401662027e-05 -0.020575656044549 
4 4 4 | 0.05260086169164879 -0.04517301156005295 -0.031607032902197615 0.03419200085743879 0.006025475771990367 -0.026030359979701028 0.01328690786792268 -0.006852277822135298 -0.0005574359916652342 
5 5 5 | 0.15376010930534634 0.020487064385129605 0.03384503159182413 -0.025148260325173408 -0.004293849165312099 -0.00783357763344228 0.00821230582399456 -0.012175937793331001 0.004203051776699221 
6 6 6 | 0.417219333650215 -0.008605984898644036 -0.0023434846741890885 -0.022227235971027347 -0.011938316978056323 -0.014151604182193392 0.00500524299228894 0.006536028704070107 0.0016317704821260295 
7 7 7 | 0.14812410398248632 0.021618251872074307 -0.03891668355721889 0.016374005866155485 -0.0012028849159160897 0.010125754385150329 0.0036031206435147884 -0.004333102997074434 0.009023827029388774 
8 8 8 | 0.15183991537727048 -0.03550564423401632 0.017225259988169633 0.025425754634650438 0.008228976446423055 0.007495195441981473 0.014888559748013853 0.0022918318536429417 -0.006712814472520147 
9 9 9 | -0.3696019027499835 -0.06022764139125106 0.07823838010254432 -0.023728614625056176 -0.014276165752898144 0.1043880925717788 -0.012533370892151957 -0.06205669566053455 0.03192369522424263 
10 10 10 | -0.3958097912600316 0.06358718199977328 -0.07773506394493723 0.014327106543953055 -0.02025265773463645 0.08130289922458926 -0.01176227764301242 -0.06089351990794701 0.05166446291073814 
11 11 11 | 0.1254088287534444 0.017499732857660558 -0.0025402648639314598 -0.0472847727009535 -0.0027923271004083655 -0.0009218187315930508 0.011895204306371854 0.005659884065538858 -0.013567484951054571 
12 12 12 | 0.12653322195323646 0.02614549483266885 0.025696576497897312 0.035233797011496204 -0.007232427463297301 -0.006973905283893926 -0.008501037746076334 0.011956084521219075 -0.000914819654999657 
13 13 13 | 0.11454116735709485 -0.03501651957257112 -0.031335355489978955 0.013095576626757562 0.006308487325730832 -0.015992497839791734 0.007182797360284556 -0.0011292875641152325 0.002597106919192678 
14 14 14 | 0.13518731829727226 -0.013368378776042385 0.006297235270314497 0.04956833827418395 -0.00460410975032323 -0.0035084463274603255 0.014026673328943013 0.0049791625473175295 -0.011077094378124118 
15 15 15 | 0.12315776354289887 -0.026349148038239338 -0.022663631838403416 -0.03579364016574843 -0.008061581099300002 -0.009102353495890296 -0.007362781920852255 0.013548126314901245 0.00013415247785375598 
16 16 16 | 0.13152059801087967 0.039358703240832044 0.02820387721473891 -0.011705186606826321 0.008046164472548462 -0.01617034761073386 0.005420626010772299 -0.0021034692139191556 0.004466217700165417 
