number of atoms: 15
number of fields: 9
Multipoles
---
0 0 0 | -0.22626606923098436 -0.12664985370951054 -0.03000738792650625 -0.08065485586739374 0.08726565289296315 0.050376346617224725 0.14433358127310159 -0.030949598498105434 0.05367452881022278 
1 1 1 | -0.5978229270956872 0.10178281752220607 0.029985685941375052 0.10526214687268196 -0.0705818206957983 0.03209775360197288 -0.021125060013473904 -0.006864337940262604 -0.05203206497000584 
2 2 2 | 0.4372200002181791 -0.021498651105452713 0.014777866538717937 0.01562752407959447 -0.006703212961003053 0.005969116428615754 0.006042782953639445 -0.00840175907402649 -0.003012656248801017 
3 3 3 | 0.39895684968831047 0.008994038416127814 0.01773352311238685 -0.02883372996643072 0.004316367337709384 0.0040292567942234216 0.0037759550580530052 0.002703366209322287 0.0013434808904293659 
4 4 4 | 0.402881668610062 -0.006784763978700021 -0.034359063243753034 0.004752319480090283 -2.5234255535042632e-05 -0.0024598032287009093 0.005027499481919079 -0.004634791000608682 -0.0035376132574654485 
5 5 5 | 0.16554049983202912 0.010511537714753227 0.06303902748501752 0.002014591568329597 0.003653744856337185 0.004083265204964434 0.02171049381193612 -0.003590166244626745 0.0025876501213673133 
6 6 6 | 0.12927223168316226 0.053713379598353074 -0.029883325403162977 -0.014567155620258539 0.007764746629958676 0.004412292302998924 0.01924944427989479 -0.009205381868351539 0.011429234492822236 
7 7 7 | 0.1767091326241681 -0.008033634392771901 -0.006784415088440328 0.06460322166729203 0.009921135500062832 0.010054607517098562 0.014164709497984589 -0.010421850250601062 0.0036979784649503913 
8 8 8 | -0.6960310106892456 0.005137794869197368 0.007940883705954131 0.00799929948069162 -0.07700381046212391 0.023741353820267277 0.10345036493411613 -0.024062656093362236 -0.06582024674361249 
9 9 9 | 0.9474986753462424 0.03897420380681181 -0.012469187177333092 -0.029618549165523794 -0.0929292670455205 -0.011945722576997922 0.1449449925684474 -0.06737785069854353 -0.1043069732755751 
10 10 10 | -0.8385302388750784 -0.056106710087081714 -0.052624023512819154 -0.015233446547951567 4.6180217070992144e-05 -0.046543383081011504 0.05573483852612659 -0.022540856975096762 -0.024926742128113476 
11 11 11 | -0.8158792319718948 0.02044457856506535 0.07175032976553473 0.014467790621537404 0.02521562742849294 -0.02880044643331148 0.07954533309395023 -0.028814515106904814 -0.07751688603662803 
12 12 12 | 0.1725931175947797 -0.006266833302797574 -0.035831877278111955 0.018636494322423394 0.0021011631740831998 -0.010588313060274242 0.005334744886954072 -0.001370462420431804 0.012018854498594862 
13 13 13 | 0.17395702466764573 -0.022631011826204084 0.005484133040187832 -0.03375113378518918 -0.01023680831884942 0.004501015399075438 -0.013530300065925227 0.001206470940201691 0.00416171307731459 
14 14 14 | 0.1684927548788392 0.011575388820901982 0.03290449556105258 0.02004505282921118 0.009837113312762635 0.0007327168549252306 -0.0024389128373891477 -0.005375032512833574 -0.01456247605495339 
