-4.400334970746816	0.513696411159167
-7.044670198424584	0.40474331594742813
-0.49706182167634927	0.3439299244087458
-0.9350423776243656	0.3895582756437242
-0.9409563625525749	0.3978416959574173
-0.9424616892531819	0.39683529727160516
-5.104076918779037	0.54151970728503
-3.344003401390941	0.4656539261152831
-7.190105019361224	0.4131716412548183
-7.163030284447164	0.4154782845984505
-0.8341364705724277	0.383531683477069
-0.8330157256901508	0.3830969971303974
-0.8363413141013962	0.3839912809489047
