number of atoms: 20
number of fields: 9
Multipoles
---
0 0 0 | -0.1438318771319267 0.016610226634889425 -0.07485779173580723 -0.05411134280000956 -0.03371700337361036 -0.02701502384574392 0.052804975674270165 -0.03717201640897065 -0.09681120873708651 
1 1 1 | -0.44337943325061335 0.0594134484818272 0.04966421671637104 0.009709538044560428 0.008448773387226636 -0.0560284965296752 -0.0464243018775132 -0.05401726280929578 -0.04579646358098355 
2 2 2 | -0.44037073765606216 -0.07438749370390926 0.003844958824974367 0.02459911248512247 -0.05315387709690296 0.06978528033218326 0.06554508883553309 0.006627562777364399 -0.035892864381283564 
3 3 3 | 0.10828929989100122 -0.020542118872659023 0.04388636854581432 -0.027033085924898337 0.016564275654481608 0.002339710391323248 0.0024744855277007045 -0.0010950780109006146 0.0010746868669842678 
4 4 4 | 0.09930603077453237 0.012825341726537097 -0.012484389470557224 0.04968861805675946 0.022419611151223373 0.00704403221475858 -0.00283723469717694 0.01546445317350671 -0.007736415772189107 
5 5 5 | 0.13696181913685046 0.022491566416271366 -0.033429441562896275 0.025085646262851435 0.009514248752746791 0.012392947860804257 0.004279838254350337 -0.008306556780092851 0.0077998745375377175 
6 6 6 | 0.13827875940347778 0.023292443262994643 0.030738539825043206 0.03012164736479534 -0.0033236326467840096 -0.01111810157018102 -0.010824971739679713 -0.0017700315765233612 0.000486168830989976 
7 7 7 | 0.14235129632330135 -0.006315747661071583 -0.04592647227772764 0.009382793326892949 0.012333196223088058 0.008341888559651801 -0.0055761151730992125 -0.012401100408511086 0.00021837337031152852 
8 8 8 | 0.13046861469397852 -0.009949289836012998 0.01513524200215741 -0.0438981322825074 0.013083486607491316 -0.0037853829517781336 0.0009533232050913923 0.009215273699339764 -6.760977052307943e-05 
9 9 9 | 0.1356682023498157 -0.03823949787833574 0.019850358524133804 0.022392605809172367 -0.011001672420271138 0.00936952473071645 0.006167712394153765 0.0034223537421533114 0.0037939549383965237 
10 10 10 | 0.1334457757265316 0.0074178219183490745 -0.001694064856991568 -0.04675326990760491 0.011132743614547242 0.009587787428759846 -0.0042644428956960575 0.013130119228509537 -0.00357193639461051 
11 11 11 | -0.2174490004493066 -0.06942656140659981 0.06968338947484762 -0.009241688714521428 -0.011306337202282909 0.006855027901053357 0.11571671708185781 0.03519418785778415 0.06874936869334407 
12 12 12 | -0.3956899073714082 0.07590066597749025 0.0027080840266914047 -0.06034105475768154 -0.09024831083497278 0.08393103880151437 0.02336163900436855 0.0018188587146594135 -0.05467567792385639 
13 13 13 | -0.29891753666532495 -0.11801320074505542 0.0782367050582155 0.033658805465084866 0.20565357979633225 -0.3334265398213865 -0.8674787411293087 -0.026029594228317066 -0.6122814486200766 
14 14 14 | 0.1485729648502716 0.04142944075353673 0.013052490551852442 0.03686882884104639 0.00748262752396765 0.0022901487211487463 -0.012163705537444724 0.006956994974015442 0.006477209713779739 
15 15 15 | 0.14889530418749897 -0.014127903307001448 -0.044463311790362205 -0.02984315153532391 0.009239498875068499 -0.0028169295606053106 -0.004787798006071166 -0.014970206340672084 -0.004036421931346999 
16 16 16 | 0.14019044481413712 -0.006630701316591301 -0.04200915327412868 0.02888626550907774 0.004572691204788821 -0.00935854337883235 -0.0028700682840467973 0.0029139879570956903 0.006156568637766198 
17 17 17 | 0.1742284004835828 0.06272887628576164 -0.031848136152472374 -0.022271612301624923 -0.007583077769620789 -0.004866259283520621 -0.016571703973186285 0.0031432594223736814 -0.03051067304798354 
18 18 18 | 0.15405754422595574 -0.02455029430326583 0.003414124186893521 -0.045898105001928965 -0.005201064172952103 0.001648298701608687 -0.015671049202522574 -0.004326669593282118 0.0021126528954806805 
19 19 19 | 0.14689848491546798 0.019714085583686952 0.04093680378391824 0.024828629112188763 0.013276121415699881 0.004781439226433742 -0.005671022658446626 -0.003989227371761914 -0.007667287868994359 
