number of atoms: 23
number of fields: 9
Multipoles
---
0 0 0 | -0.47253602931756244 0.008693607702676943 -0.04278925245953468 0.048902744443216274 0.08887623451298425 -0.005947945765590456 0.027699313744712066 -0.0069302004275850594 0.06705840753707479 
1 1 1 | -0.14832968180410333 -0.004632279166504122 0.04136595878892161 0.008055739587960721 0.19220138599204223 0.019566685039724887 0.030979074276512635 0.11361328364113861 0.06298101831023249 
2 2 2 | -0.20394560908113224 0.005658768636390214 -0.006697441882155526 0.024041046445408526 0.19555543247030677 0.06921862424853135 -0.0009276904852546682 -0.10058957986327863 0.017967378728674255 
3 3 3 | -0.16165260132354486 -0.0020624230644238697 0.02804162347925071 -0.02057985109835886 0.187385287022255 0.044383396990402064 0.038765157558533665 -0.008417973943087851 -0.10695978695091286 
4 4 4 | 0.14929226155570596 -0.0016119473161261002 0.029624640811999437 -0.023504866050354456 0.24400492775289004 0.0547618662160541 0.046021024935951844 0.004803865114068364 -0.07699142529014022 
5 5 5 | -0.13807111034826658 0.004026251374831505 -0.010872882757246034 -0.035030463786454566 0.1808859092445739 0.0496623674267376 0.010261362325897468 -0.09299852761586269 0.05842008199981355 
6 6 6 | -0.2053710827546542 0.01138778772080927 -0.0201658008049267 0.0018423816035562188 0.18906193149609926 0.04149923542116021 0.01749704038169011 0.10144064969480086 0.026438933290360865 
7 7 7 | 0.1600436777434847 0.008220742103212155 -0.05787260521126123 -0.014789063150040435 -0.015954525741017637 -0.0043128797294754405 0.0009386733434360242 -0.0002354583058288396 -0.004038686331066696 
8 8 8 | 0.14255673822142356 0.007233095079178692 -0.013001239883002287 -0.04991993649181798 -0.011615765774002702 -0.0025468189592371356 -0.0009155538195764666 0.01641441217538642 -0.006309229468606811 
9 9 9 | 0.141785860387866 0.0017965116468751374 -0.0379769918629364 0.04053612775562088 -0.011235534680091112 -0.0039054569737993583 -0.0037870277832606877 -0.005073230344814689 0.01425432801417999 
10 10 10 | 0.14277231729743067 -0.007441051782827663 0.014213662962338358 0.0546162881815186 -0.012039905959854331 -0.003430969291397487 -0.00016682009238937074 0.011875585376432008 -0.007428787309847366 
11 11 11 | 0.14704911605269289 -0.032726755217017615 0.02715404749201575 0.02088270259668222 0.001166341763610027 0.00873767943918913 0.0017887304800082346 -0.011220467704400284 -0.010573262189782207 
12 12 12 | 0.14727644693285913 -0.022812471850868557 -0.027758473055504815 -0.030999253988435754 0.003882351389682372 -0.0006183634925234677 -0.0037815278641672384 0.011922954544692636 -0.012278400709563557 
13 13 13 | 0.14487484920320992 -0.006082630592399335 0.05017940789301192 0.014707040983343557 -0.011995102895249642 0.0013392469266482272 -0.003479800271810863 -0.016027126073480412 -0.005761511795648002 
14 14 14 | 0.15561027529366256 0.046106103999038334 0.013242957926600586 -0.006028740059907658 -0.004948418755164684 -0.010389375106132656 0.009422277034012516 -0.0019110892393303536 -0.004233469196606098 
15 15 15 | -0.39879424125272056 0.0881680826932396 -0.007297132307679654 -0.04222103198225412 -0.05080283967572346 -0.014596235196628761 0.09282015086919972 0.007770176318500719 0.029546800159382363 
16 16 16 | -0.38688327890919894 -0.07954636437913011 -0.0001934903492947166 0.0556853705438272 -0.07426929387074913 0.030628655537129054 0.07803075160014211 0.008641943738925587 -0.008403632195892886 
17 17 17 | 0.1319665866461024 0.009831860795575548 0.03754791026345094 0.03294169173078313 0.012414881363900586 0.002694829229044148 -0.0018674671266574276 0.008099800499074408 -0.0031877778370491138 
18 18 18 | 0.12979909199070883 -0.028243221765426638 0.010445130137107808 -0.04007827573282852 -0.0014545719454255506 0.001265611477347281 -0.016327498560309434 -0.006368144006090882 0.0021866960844648727 
19 19 19 | 0.13328103315500317 0.005064496262945382 -0.04803099367288005 0.012151100254694725 0.010602045344086637 -0.010672990367673997 -0.0025205511465458226 -0.005285672948918576 0.009692960886252327 
20 20 20 | 0.12315479881197255 -0.0031844383931722924 0.04575548614631077 -0.019364402042146706 0.0100262564943452 -0.004878891626572116 -0.0014055251114161139 -0.004934565064975624 0.005198326906812219 
21 21 21 | 0.1315369368232523 -0.019012053896384246 -0.03788220942216777 -0.028521613991101428 0.01397257776632265 0.007271061159145881 -0.0012272041684626234 0.0008095890563532504 -0.010608082323729433 
22 22 22 | 0.13249663478247065 0.030781865850114404 -0.007181940752458072 0.03936406598388355 -0.003510647358348845 0.004031174193026742 -0.01643497435398342 -0.0038916802193183424 0.0006902569246281996 
