number of atoms: 27
number of fields: 9
Multipoles
---
0 0 0 | -0.46856273068558796 0.03443097677773501 -0.017565481138602658 0.057741221276405214 0.035679410814371766 0.05500820485661738 -0.02837380072906524 0.053617440639741824 0.05855758361597116 
1 1 1 | 0.4008597228995656 0.0444532298910765 -0.04077088597883131 0.11761172144996712 -0.05155876624564149 0.17220682490328115 0.10360810570078366 0.01257581554811079 -0.08643122380504428 
2 2 2 | -0.3460471643503551 -0.007399699032349063 0.010533799336439097 -0.054177055304024266 0.057334294314534906 0.1522241102277523 -0.0560261154172335 0.1715182404183317 0.042902367705441466 
3 3 3 | -0.29631387734545456 -0.011457847303862395 0.01889585201391315 -0.0074254602730822175 -0.020911926725052373 0.19240811390785512 -0.0006775235367403918 0.04914836886451018 0.0184814146879881 
4 4 4 | -0.14410148905984155 0.019542318840594892 0.0002545177310563451 0.022795324834957158 -0.01955633869857653 0.18530734590043285 -0.02766019427340707 0.0594200241381873 0.011722268862795624 
5 5 5 | -0.1430427408909658 0.011492678604923394 -0.009399496451029462 0.017190449543525423 0.05673457191533701 0.15229110993670117 -0.003953619088040987 0.1669780111996476 0.008846129531735771 
6 6 6 | 0.08574048856727856 -0.015788004488477923 0.02108132595125243 -0.03277883330502649 0.018173335732320606 0.21419946986347352 0.06366451591781613 0.10869128374199664 -0.046271311566906545 
7 7 7 | -0.589383395886717 -0.09316517563314046 0.06314201901499475 -0.013177270374936134 0.04926720164598954 -0.11716122478314102 0.007744638438023558 0.016497585508278467 -0.02252058429246588 
8 8 8 | 0.15578226206858048 0.03594220828875769 -0.02816859929435894 -0.02002833452890118 -0.008704752411668409 0.0001472618027095825 -0.005861261922801392 -0.014727614136295102 0.0036531915968624415 
9 9 9 | 0.4434855749789016 0.01887248982812899 -0.013331541072769706 0.000493490967239384 -0.004404944118901598 -0.007623106671645353 0.005774936111127339 -0.01266936528171528 -0.006862199793359852 
10 10 10 | 0.1708558863072872 -0.015655603674555325 0.013333545293490732 0.045927125849194374 0.0053279767525525904 -0.016238809334712993 0.006710202352767489 0.0020876848270962732 -0.006120560440122888 
11 11 11 | 0.14324057446853744 0.01661914715739244 -0.010976681923831206 -0.049659332309117954 0.0046508435818057225 -0.018915515704240923 0.009474839912329102 0.002699726961738503 -0.008625215881214697 
12 12 12 | 0.14014616322890794 -0.03819968907342447 0.03587628404184405 0.008522460534528839 -0.011263524074786875 -0.001707765091264716 -0.0005656116883365869 -0.01703808022477541 -0.001971932625020054 
13 13 13 | 0.14773427331635158 -0.03928164807841823 0.012064445542058742 0.02096926504634058 -0.008668722417668492 0.009248260802660628 0.009895462207675423 -0.005626512600888612 -0.007385986883142336 
14 14 14 | 0.14683905367003758 -0.005309585357719729 -0.04295551094129523 -0.02155748551262865 0.005075638626757033 -0.00586149621888292 0.001789265351686913 0.006454677915960302 -0.013384978803881724 
15 15 15 | 0.149941818559716 0.0321617403849106 0.03260631301814701 -0.014673266723392251 0.007572812144203081 -0.006143141987213071 0.012271192275096255 -0.004093479618626977 0.005396530602142881 
16 16 16 | -0.13174994884980595 0.038625208532807896 -0.05900740217519673 -0.06179623592897461 0.07062432031775571 0.10128228714381333 0.02095919669895728 0.04182815647757164 -0.03434715388183846 
17 17 17 | -0.43757242717712863 -0.00024686302915052883 -0.009084452042572915 0.08941116418948776 0.05379448455701309 0.01415097271294258 0.006570467711022016 0.12543535649525006 -0.038144876570755056 
18 18 18 | -0.44585897960451604 -0.0339846938039289 0.06555495477056261 -0.042238415066682196 -0.00017224636260825807 0.10699905326229353 -0.02608679248661946 -0.05532867341065228 -0.004290131181447293 
19 19 19 | 0.12341119511090792 0.03418824647956253 0.045059324761719186 0.010793733467748952 -0.0009885683740303874 -0.0049735185065463315 0.009342727814091473 -0.004916699274009742 -0.012358487541872033 
20 20 20 | 0.09130127499270135 -0.047718299121885736 -0.018005671240995398 0.011614172248563523 -0.0161529825209695 -0.003849961272781038 0.021724696180118675 -0.000395447633714139 -0.010937262000522072 
21 21 21 | 0.12690281625486777 0.003920259410097623 -0.0458891455596098 -0.004298383427371198 0.0016111274872487175 -0.0027096739704263197 0.0040946658214014685 -0.015702742432745373 -0.015171568774869238 
22 22 22 | 0.15027476978468624 0.044770427104708785 0.028559014473650522 -0.0005741982930266176 -0.004034164152420869 0.002231958078775063 0.01065891279458675 -0.0013638067174204676 0.0005085361616028841 
23 23 23 | 0.13235205010060025 -0.007374518557938467 0.012534436383636565 0.046484124996000714 0.00540060656427694 -0.0056328316523321965 -0.004860920729530028 0.015490480837157953 0.004475734953768858 
24 24 24 | 0.1314273504461939 -0.03170236002063742 -0.030371603339085385 -0.016990320718084463 0.01076611184686266 -0.013043581709234196 0.003318789306911562 -0.004767019133226679 -0.01251703904316856 
25 25 25 | 0.12684983428121266 -0.04201459822913073 0.02269927064072371 -0.00612693764715913 -0.009677219920775729 0.005650160568845165 -0.009116968244824655 -0.006540776222843707 0.005011553707972686 
26 26 26 | 0.13272630324948997 0.040137185655740884 0.010437235444466087 -0.020836290183221806 -0.014456680287452917 -0.001424364201838619 0.008141861095539691 0.006759788377371633 -0.009447105310186188 
