number of atoms: 18
number of fields: 9
Multipoles
---
0 0 0 | -0.07564467632538285 -0.03259300760651377 0.10748469028442471 -0.14685438080819513 -0.06699762384450071 -0.015482363997169483 0.0784119389661963 -0.08694914197091369 -0.05861777634499674 
1 1 1 | -0.5878827167297462 -0.04821925155138126 -0.1439898749428168 0.0214493161269685 -0.10238658013471125 0.10145692196026256 0.12161069655587171 0.06852613316080942 -0.03464756692936223 
2 2 2 | 0.415879203696245 0.010705318854177904 0.021894590499717453 0.006974783903122072 -0.015607931095648533 0.005392963595496085 0.016025947765548765 -0.004224962412543972 -0.010496117579368051 
3 3 3 | 0.09916334499973689 -0.05970786986543784 -0.013345111779992874 -9.694486666004456e-05 -0.011232454384571221 -0.012366278596897469 0.011635680061698649 -0.0006920794043734334 -0.02069842606923218 
4 4 4 | 0.07588777873198194 0.024235452701945843 0.03069329291475269 0.050058854791143644 -0.011620741404567073 0.000706194968361058 -0.0008051905324178373 0.011198509168763346 -0.01670801610827728 
5 5 5 | 0.08647846872622156 0.03435945003811755 -0.035621905330201986 -0.03756930041752411 -0.012672902541091002 0.007019644733091985 -0.0022213965347543645 -0.014120508547471157 -0.02155001262724573 
6 6 6 | -0.4943191129010529 0.050584745523590706 0.013278403534754426 -0.035316032900319254 -0.0830288147784185 -0.012529814577457467 0.058788569426218275 -0.020646623968636396 0.0008115618211019835 
7 7 7 | -0.22658459639659512 0.13565314533250225 -0.023257301478812723 -0.0806402105721274 -0.07191626610369596 -0.0591927813383233 -0.08199362114028616 0.008441973386299133 -0.06251086698382094 
8 8 8 | 0.3035368427791978 -0.0849185264550284 -0.027464147102464007 -0.07972993802332735 -0.12795823516982963 -0.058213642925451115 -0.0003136967186586757 0.08920354461575863 -0.04439513161022245 
9 9 9 | 0.19766489534509013 -0.05159298730499909 0.008098528944888385 0.08397986683005806 -0.07450265994127075 -0.011920701735870077 0.05703656686456171 0.07045072764397572 -0.020691702171644535 
10 10 10 | -0.35341234319091797 -0.07200684641301955 -0.0024239777246072075 0.05886633521687488 -0.05187342443569314 -0.02655279604683795 0.0012089896479594879 0.04901597003139079 -0.030656235137382852 
11 11 11 | -0.5581764756116518 0.0586029045838935 0.024512425619533033 0.10058954441753959 -0.10968156882214818 -0.12827116573774683 -0.2516091850814502 0.21774077932921398 -0.13506890409199362 
12 12 12 | 0.1780963790181911 0.005718408281746583 0.011479586992852365 0.05884357301624793 0.017341481286228574 0.003066984068850134 -0.014412036584388478 -0.01238351991421406 -0.001488912390764769 
13 13 13 | 0.35413852585442374 0.0380366296951601 0.0021498002033011263 0.002231580412753176 -0.0018087274014314955 0.0008759141964398897 -0.0051269400302539105 -0.021842070481377707 0.007421765725844609 
14 14 14 | 0.1627691762128196 -0.012473542214466962 -0.0374909121258349 -0.02782595156923258 -0.00019233529256107806 -0.012816783786672926 -0.010804013380853792 -0.0072654858914947915 -0.0028385191017382943 
15 15 15 | 0.1555411115582691 -0.023280324433175202 0.03763182723246597 -0.015750261459381104 -0.002033528902383277 0.01214496105000139 -0.005965284854583313 -0.00833319333468718 -0.003996037713794884 
16 16 16 | 0.1180881198510042 0.015289829140512235 -0.01443681774965789 -0.07431392155491519 0.02166673043620021 0.011134598079657427 0.011492244803858446 -0.0248050067045927 0.012228347340427655 
17 17 17 | 0.14693323992409613 0.010931693417200164 -0.007668372893507933 0.04494653956920447 0.014716556536696328 0.0028794588169739977 -0.004295094893136845 0.008704137830362392 -0.0013715701917899703 
