-4.495052424526968	0.504508084909746
-4.794006424699159	0.5222182510183166
-4.791986968413091	0.5218673267749172
-0.8731079274374108	0.3774965973593223
-0.8889774933513808	0.381102105539514
-0.8591832060687812	0.3831290433431137
-0.8688860354007245	0.38473044280939955
-0.8741096670315708	0.3884445265283608
-0.8778452356011068	0.38887015407595615
-0.8685686512575888	0.3867598331352758
-0.8722320418006292	0.38747130726454726
-4.8376852338769405	0.5201869307400687
-4.211569679327122	0.49119647660936505
-4.5589454155949625	0.5098752740227701
-4.5673110536865185	0.5107775997188303
-4.487878808895829	0.5088820431059048
-4.486318089785829	0.5091485643883173
-4.50823223310206	0.5093148032994239
-0.8498922776875661	0.3819645488256598
-0.8538722871952916	0.3827559058557914
-0.8580055448083614	0.3788906567128104
-0.853440615106134	0.37737988629305397
-0.8623829048964965	0.3789574815131597
-0.8604403719339963	0.37794336516162325
-0.860452724019409	0.3794233560804947
-0.8446982538558462	0.3829457816883505
