-4.822132652094565	0.5211782789773933
-4.792713986056022	0.5192141024326391
-7.291344711375318	0.5883062834655611
-0.835034174889041	0.3779453469777571
-0.8104966433644949	0.3719309181903027
-0.8376861901115888	0.37742712101535775
-0.8228065174315421	0.37417710461465975
-0.834202123958785	0.37806076241095904
-0.8428445842947734	0.3805471628714996
-4.754614023891215	0.5175589509763325
-4.735366356335401	0.5180899074694159
-0.8438891948420947	0.3743002300060281
-0.8772510668443441	0.3859831256619083
-0.8795369560889624	0.38664576014256186
-0.876150419185924	0.3856756064835257
-0.8704096987864423	0.3861650253439413
-0.8719214701061615	0.38642345109845827
