number of atoms: 17
number of fields: 9
Multipoles
---
0 0 0 | -0.675782692477898 -0.03286746597922226 0.021115843776925873 -0.03894952713703997 -0.07570621497839491 -0.013944666380011206 0.0016056929105236276 -0.015079236291328605 0.07071147466466073 
1 1 1 | 0.9052138528585925 0.0028815925819164426 -0.0687993339145183 0.024366577441767824 -0.09904508940121537 0.006692688654068728 -0.006565281744674308 -0.0673975181842439 0.20579048178626513 
2 2 2 | -0.749795962864539 -0.014810333305183998 -0.06181422000554793 -0.0337599735506449 -0.021866872901093622 0.0387918700158996 -0.0541941348894231 -0.03641442620432819 0.16518324728876596 
3 3 3 | -0.9013704042478148 0.026634557592746983 -0.024509824831136926 -0.0014580538770747034 -0.008119859722304286 0.027532613181475256 -0.013119553072169856 0.013774871811163988 0.03602191675516931 
4 4 4 | 0.19789840784877322 0.021828059547535646 -0.003015045896642762 -0.04017023277576949 -0.0016719388578696817 -0.007301606449371371 0.006558253367966802 0.0037326640153343403 -0.0005390138979791718 
5 5 5 | 0.19639614684505657 0.007676725558712027 0.038698772996390636 0.02414242531732635 -7.475872125385793e-05 -0.0032695146049175386 0.0045969528434715795 -0.004067150227636898 -0.005628713104445707 
6 6 6 | 0.4340389073027041 0.005324108313659804 -0.022237224874496496 0.012932477452363906 0.012891177093090733 0.0038140262618866047 -0.0014003555343037842 0.0020972565447250242 -0.002160049126965172 
7 7 7 | 0.4264450334832556 0.014593401994437276 0.02069259044842313 -0.012764738384647808 0.006991543984013371 -0.008150787913684522 0.005783095621055068 0.005049754244426852 -0.010240122947110951 
8 8 8 | 0.20323152162672176 -0.04048064572882321 0.0006672074217194945 -0.016377163128379307 -0.012890647514391273 -0.0017451522853382743 0.0007695647433132905 0.0011627425898027594 -0.004237094268004877 
9 9 9 | -0.22389162177462563 0.08150198079687088 -0.045501427633284575 -0.10748521086225489 0.00754725564251795 -0.06919468014955447 -0.1271097434781763 -0.09246591138574808 0.07262052195514115 
10 10 10 | -0.5876810387150666 -0.06409191823266765 0.07096294444057775 0.10263415577289046 -0.027267325028359057 0.009207987679035808 0.05576907777192647 0.0495050716087478 -0.018555446544081484 
11 11 11 | 0.4400140983079246 0.03321011355939663 0.009308091331877618 0.0032867742265998744 -0.00961345875636794 -0.0028046137632661843 -0.00014926033835689333 -0.002668382712116258 0.005366664458137206 
12 12 12 | 0.41548935148152755 -0.00637577817055336 -0.035339472081817314 0.006270013594992113 0.0006991918558779982 -0.0007000832657577584 -0.003856911382344606 -0.003655145904218198 -6.58803188612297e-05 
13 13 13 | 0.42156684811313494 -0.015457903905329085 0.014812959079742012 -0.029354731586402845 0.0014010766965891377 -0.004670955743912243 0.00056638565949325 0.004202667556227223 0.00457128118933512 
14 14 14 | 0.16101865817409622 0.007880211076669558 -0.02790606837915738 0.05863288106771797 -0.004635702816002149 -0.014820299063216564 -0.015154536942974327 -0.008267034638952064 0.007810156994985635 
15 15 15 | 0.15802804107320412 -0.06457616320074136 -0.004725461986653028 -0.006697259802387114 0.0014941076616605143 -0.005742001826163692 -0.012091192007278586 -0.010338093200391592 0.017367377244717496 
16 16 16 | 0.17755245509184714 0.0014409064996605762 0.06462717181304024 0.023216965521184026 -0.005163038223360817 -0.003982547635209332 -0.01963105458806803 -0.002961117567577063 0.01253028811656178 
