-4.495819233634016	0.5045099179887449
-4.801753293008081	0.5226138336662266
-4.790993260436	0.5214221280278402
-0.9020887838318297	0.3852053365823856
-0.8702821891157496	0.37572870406718567
-0.8680347355994283	0.3846423448995095
-0.8700239255821092	0.3842508617128869
-0.8642325090231269	0.38593252663484934
-0.8667529672261406	0.386685762256696
-0.8678361616134841	0.38678867741197476
-0.8689540297811407	0.38669565550242485
-4.82558528221815	0.5204037494425395
-3.95305761783124	0.48492936258998254
-4.7071470176712085	0.518116097174451
-4.6485045259325055	0.512406213545114
-4.489737058618604	0.5063808017487778
-4.504336887616747	0.5073577835626844
-4.277275786369953	0.4947850221298281
-6.970605861775387	0.3978539806846484
-0.8455090092429028	0.37918410120423485
-0.5544955539961876	0.3464987938992432
-0.8297446934955097	0.3742573890500609
-0.860623403031663	0.3778740180214679
-0.8575822187818675	0.37841009491328004
-0.8533895974052352	0.38250667734519306
-0.8549984445490086	0.38265086477915716
-0.8485974291628922	0.3834697349469563
