number of atoms: 23
number of fields: 9
Multipoles
---
0 0 0 | -0.3786411096213662 0.06082666015478076 0.06908172179469932 0.029954874152767735 -0.02607765527919432 -0.060740736650919176 -0.05958556814911193 -0.025085161747407103 -0.07001980512357009 
1 1 1 | -0.3861637153548214 -0.0667421735415814 -0.06753612272037801 -0.035566390147413765 -0.01725237301556153 -0.10164929075268456 -0.037591513779491915 -0.052435952451309054 -0.03739043646618001 
2 2 2 | 0.12072161641102608 0.0038385778404273095 0.012142325561031935 -0.04834896094530932 0.00610128220975434 0.010596250248350113 -0.005526111711726672 0.013288215060705474 -0.0027794681648329778 
3 3 3 | 0.1388586890163368 0.023792178561898483 -0.04043971059391091 0.02178808768713318 0.006759757067524351 0.011857526805557522 0.004394614368493505 -0.003531632823759311 -0.0007760566879784522 
4 4 4 | 0.12918427797490784 -0.03654576796698262 0.01537654024079305 0.030350884112853183 -0.0123480811912954 0.009471516230813814 0.0058304663394487645 0.00606301061805014 0.005422184779165499 
5 5 5 | 0.12069351099290349 -0.007794057520826568 -0.013879015973875843 0.04697267673690527 0.008087841002188208 0.00738825899995493 -0.004948163803450753 0.014974696554930365 -0.001641805457586087 
6 6 6 | 0.12799005674903352 -0.028804714019708823 0.03765024820298417 -0.01828371073672818 0.011111904178746966 0.008275396737726069 0.0057909552544839074 -0.008753339120443134 0.006989013265076111 
7 7 7 | 0.1255251580997162 0.03875669040381767 -0.02281447533396767 -0.023033869151399718 -0.012489639320438386 0.005744367452541262 0.009213187181662663 0.005386718389038276 0.007133487789408266 
8 8 8 | -0.4773977750445635 0.05632418792345363 -0.006772988012570095 -0.03118787527330518 -0.08276419449088537 0.01585832588801003 0.05184379203093233 -0.024786598914489352 -0.04579390343304752 
9 9 9 | -0.16785708665188537 -0.030225796616715716 0.0007408176491536061 0.014011530719378617 0.00028073640718531033 -0.06507683359636623 0.020751184849924515 -0.10613271952116005 -0.19159619423658394 
10 10 10 | -0.11239412917678937 -0.02090375048349092 -0.018701123208264683 -0.012348667401586756 -0.10468994514239398 0.05140933442642093 0.11801038759133214 -0.04615018388611704 -0.17736248245382955 
11 11 11 | -0.1253092700884162 -0.012102654319025125 0.02445540244753182 0.019253451171086837 -0.155821155260337 -0.1018020288801393 0.06640385060334404 -0.07289787780042109 -0.09316078885641209 
12 12 12 | -0.20875636661309915 0.0068214996167552285 -0.008251403417859151 -0.010705879771424036 -0.12714387270718835 -0.12063931631620825 0.04408792252619936 -0.07089766639149626 -0.111720431676106 
13 13 13 | -0.2014713058904265 0.016812754571807927 0.007590616930793309 -0.0037900296284815813 -0.07175056159701333 0.029086923290128207 0.12924254195884416 -0.06976750010580367 -0.16272642536754414 
14 14 14 | 0.15035726158322138 -0.03439926675883586 0.0033201149015944895 0.010757238566111006 -0.03920359947961342 -0.06982528370136838 0.06007706470994067 -0.12379990069388176 -0.20965961293193908 
15 15 15 | 0.13790248584795461 0.052049370888214166 -0.0035983932634182504 -0.016708189088978753 -0.005342824894998684 0.00676084338601503 0.00020123172072190743 0.010525450721994751 0.014896158585134288 
16 16 16 | 0.1328532687450259 0.03625769579565492 0.040419157839114914 0.011595895662765112 0.0058664728607870364 -0.009448273205989979 -0.01198577418739016 -0.0001272368630242757 0.008690897842907613 
17 17 17 | 0.13567495877735714 0.01699258871933811 -0.04387803055958446 -0.02974322833154272 0.01510247582436739 0.011072711781003247 -0.002964632903017186 0.0038519670875148525 0.0025697901710361394 
18 18 18 | 0.1437399417568338 -0.014564542258114682 0.040629028199511426 0.028348519014771183 0.01668793939404565 0.013391857309213783 -0.000748177947337081 0.004076684984680822 0.0016214603963110516 
19 19 19 | 0.14032797897883986 -0.03138602986973498 -0.03864510649756474 -0.014198158741364979 0.0027364737250656617 -0.013039961958526525 -0.010722027715784437 0.0021831467511792928 0.012000534070965208 
20 20 20 | 0.14855607862484965 0.014823872392038985 0.007648969382496299 0.04554794710504993 0.012686432069246837 0.003221990006027736 0.005172723116137011 0.0064925980754401424 -0.008517746474774377 
21 21 21 | 0.14871265565374991 -0.011891621869055562 -0.044413862629784064 -0.004360747462469166 0.006146875299587484 -0.012864018267520271 -0.006685171053839047 -0.009225634962477868 -0.004442891085348657 
22 22 22 | 0.15482721029838142 -0.019290244507318716 0.03464851909980511 -0.027603739922552804 0.002743450861201411 0.010869687900856068 -0.010299741690758 -0.0037097840113413712 5.191332325577839e-05 
