-4.822266879602561	0.5198535667167251
-4.509024669704045	0.5075335785455805
-4.27699078513631	0.4946286439661953
-4.642780624414506	0.5110710988059807
-4.488720064778322	0.5065478327425499
-3.9539716662662165	0.48452908680679696
-4.699703510861462	0.5178703681248469
-6.970204062679526	0.39808012385773756
-0.8593722778814965	0.378658234377259
-0.8320701846802944	0.3736637633529474
-0.8538017859311945	0.3821849520591223
-0.8559711458840592	0.3827884302384727
-0.8619040415497423	0.3789789542671465
-0.8461626272273366	0.3792813209749174
-0.5573845293328893	0.347703786079135
-0.8503701789255466	0.3838717875805923
-4.488599821803783	0.505302893748778
-4.79318795641933	0.5212702648819035
-4.790788760909712	0.5199814924451909
-0.9046841989499725	0.3854275520323581
-0.8919673254262669	0.38249746393725076
-0.8712415110187095	0.3847606278721804
-0.8670536270435181	0.3840479819166863
-0.8700619574115974	0.3850248710244289
-0.8651546389305698	0.38396338702666105
-0.8650472137455509	0.3857448473969528
-0.8634090781147876	0.38546210016423677
