-4.836185210329709	0.5203235285156869
-4.478078721923155	0.5059760892257356
-4.564374815918375	0.5091911035914036
-4.493328883858115	0.5066656634530654
-4.21581279683632	0.4907412897985318
-4.481702967010347	0.5064625328964046
-4.5541036195331515	0.508239463134345
-0.8693840731851975	0.38059717462547804
-0.8577351717499933	0.3789039336191814
-0.8703983037246824	0.38081005400872964
-0.8610078542089292	0.37885644383280814
-0.8567416233073404	0.3833175916196819
-0.8572452220304898	0.3832923506111919
-0.8599267573125914	0.37941419622394845
-0.8470333205899454	0.38376893805301676
-4.803048597019685	0.5193461894217906
-4.793885193018988	0.5203309117047691
-7.287212860469076	0.5885236717875455
-0.8365238713320529	0.3773895156049456
-0.8133798060846218	0.37205427487053094
-0.8438574654242021	0.3795169898985144
-0.8194529770799782	0.37285568118538387
-0.8412831055829503	0.37913907550699616
-0.8449681436370181	0.3813533754397173
