number of atoms: 18
number of fields: 9
Multipoles
---
0 0 0 | -0.12564799131980742 0.06877917134787777 0.02862384526062715 0.028829932082644956 -0.012758411404054537 -0.031156960307315545 0.00191013477044782 -0.01517490164824208 0.020498940117881424 
1 1 1 | -0.46223812694566835 -0.04918653838358387 -0.0738710851555917 0.03979735640758189 -0.013514207710137517 -0.10896495587146826 0.0111445187774546 -0.07882254451057367 0.060056495678128874 
2 2 2 | -0.45116528031749503 -0.05359107286315491 0.06330024772865242 -0.045241770969184074 -0.03864016428744033 0.09751090564431251 -0.09523893014683395 -0.004983480743701604 0.09052596437449047 
3 3 3 | 0.1066009544671862 -0.037558717973424 0.018977526203472827 0.02583314359813885 -0.00512662106189083 0.005447527961584806 0.019946970213266666 0.011602979613046549 -0.01695699618864259 
4 4 4 | 0.1724292198507852 -0.012797419912184992 -0.027493445771867752 -0.049756226982758375 0.0010110754915197593 -0.0043437788573440494 -0.000925731314275898 0.008565948276205581 -0.012823361361790115 
5 5 5 | 0.11553261556311545 0.023015199258574065 -0.03098060197010009 -0.022987637073766456 -0.0205568437205144 0.012241183580795423 0.014138410947145847 0.006789556284396636 -0.004477575686274666 
6 6 6 | 0.11799098842888178 0.023813726621610385 -0.0019695809704019687 -0.039154326558907174 -0.01637379234076167 0.005925485635500009 0.01749533384451418 -0.0003732251873757235 -0.008607269119002201 
7 7 7 | 0.10393138750733133 0.009402038112035938 0.031955073223418264 0.028507456316489113 -0.00019764463666313684 -0.013135657884405252 -0.014045424706435473 0.014602890506203012 -0.013849585616480847 
8 8 8 | 0.10818424059526777 0.006897993137780143 0.009614280067425133 0.04331269032201297 0.0008359771676675306 -0.0053790137119154495 -0.01698541304122594 0.002505021228623456 -0.020405970560621416 
9 9 9 | 0.1603044360474284 -0.038101290436373184 0.01144384268144875 -0.03309357209645623 0.00565951446772984 0.013081247508467984 -0.006750026529991406 -0.0010371071255975855 0.00924054803392929 
10 10 10 | 0.13194141165750906 -0.034659718254304694 -0.03246105773064689 0.006396596172682692 0.008659007940165584 -0.011412280861283238 0.008108348676944694 -0.0074260605525061215 0.0072618021470791765 
11 11 11 | -0.771097593213911 -0.0035530672587430227 0.019690028378990487 -0.02370071221983523 0.06214615948025909 0.03679830814091699 0.2368801774467644 0.046205083218349534 0.09889693334466784 
12 12 12 | 0.9853390133071844 0.032970065682579056 0.011906870684460735 -0.04583731571233105 0.0662953451389811 0.08594145106160472 0.14233031157714054 -0.0028317447657117195 0.07777582085986215 
13 13 13 | -0.8364270691989564 0.016131453975849405 0.03326226214740197 -0.04035621305641233 0.02297453273560717 0.09578054422048327 0.13356559075034546 0.002655167425404166 0.018472329293349923 
14 14 14 | -0.8382049186812548 0.049596573867943444 -0.008012729010380169 -0.018431487501176926 0.1110518232561409 0.02911101279282759 0.13452592692236526 -0.015573875524695899 0.07129987663697944 
15 15 15 | 0.15970788540958258 0.028514824705725084 0.00582832451175766 0.020878215147988734 0.009568050392875236 -0.003856822953941412 -0.014824505298474809 0.01955206550423399 -0.0020496647659085884 
16 16 16 | 0.16251646440411038 -6.548017792906454e-05 -0.03498889008391397 -0.015418790131131406 0.009520354556858157 -0.01247847890853227 0.004899638313106788 -0.019077045201394655 0.007832413981624995 
17 17 17 | 0.15867599269756005 -0.02402352716354936 0.02460647977368204 -0.006835040255694066 -0.01373541833201593 0.02038069483630758 0.010465932479626225 -0.004350010394755023 -0.0044768980602518365 
