number of atoms: 16
number of fields: 9
Multipoles
---
0 0 0 | -0.7594676278847237 -0.011852590834088171 -0.015675788539651785 0.0007869422441692901 -0.09602918320241002 -0.01151611118717425 -0.12877646328845266 0.030426794665547804 -0.1604945946723202 
1 1 1 | 0.957956255839215 -0.04523517876565971 -0.005359077117901215 -0.03192454341355763 -0.08483405944660295 0.050085057438702923 -0.061852561160266405 0.027565198315052067 -0.15147685541051345 
2 2 2 | -0.7978925579474296 -0.03307130124709895 -0.04588574032153728 -0.05377815668120239 -0.061028236571258825 0.14157640251130815 -0.01618713724413106 0.04159557563545807 -0.041667279453909065 
3 3 3 | -0.8103552496473743 -0.04291673073567727 0.0392969441347711 -0.020940880569330578 0.06518730483498264 0.07281264649937062 0.001290611560210527 0.02228157311617077 -0.08937826813827844 
4 4 4 | 0.16611186063131245 -0.025736626109036702 0.00702721842227479 0.027248358540155237 0.009716580358273275 0.0023160375142039346 0.005830893012476186 0.014521116659455992 -0.015372898688151589 
5 5 5 | 0.1701013174139573 0.006127924400176144 0.0273582793050779 -0.02542987984193807 -0.002491076478355584 -0.0213277810531109 0.006121575248709011 -0.012525151576339037 0.005090089355214244 
6 6 6 | 0.16449947819082256 0.01550462690327349 -0.033808505759576925 -0.002154035481526083 -0.010369065842417651 0.019149425783030197 -0.005691375070175249 -0.007525653138104932 0.002105882497155092 
7 7 7 | 0.18645455944912293 -0.06080980345449625 0.1426626994491066 -0.08645170682305836 0.11332865896877531 -0.01081781407009798 -0.04674603281661568 0.10176780568161987 0.010593492993492697 
8 8 8 | -0.5528879755394991 0.00872265972230298 0.0550063105777784 0.054933769196169345 0.07762267131514491 -0.03945954323513533 -0.023076916039161295 0.13106277464952829 -0.03684596332329016 
9 9 9 | -0.7303996242695625 -0.035153854524577206 -0.11069874874992312 -0.05102811427727478 -0.0490696366028369 0.11679581771534994 0.012641686899335642 0.18407981233939094 0.02778212098157162 
10 10 10 | 0.016398665763508236 -0.053571683890243214 -0.014876151761397829 0.02028278472352343 -0.008009117591840366 -0.021014921924505825 0.017054259346334356 0.01672646654494925 0.033274503143881154 
11 11 11 | 0.05561367747257584 0.0689437037660176 0.007167991599129093 0.0037925868948640944 -0.014526581348454318 0.006407149950764571 -0.010522646228019924 0.011340890914129318 0.022678291100967345 
12 12 12 | 0.11019319306402986 0.006894172675570177 -0.03604168983972294 0.01687174283454235 0.010310952175801058 -0.0008142647385173378 0.0022893077262920187 -0.025315182301515457 0.00017454915267143907 
13 13 13 | 0.5161099387627872 0.012631911035138312 0.010543848272179262 0.0007717876635686196 0.0005471474320023843 -0.012884589989794483 0.0015662719447746972 0.00961516083746069 0.002085635805853905 
14 14 14 | 0.1703779745595816 0.03817563297211599 0.0246856478552048 -0.013847205093305642 -2.2764664639479877e-05 -0.003634781308505501 0.01539419014270943 0.005674591920055102 0.007844806193802505 
15 15 15 | 0.13570508996489217 -0.03637405229670599 0.021870973787269564 -0.0031667607942818983 -0.01524068325411842 0.002777102822611468 -0.02002324711332961 -0.0013772959520983118 0.008344550851801014 
