number of atoms: 19
number of fields: 9
Multipoles
---
0 0 0 | -0.37329040350712006 -0.05331186952621754 -0.03590920841575545 -0.07005222619224445 -0.009617572476569556 -0.03199857646218335 -0.0832264064077004 0.030936708686546986 -0.039499003694543 
1 1 1 | -0.38117228004867076 0.05575701578844675 0.02052023687163562 0.08112188476997954 0.002011592772979996 -0.04556253131682772 -0.09312046134206504 0.0491813278411431 -0.05298241833038181 
2 2 2 | 0.12232665829966916 0.031026172329793034 -0.038783764940529715 -0.00277903033946451 -0.008376946245434187 0.011238306650470601 0.0016479243897821875 -0.004949948319752074 0.01384916527197764 
3 3 3 | 0.1269191600729931 0.014387028059514561 0.04181571682211424 -0.024315580712472508 -0.0018338347677621144 -0.005555001145094614 0.008693497872078834 -0.01418321786334342 0.0017406853806811004 
4 4 4 | 0.13420505301224261 -0.0361326459844233 0.00197990260934776 0.035155299097151996 0.0057018186694699925 0.006725927745018564 0.017089836750422797 -0.0026874111696177285 0.0040922320204365105 
5 5 5 | 0.12566829280876846 0.040517598911525704 -0.004653849886730835 -0.02912413833021098 0.008431777488696416 0.007245853328032393 0.014630973774033934 0.005464959282501957 -0.0025217143668866664 
6 6 6 | 0.12390212986140059 -0.020702169763271442 0.04630027309188566 -0.0007743503782344904 -0.006668217819670976 0.013255075303297033 -0.0015698132610240396 -0.00287402796665271 0.012635703156088552 
7 7 7 | 0.12692041652985098 -0.022974076598754903 -0.039177801612046995 0.02066081218617475 -0.002343568378300486 -0.006441615088921125 0.009510299791811092 -0.013207152891844697 0.0028876138045960177 
8 8 8 | -0.15755700299263697 0.0659659387914848 0.03845459947466651 0.01224577670308732 -0.07983498997154526 -0.11450908100671064 -0.07010525121859378 -0.011253073363699259 0.04134967034897875 
9 9 9 | -0.4455367819017093 -0.018761158125286913 -0.06461290319269358 0.037158721201913034 0.01678163899328698 -0.07519360796673755 0.012054823416526177 -0.034686402287970416 0.06699177268130127 
10 10 10 | -0.4328093808832776 -0.05433371036487085 0.004794997607622809 -0.05586519676244681 -0.038173055108160374 -0.006839778882201191 -0.0971124665587232 0.03257262522835743 0.025312851216893473 
11 11 11 | 0.10889847587678181 0.01015220397195713 -0.04096588778446327 -0.0329529649377718 0.00015930808886064867 -0.006331950995556353 0.0012370858138281069 -0.006398986139049961 -0.018642492437135783 
12 12 12 | 0.10587054194630752 -0.035084037623749044 0.024990703036584183 0.02992611668912217 -0.020398475367339373 0.0012712027751032476 0.012802105848825343 0.0010809776392004646 -0.008493884344763369 
13 13 13 | 0.14170395976879524 0.02824815290315661 -0.025018560101450066 -0.028024270599544515 -0.007455528937717331 0.0032931867095286043 0.00869636407367567 0.010115805704164005 -0.007657039226417132 
14 14 14 | 0.1342318453642226 -0.04609409187993913 0.011255472945466907 -0.01324538946043446 0.00023361221749421061 0.010197088713216717 -0.009153279921792127 9.55479412233695e-05 0.0042473710206044485 
15 15 15 | 0.1382778981288445 0.027506166140949775 -0.024537768590347786 -0.030889468568958384 -0.01053413010007196 0.007943844680247978 0.01160418867276526 -0.008016781610630495 -0.0013943549723857676 
16 16 16 | 0.12924997575953534 -0.029537677764268837 -0.023001725653345254 0.03137566635489275 0.011380215104364067 0.0008436371435266152 0.007971333694661702 0.004213153001684312 0.010764674745906465 
17 17 17 | 0.13614220002429966 0.016607316606713957 0.008412596290052027 0.043885543195276176 0.0016775432089071614 -0.008319511656337606 -0.014574654139576117 -0.0036998889049774135 -0.013268244304803839 
18 18 18 | 0.13420331610084002 -0.002125582586951484 0.04806005219084849 -0.0037158164436303315 0.008868631510828806 -0.015945349694872248 -0.0005201063454823989 -0.008999015045341206 -0.007463598461485948 
