-4.827946180245964	0.521936919387195
-4.5126370334772385	0.507956353993921
-4.272122365370642	0.49424086310429866
-4.63553629378035	0.5103169451114821
-4.504317807599408	0.5093401848381801
-3.941726097323305	0.48398513085531325
-4.712153321453361	0.520089472894962
-6.958130616096934	0.39822135883825
-0.8430063673777691	0.3759152131248141
-0.7963783589730089	0.3681937740604085
-0.8643345130081671	0.38541243940263686
-0.8473890626376485	0.3808999596800776
-0.8770853217643706	0.3836860600225453
-0.8590471358491122	0.3825980591059939
-0.5754395661783983	0.35969785220221806
-0.861404896974865	0.3866989956512002
-4.77141627180349	0.5205003338835446
-4.7534458789832765	0.5265577456054666
-3.428410873311709	0.47205321307627235
-7.147840924142048	0.4143566492023444
-7.178792960236175	0.41767692771312226
-0.8904821683252399	0.39238856794089283
-0.8497944032716598	0.37518944475724214
-0.8528325448315667	0.3881616297453437
-0.8907074300198244	0.39275168217424056
-0.9185352199717385	0.4001019611800342
