number of atoms: 19
number of fields: 9
Multipoles
---
0 0 0 | -0.3864060162956564 2.967984565192442e-05 0.050279449719485364 0.09056957614404097 0.06361565494486708 -0.00601498725478185 -0.008704331143342159 0.08256588840603253 -0.1038427872765639 
1 1 1 | -0.3869174145989893 -0.012331151850633042 -0.04873167922834679 -0.08678931116134707 0.05677886998780169 0.002654154562987577 -0.0019346890735138433 0.06234056844091282 -0.09129253241344021 
2 2 2 | 0.13399725711848465 -0.04723988608102109 -0.017046904393374328 0.008580746687044899 -0.013115998610656711 -0.004654321747490859 -0.006331096436954359 -0.0025580076578762398 0.006187475670742763 
3 3 3 | 0.1289789607942473 0.007747389327198538 0.04146203008115051 -0.027322770077524722 0.002307935309599804 0.001030874266706099 0.0031228475380581117 0.0050610129582917265 0.01569482586974262 
4 4 4 | 0.12922818729843255 0.04205101339779615 -0.02667385425086335 0.01636378480345863 -0.004720824374750253 0.008386199656998659 0.007350143462402052 -0.007125579727093885 -0.0009090352999036731 
5 5 5 | 0.1255937846442221 0.04789326364912191 0.011269246740562629 -0.009410049958388933 -0.012596007366211316 -0.008661475986007574 -0.00931888071976878 -0.006772569786982396 0.0030169523937697553 
6 6 6 | 0.13137441212764767 -0.009375865302685225 -0.04261039834654567 0.02654831490371189 -0.0007560012113016578 -0.00020820393955232983 0.005013974355297773 0.005922340642909156 0.016361120597354933 
7 7 7 | 0.127891236991988 -0.031192103458058083 0.03703814861356241 -0.016524466436813354 -0.004625229652914654 0.01070039646739091 0.008086599571944726 -0.012570529962426831 -0.0007483060206919475 
8 8 8 | -0.15818238904339577 -0.032309684899651456 -0.05684228352738958 0.025083177047943557 -0.009125234681821505 -0.06907847411400948 0.03871796365057308 -0.0880540681600783 0.09686404124624579 
9 9 9 | -0.44680994806697516 0.07136158643144883 0.017422537681240285 -0.01784150744336217 -0.08386653196900427 -0.02904139608301688 0.031270473240207604 -0.02482615100721042 0.002500075324464227 
10 10 10 | -0.4459500697841987 -0.004705929654834536 0.07304776934935737 -0.024718964200968006 0.0069033284197830514 0.05743823424918642 -0.009171189047556772 -0.0869873504250694 0.059470148846665134 
11 11 11 | 0.12080593500303527 0.009325105436242726 0.033383397924618356 0.04154058654661726 0.004692092896332493 -0.011222115483599074 -0.0020066975626395946 0.002433781279183234 -0.010227009491550155 
12 12 12 | 0.1045259207182283 -0.002984152410819462 -0.00786971449817394 -0.05237388590833884 0.013307108740003354 -0.013481251084484171 0.01118808693667245 0.012711288236254134 0.007685073138426819 
13 13 13 | 0.13077954808824688 -0.010643167844083043 0.04595907960894822 0.006511226607570522 0.0033933902089141104 0.015458231279291634 -0.00016474775181933793 -0.004671528881970434 -0.005852429235094812 
14 14 14 | 0.1378588867641859 -0.006305789650520321 -0.020371225722123614 -0.042133545230908225 0.009465315328964838 -0.004370379141645794 -0.013969501724622562 -0.0008418142151604146 -0.0066549770831727285 
15 15 15 | 0.14292640182042649 0.043509044016153804 0.011418023804359682 0.012085026373445308 -0.013498824637445884 0.0025256020668885616 0.00018167418823199178 0.00510452229510319 -0.003928686203496463 
16 16 16 | 0.15095846770586585 -0.028782377793964746 -0.010839153280562008 -0.03834472465953677 0.009067405839242523 -0.006534006268238606 0.004532467588458022 -0.007445429070838424 -0.015130988104848165 
17 17 17 | 0.13409454968894274 0.020234263329179162 -0.026488997868017988 0.03414362374485759 0.01114501198724719 0.0003269887648382212 0.006961073455858732 0.002844638207177854 0.016594038941379875 
18 18 18 | 0.12361874027920539 -0.03431123853810129 0.009397678287686655 0.03136726799367824 0.0007347781801999386 -0.011096353893996536 0.00943442928387035 0.014510453511176432 0.013054818893984925 
