number of atoms: 15
number of fields: 9
Multipoles
---
0 0 0 | -0.232132819006992 -0.038017835962262915 0.1329439778675647 0.0333140919960627 -0.05874319589183021 -0.06072167602800685 -0.02705773588329582 0.18802724465795165 0.07134472786324823 
1 1 1 | -0.590040879578444 0.01900889085795784 -0.14478206475388186 -0.029174863185258786 0.020736625769223388 0.013151253407812112 0.09370185857231796 -0.020526663820925474 -0.003071283805259157 
2 2 2 | 0.4359732040308716 -0.02394043171042375 -0.008468461135893734 0.017319711531164468 -0.006057599250957419 0.0019925604814619424 0.013013201152975731 0.010971536868441276 0.003560787213904341 
3 3 3 | 0.39771043499013325 0.02966856054367396 0.007893392827937735 0.018924560153423496 -0.001563965832248768 -0.006782793450818732 0.0006748214623991885 0.0028806445675259446 -0.0009687259653496996 
4 4 4 | 0.38827058453601726 -0.013847807216134725 0.010824792053309667 -0.03158849246184085 -0.0005023287771497619 9.639512887459034e-05 0.0016211004778252565 0.0019818374269605843 0.007180540542744221 
5 5 5 | 0.18450373116454877 0.0030430009528054055 -0.03403228723929559 0.054235885810555 -0.012819647893377842 -0.003565836901194222 0.005304916824405303 0.01870916390310466 0.004395303937920431 
6 6 6 | 0.1266319761140695 0.05158345181960534 -0.014163344556055644 -0.03289195673661321 -0.010175885542137959 -0.003816240025082556 -0.005036155660391861 0.02391834769924495 0.007711842254169002 
7 7 7 | 0.17395728455952508 -0.05010559559079463 -0.03246194772866504 -0.022255234254477972 -0.004920711796910014 -0.008194707459632772 0.0017327130235852673 0.020812337071891927 0.006954592392975887 
8 8 8 | -0.7287380559049854 0.02155337086746098 -0.008925720115971184 -0.0020385521490744437 -0.0631369423269735 0.037937422536250084 -0.08900995949775374 0.10183811711652568 0.01790444192802776 
9 9 9 | 0.9422956267803393 -0.0378775187866467 -0.02669401322591261 -0.05608742168809665 -0.0992494805453278 0.06802179139838561 -0.04401318971242299 0.16519362513923574 -0.016947681729565754 
10 10 10 | -0.8558614523749277 -0.03372093537750842 -0.06950689042958914 -0.015441974971295402 -0.059030501245824006 0.052773311017772495 -0.14388824759742755 0.038656643748152385 -0.007074407584249236 
11 11 11 | -0.7550965838191601 -0.07957532148380399 0.006111868923914256 0.005022341750220555 -0.005275755328766161 0.02353760010149211 -0.05705648324152659 0.1402819404365717 -0.019708920765812335 
12 12 12 | 0.18951761319011717 -0.02205642071041334 -0.0312129628297231 0.016907526042667455 0.011332119778337445 0.0019290893937096221 -0.0009049439383459381 0.0027508840827637107 0.015418387876374808 
13 13 13 | 0.18115580036483592 -0.01071844294733172 0.035942955585657826 0.01643165528735227 0.00999994755039273 -0.005411078281085314 -0.0022880116490467998 -0.0006189230144025056 -0.01272683644113177 
14 14 14 | 0.14053646488092264 0.030602955197793987 -0.00729253852882289 -0.012333941433908766 -0.0186724754891865 0.004894319346183199 0.015450397661190897 0.001025156163065875 -0.0001631217632312566 
