-4.742723607261591	0.5172833450917489
-4.740660424921897	0.5176338624242734
-0.8673230076818419	0.38221607748312886
-0.8717097215996107	0.3845877885186985
-0.8760279347046996	0.3853267554450037
-0.8742275395736626	0.3852427349700007
-0.8736833969163779	0.3845473785685425
-0.870403398437451	0.3864846033347058
-4.7434792562838135	0.5170053029036505
-4.741644422313416	0.5180070735995204
-0.8750714834603716	0.3849072124593105
-0.8754320777314065	0.385507868046912
-0.863767467586868	0.3811530278343928
-0.8771758602593644	0.38539187238849915
-0.8703554855330067	0.3862577423230231
-0.8711066861689755	0.3864714189156984
