number of atoms: 22
number of fields: 9
Multipoles
---
0 0 0 | -0.6677341726344235 0.02188576885294526 -0.01086545231504512 0.04123559253645987 -0.029637470116473212 0.03481796830484449 0.015900746872232994 0.034902765415171046 0.06948013330920849 
1 1 1 | 0.8852772216377875 -0.0551724376001291 0.0453442631409751 -0.01107742620016766 -0.09736062796919388 0.09558325051713064 0.03994719887969154 0.05847734287612237 0.1738453669299535 
2 2 2 | -0.7162347087194867 -0.04167729455416531 0.04189567567640449 0.02114274059362338 -0.07892693071796156 0.09490480146632733 -0.01882927583936576 0.05488582540393112 0.10303538604707337 
3 3 3 | -0.9079337066007449 -0.0017723403658450247 0.02145155549630498 -0.009041899773244313 0.004558004912485365 -0.011614980101831414 -0.025365101664294207 0.004641787424732289 0.017106749133993904 
4 4 4 | 0.19371036392919339 0.03608909642413805 0.02774255601372437 0.0007653290173796775 -0.005305669160007725 -0.006451376103505486 0.00626268116374308 0.0007191474935900923 -0.0038504797084943847 
5 5 5 | 0.19366495018076268 0.005508625944244196 -0.03710495079283801 -0.026933073788840304 0.002256075193193975 -0.0007129334866968471 0.006504944664708195 -0.004931293405774993 -0.004167320409239173 
6 6 6 | 0.43520240778161534 -0.021805782255358452 0.013974349815819083 -0.007082885580933223 -0.00010035347532644186 0.0017671866913869516 -0.00974688441661715 -0.006026616163699569 -0.007937685701305243 
7 7 7 | 0.4259936373043356 0.02539594632892521 -0.002408725444424783 -0.011276305488618138 -0.0009708889784627178 -0.008026138901313144 0.002724059602584129 -0.003134484112852102 -0.01457634302102224 
8 8 8 | 0.20154533340547187 -0.0006412140233053199 -0.013502534046682219 0.041701864658756436 0.008414384832839723 -0.0043500079409911005 0.004870386345806227 0.005199253641794594 0.003438480672876371 
9 9 9 | -0.1808719024332719 0.01063080928857118 0.013357415944951486 -0.1512831502495586 -0.039608208642147924 -0.048258424397533216 -0.0669751727240708 -0.12018922022671821 -0.06297423018626795 
10 10 10 | 0.9502577666368612 0.011526921336201177 0.018820669357541512 -0.002938153085506843 0.11682138235506825 -0.06216139857981801 0.002215722141710726 -0.01097742604320963 -0.009737909545686818 
11 11 11 | -0.9373493562571698 0.01052379598130936 0.012396324131420288 -0.022360043195725293 -0.015430094020737278 -0.0020906105967749607 0.0019189032852058928 -0.045639980003603274 0.04019240166186999 
12 12 12 | -0.598567433408637 0.002095046881188853 -0.01983071367973201 0.15779254358796396 0.028985424654854996 -0.008169180026217372 0.028358367935602882 0.019215512542983516 0.04651559275024139 
13 13 13 | -0.8957220402621244 0.02088764302172936 0.0018711325907882906 0.007481468008974328 -0.031909932701212035 -0.00015172828260643587 0.01621281005594098 0.006229669097719879 -0.010700891590701861 
14 14 14 | 0.428419264108327 -0.006481516341211015 -0.018487069301988877 -0.02051487428661858 -0.012457476001270293 0.005749111415069985 -0.002023519429901762 -0.0068926942014625415 -0.008181997997905898 
15 15 15 | 0.4822635956753507 0.007555718781666057 0.023060446216667443 -0.011896077198679439 -0.009509252055939698 -0.00034306145113417616 0.002200535028968829 -0.007575707736252855 0.007168112881568892 
16 16 16 | 0.38704718657698445 -0.010135812702836594 -0.030571988103259763 -0.015248326607730936 -0.015209635535667336 0.008486142993348267 -0.0026707259747178755 -0.0026160218368649984 -0.012535001807406467 
17 17 17 | 0.43495058583180257 0.0010330713121447397 -0.0005203695824931773 0.028343802634791117 -0.013113059407569782 0.00739330759816874 0.0029130193155461333 0.009557197813777282 0.00507099627105164 
18 18 18 | 0.4516694018293521 0.004912896824325457 0.02483263107483461 -0.013456154500956706 -0.011548897947898549 0.002243712892280609 0.005237736543673216 -0.004460006244313479 0.008819096087950215 
19 19 19 | 0.16466683418939 -0.03344626806880339 -0.05160319694325278 0.008336402195823135 -0.01065627664801804 0.003163677629023279 -0.0011259419208090888 -0.01779339909681252 -0.003285215243162517 
20 20 20 | 0.1284979330496594 -0.04175887437088658 0.039299549802722725 0.026699084218727905 -0.00853660755605345 -0.010111705789032937 -0.000921860580641897 -0.02485640088682952 -0.010737124105428408 
21 21 21 | 0.1399591095335594 0.05619730090886843 -0.015660801390334708 0.028260932280478848 -0.0031537316057314675 -0.003885740018604612 -0.011300170002517452 -0.022645040538081078 -0.006471803262453652 
