number of atoms: 35
number of fields: 9
Multipoles
---
0 0 0 | -0.42124753642687107 0.02959107815140074 0.0783500083368036 0.032322180733227755 0.01176507943994875 -0.06826630864942485 -0.04490713622849229 -0.03286733759640049 -0.060967981748948415 
1 1 1 | 0.25827294604461937 0.017780252761758788 -0.025479466809578737 0.06740449517559062 0.1270090465001355 -0.10544750762162013 -0.05791485002694356 -0.10206478247397464 -0.01975673758837286 
2 2 2 | -0.04208705633114018 -0.01782469098731655 -0.014632619787142002 -0.026107681138174573 0.1903531125343878 -0.04704501585257871 -0.1060922768078386 0.05273807573667669 0.06964627258767032 
3 3 3 | -0.022224573466330888 -0.0394394361023685 -0.05444919937178969 -0.0714734983513152 0.1411310680770046 -0.08357817930335074 -0.09614242603254983 -0.007239370248062169 0.008077633135053008 
4 4 4 | -0.09242206210199022 0.033218264403496234 0.1049801336669188 0.04477898824759597 0.09651652225963243 0.010989315513757687 -0.07445221384842597 0.11100431902191656 0.03709183411356484 
5 5 5 | -0.28832068544089395 -0.0019566984647185126 0.005749386704940084 -0.011402485083195505 0.13205311833344846 -0.0588022385820606 -0.07059970174489665 -0.011416946043418438 0.12434724762776808 
6 6 6 | -0.1257500760579413 -0.002003809910390057 -0.04215085057978783 0.0040539612579512845 0.13503226673972343 -0.0615311900058616 -0.11292967140554876 0.08158855257368637 -0.02470213734974312 
7 7 7 | -0.19311895097200082 0.01382292372049757 0.0009501999954075054 0.03785436294181742 0.13713331705994344 -0.109249562039415 -0.06157296429616615 -0.0958922084707223 -0.033674936369958046 
8 8 8 | -0.14896800855078673 0.006899197308139216 -0.0007108933811371134 0.026535914352526238 0.1605807462301827 -0.03680080640822046 -0.07227581428456357 0.02323529476976332 0.08487710308813522 
9 9 9 | -0.4238499281876331 -0.027795832416380565 -0.04031457619369797 -0.04976363621925912 0.015088381086427023 -0.014950243182595096 -0.05243297085602126 0.04616267301696878 -0.02942510432448825 
10 10 10 | 0.1536212522050523 0.016072066787324344 0.036599606054862635 0.02955681682464214 -0.01354540513140397 -0.002993141191896486 -0.0048105044027548375 0.004552589156662964 -0.011484147079890903 
11 11 11 | 0.13392171016075338 0.009954895361106919 0.0517614296106943 -0.017601439188141176 -0.012012215810122889 0.005563642152018422 0.012902898715455108 -0.013498525234586696 0.0052424840146885745 
12 12 12 | 0.35791879742461374 0.009867080510773315 0.014287336545437637 0.03381496418757308 -0.021282008471770947 0.007291737893414036 0.004052482401029455 0.007226543381182655 -0.012817699649432123 
13 13 13 | 0.1402372281640235 -0.01007911775256004 0.015563097469380241 -0.050370657704759465 -0.01108713951886352 0.011893840598488241 0.005236274007944607 0.012569294438120654 0.006834414606186071 
14 14 14 | 0.14771006465707726 -0.004893442626996593 -0.050387646998442254 0.03729522835717098 -0.017793293062905016 0.015569081028479828 0.010642349438833638 0.008066857491203927 0.009646534111247237 
15 15 15 | 0.1359565714471751 -0.020086151078735022 -0.03435104015173841 -0.035639495176236276 -0.012034381562018024 0.002478719710598468 0.002892796074493141 -0.004622516820707783 -0.019186210860159526 
16 16 16 | 0.1434790946852217 0.030515211018635646 -0.030206207982745106 0.024766025558653135 0.003260755268853479 0.007165325661672722 0.0008781382157882999 -0.0062529604732527 0.013505745466412773 
17 17 17 | 0.14480934236022025 0.01675016313249911 0.010301118369741336 -0.045109838032358573 0.005053329525273457 0.0056080047720188 4.7588851186074884e-05 0.017454150258009574 6.593875733491962e-05 
18 18 18 | 0.1438009407902089 -0.04819436400415354 0.008836456204935964 0.013468094434619488 -0.013736612368201942 -0.0066991033556692975 -0.0011124666039820602 0.0038864342342597395 0.0059952520532489655 
19 19 19 | -0.46001906458382447 0.059273572558296274 0.028451596711288347 0.02843557549747031 -0.0533757999925767 -0.0435429364280468 -0.060480224442966864 0.04832596023104589 -0.04532711946575205 
20 20 20 | -0.12794700170843498 0.014990061074083967 0.004381801602257817 0.019341121452264534 -0.16756669859215853 0.05351207081070151 -0.001112053691784174 0.09206660483212314 -0.09714386072965116 
21 21 21 | 0.08992992708570924 -0.033897137866603054 -0.004769978956703968 -0.023236261239691653 -0.09100409636766502 0.05206396394787521 0.05634841200833347 0.1300906947831286 -0.18475995384649913 
22 22 22 | -0.35712693422561337 -0.02272695727191577 -0.0059891797285212735 -0.04813383430959758 -0.07337512308057834 -0.006874858067901339 -0.1074543171958916 0.13559091928066563 -0.16188543388379856 
23 23 23 | 0.40552468384137175 0.09430718302771172 0.03647533321985422 0.08576257446099284 -0.08037494175971761 0.097218701230513 0.14822986288694212 0.0574679812387827 -0.09822605317095413 
24 24 24 | -0.15511257283450863 0.02261151733126159 0.0020204006462533914 0.014186574019613993 -0.05601972008363977 0.009886934931095083 -0.05364701557930933 0.1341320313788754 -0.14998827136754606 
25 25 25 | -0.2916862019416486 -0.027588941730701956 0.003923525536124342 -0.002278713520733467 -0.1395819991119866 0.040312651494125745 0.015301478314137288 0.07502916101401821 -0.09381944185588928 
26 26 26 | -0.5960588458618119 -0.11256601452151595 0.02211149991048604 0.018213724245497824 0.12674471479513177 -0.045333334534687075 -0.04298051672868039 -0.02218332505564146 0.030393692539126455 
27 27 27 | 0.15553297937347343 0.005364865108312318 -0.029388495442995002 -0.047382872227783264 0.016838982119321524 0.00016057681338686334 0.0034337031149096757 -0.0012989515619115156 0.006260055078105234 
28 28 28 | 0.1395479099535245 0.0365854510610843 -0.01303385706528134 -0.025903421516461956 -0.008166004321571087 0.004921029455872861 0.003718566017724095 -0.008952070739248086 0.009189337688191392 
29 29 29 | 0.14188694149688197 -0.030695685941581376 0.02362055755776476 0.02504083149531184 -0.0052777446190133415 0.010090910694935106 0.015101061026486104 -0.0018137928836335008 -0.0020069496806258266 
30 30 30 | 0.14766387212608134 0.006340195009560617 -0.047720058996031094 0.010007932232163135 0.008107985506147285 -0.010348703200950613 0.004376347930894879 -0.009692634743694533 -0.005290243688857527 
31 31 31 | 0.14125474860074672 -0.04725292499195366 0.011806873055296388 0.021465344542753364 -0.006384722498987051 0.004499416692233753 0.00878544360663685 -0.011261215833209458 0.01280065311793237 
32 32 32 | 0.4425839796597817 0.020481057120168327 -0.004926007433381974 -0.007060477695214702 0.005948574370723022 0.003203484430024834 0.011110077812220126 -0.0086922207374389 0.008147436890924517 
33 33 33 | 0.1704091525714604 -0.003628296475225283 0.02153838515310746 0.04528487368179295 0.01874655275741064 -0.0019511079782495136 0.0019830932757902878 -0.0016273029492482657 0.0021507039423610125 
34 34 34 | 0.14834158977234813 0.007066134602848802 0.01352648346051222 -0.04549648286909937 0.012548453946960102 0.004350800862977355 0.002867118858044413 0.007037482476684472 0.00322454095802445 
