-5.040466726135647	0.5299788363029323
-3.500769008063503	0.46263733506037186
-6.965057901339323	0.4009188049153453
-6.301121471914946	0.46279510405073915
-0.805685347478712	0.37501982620826096
-0.8605199569125299	0.38570229742775186
-0.5500519914860333	0.3331606038313592
-0.6177699814297402	0.3478177286187703
-0.8149289752514668	0.379180669195205
-5.136158995889666	0.5472828731388715
-3.3179647424748264	0.4633467528118673
-7.160969793027382	0.4148823948348661
-7.213225609625267	0.4198159296023394
-0.8355492735656049	0.3829204744692672
-0.841636893699072	0.38566812612296997
-0.8258844320909872	0.3831369650845379
