number of atoms: 23
number of fields: 9
Multipoles
---
0 0 0 | -0.37121989982614956 0.0012140240587336392 -0.0138936867631412 -0.09527802672349146 0.06070449450916905 0.010159959775818682 0.008466607843227007 0.08278638365594147 -0.009052816874575957 
1 1 1 | -0.38933649573268614 -0.013290115825293856 0.022070605006061998 0.09828530092265511 0.05892810161964154 0.006720460918658401 0.00038562216481075946 0.10612918181899474 -0.026151797054008285 
2 2 2 | 0.13099771596941578 -0.03409158852624865 0.03710917809041758 -0.0006673326773289263 -0.0053649339228529136 0.005561848342441598 0.0039703620283543725 -0.01500334177520747 -0.0016379478113994806 
3 3 3 | 0.12989197393203888 -0.01680410923838716 -0.04538755357399004 0.014930448436180138 -0.0018908626589474605 -0.002642752964822437 0.0039587164302026506 -0.0060162883896753335 0.014992951387089684 
4 4 4 | 0.12112829328628583 0.04842360593195597 0.011018292499351065 0.0038276135895259065 -0.008487232594380164 -0.0034625022207147456 -0.014178941743477974 -0.006040899806988597 0.002269668218756617 
5 5 5 | 0.12083918883409095 0.029501284170839758 -0.0395461916449432 0.009479782612871046 -0.004366577191115333 0.01011003212250636 0.00796374598599542 -0.013223336909603669 -0.008045547926917999 
6 6 6 | 0.12781435266107755 0.025195847077995475 0.04353518054032809 -0.008700326224628399 -0.00109195622074445 -0.0025400135512943824 0.005404785851379873 -0.006125342772867981 0.01642528245908495 
7 7 7 | 0.12893941124547914 -0.04811575565031213 -0.015195715742404827 -0.005043978050070007 -0.009049464848831706 -0.0017107064091838355 -0.01525513812233049 -0.005319689868758506 -8.532579020000798e-05 
8 8 8 | -0.2593348663871504 0.005671507046078024 -0.018960983788327494 0.09058541138001691 -0.03933397993070574 0.09109916019234518 -0.01085038156388073 0.11580414870824303 0.012807647575759692 
9 9 9 | -0.41799081254141335 -0.06349560769377516 0.017579362495326486 -0.06500270655935907 0.04029287660159213 0.018845178389097512 -0.06287438580486511 0.048632496966373784 0.037948919169495346 
10 10 10 | 0.28129672477840817 -0.0026065736853153436 -0.1124726886585411 0.038248575305646945 -0.07570219622604907 0.06336011614471249 0.09476937179254408 -0.1326031393971614 0.01477130903646651 
11 11 11 | -0.23826314730232578 -0.1438120172580612 0.024576856402098477 0.031832213479014625 0.060313403118182576 0.05307714800242839 0.007105810602794402 -0.10694312611912543 0.013294068385948066 
12 12 12 | 0.20462387965311013 0.08839065029288312 0.029440031123478816 -0.025313201811845615 -0.10306198498792968 0.03388887056114814 0.05484319131798542 -0.050282722890963576 0.018903138481938923 
13 13 13 | -0.5326753331736453 0.025762124206594857 0.10799505685977444 -0.021157547933082506 0.09851120514106518 0.04992994655474802 0.06318542480947362 -0.34377386364417817 0.10233308327597884 
14 14 14 | -0.35595301264181156 0.08991526076429991 -0.005923694514795572 -0.020298923875751697 -0.037455388430303785 0.016146695215114394 0.027863773696721484 -0.054321218160086664 0.01019802066204456 
15 15 15 | 0.12244154488739989 0.02078744815389657 0.042541095294269166 -0.011711003192590937 0.01205186540457621 -0.014897874930982942 0.012085528409516313 -0.005593017884855356 0.009310416558036865 
16 16 16 | 0.1473018866545156 -0.006715850715374064 -0.04873050256623408 -0.01891891596003431 0.011610374636793094 0.0010998703822493083 0.011196358199090983 -0.0025821836587454276 -0.009619222111079264 
17 17 17 | 0.1346162566746928 -0.013269536688092576 0.04066150805697144 0.022861276445240095 0.006034643311929085 -0.0033232301767227965 0.0063509241055883375 0.0001563290766773804 -0.016781570648866234 
18 18 18 | 0.16223901203381397 0.03421769629808512 0.04627548110522413 -0.016276551459997863 0.022553934510133905 -0.005290794458318472 -0.01156108784534432 0.012208361740043841 -0.004023591348211579 
19 19 19 | 0.1197075924457931 -0.05830495719017971 -0.047410649168181516 0.02036874909054465 0.004437474794960126 -0.008751481651569795 -0.00983265681781133 0.033428072862678106 -0.008159715444300664 
20 20 20 | 0.355264058080195 -0.027565564448601393 0.026147077171619015 0.002369752413770718 0.008980879581660849 0.011417592350290738 -0.010162437314319381 0.014285521204790586 -0.008128098518583263 
21 21 21 | 0.12743403954047194 0.04171546923006672 -0.001927559345104159 -0.025912105438704702 -0.01601544909719095 0.0017800504414479186 0.006816298291940731 -0.007579882125444318 -0.002767077035209835 
22 22 22 | 0.14860693333158626 -0.024686844010790354 -0.042805632207742306 0.010415010101455747 0.0055187682176263955 -0.003708733057994383 0.01107586130932788 -0.008078830032969405 0.007786972139982759 
