number of atoms: 18
number of fields: 9
Multipoles
---
0 0 0 | -0.11675039351340644 0.08065303603863806 -0.03568479509487893 0.012012519387971236 -0.05793625104046548 0.060657791173738554 0.014518775170688926 0.02750835068032353 0.008498134307288237 
1 1 1 | -0.4474800382473374 -0.08137958863626897 0.010839461949484864 0.06437478080731505 -0.032399169222384415 0.09029921717595406 0.07282890206947465 0.035844604917427685 -0.019323814275435332 
2 2 2 | -0.46271581381921845 -0.009870206384968808 -0.0003509675395083106 -0.0935033934838882 0.07184226754315176 0.023421560879299638 -0.10243193098722066 0.1261079619221136 0.06451975441619895 
3 3 3 | 0.09603880291362255 0.001896948844825542 0.04718155676528216 -0.01395302874194021 0.002075885609668641 0.0050754386260056465 -0.008951333905939128 -0.031207918785893473 0.007321342028803828 
4 4 4 | 0.15500449001067007 -0.040961962596069025 -0.036486748453297004 -0.019078818256207542 -0.0035885799430428254 -0.008214995265470868 -0.002241482806904949 -0.016505296779668173 -4.325616930299651e-05 
5 5 5 | 0.08726924511344114 0.024065207671144905 0.0283824875087585 0.02058311188313028 -0.01797629354375677 -0.019130092148479688 -0.019135476695872684 -0.002020445791428454 0.0028661649671966123 
6 6 6 | 0.13011831483889236 -0.005771871021931051 -0.04581777594635329 -0.009274927110306813 0.00510743009990153 0.006304804900232005 0.0004763798942980691 -0.015591058800393827 0.015925239111817556 
7 7 7 | 0.1109048349731716 0.037001723985026894 0.02178318537470645 -0.012414695884509365 -0.022159936178973532 -0.0105546368518115 -0.014040396926286908 -0.003171469949816175 -0.006997557649132687 
8 8 8 | 0.16762786834931898 -0.02944887380066574 0.01463336076318125 -0.041018160413478146 0.010188256542897336 -0.003922080949109066 -0.005487109321183357 0.014807603439064053 0.004620028039234356 
9 9 9 | 0.12883904226511922 -0.006419175928800747 -0.04331831975305282 0.011041423476710709 0.00844255401850843 0.010608284157628177 -0.011433686129722691 -0.016625583341383598 0.006291315464027672 
10 10 10 | 0.11793300120310457 -0.03791184531755088 0.02643739877024755 0.007724100686633815 0.00097784827115203 0.0061665511206098035 0.019013553740767672 0.003845526665486338 -0.01201567064114995 
11 11 11 | -0.7940058235339214 0.020874333146926844 -0.013149917874721395 0.0024116840299190094 -0.17166841227767587 0.016037780733313824 0.12423221440939619 -0.118232897984043 0.06705010495120427 
12 12 12 | 0.9758566359837122 0.05643410003405593 0.002048647366195474 -0.011843753857256542 -0.06453049199042434 0.0252160143447953 0.09366769284977762 -0.12064822980985726 0.06260357206856301 
13 13 13 | -0.8263347182119656 0.07047136819085763 -0.010663509284702067 0.005950395946077478 0.040125436442975775 -0.021442520573180853 0.12908793252541417 -0.0901367951898929 0.05622013393579113 
14 14 14 | -0.8254020952010297 0.06094187627433635 0.025661812401751118 0.004988008732155216 0.018628064483008064 0.07598099805921239 0.10802020596165386 -0.08477019943580807 0.05009305280465749 
15 15 15 | 0.1697297236731784 -0.006721636565300216 0.00525160717345754 -0.035466235549551375 -0.011076268150905335 0.004604735505889503 -0.023168340845796352 0.00780433609470932 0.004173549840014503 
16 16 16 | 0.16835321023729344 0.008219825361667935 0.029137535310314832 0.02085650113509194 0.005648782377007446 0.012902977041425666 0.011935102819424314 -0.003930422666163989 -0.018430949312326965 
17 17 17 | 0.163213390673556 0.00661332694912159 -0.032677698022203404 0.013278408521531618 0.005070189387018937 -0.013038235033216524 0.008535664781013365 -0.014151845436007858 0.017809414783867977 
