-4.484823665271998	0.5048284064499561
-4.799514114950452	0.5218197535730468
-4.794665536644884	0.5206881192552177
-0.899138322396395	0.38238030263470263
-0.8977381979253353	0.3837095901234407
-0.8678432470490525	0.38498858650451306
-0.8685273340043826	0.38394137683924895
-0.8661109839586313	0.38338892540260344
-0.861397522327034	0.38516848327291225
-0.8618912512852082	0.38540778781682006
-0.8667427866227407	0.38645799912421636
-4.837515942684938	0.5197876307239269
-4.473535058881824	0.5063988924129273
-4.564035652843014	0.5096928357340964
-4.510453298708969	0.5079377951088304
-4.215436966840368	0.4913049596456572
-4.480260076846174	0.5068588849729361
-4.56149378287712	0.5095634552809691
-0.8705192968619925	0.37966137891881435
-0.8588548890662555	0.3793633698719516
-0.8663430333856424	0.3808814791803621
-0.8649849759498106	0.3783732057784176
-0.8497515981378813	0.38100083096140663
-0.8529604958918209	0.3817839635505806
-0.8568677375854383	0.3784049346597675
-0.8450808545933658	0.3830930739098614
