-4.829013317805055	0.5204326529553018
-3.9520520501911807	0.48473990674964873
-4.703559534982808	0.517598258818345
-4.651882427240253	0.5125025338166099
-4.486557740180015	0.5055652268173623
-4.505598707989576	0.5075904554631636
-4.278975593644431	0.4945527091603901
-6.971674085323316	0.3975936368358286
-0.8471933972972803	0.3792587081394257
-0.5537487160919304	0.3456288568664456
-0.8307484738312764	0.3744842549123035
-0.8611531890749285	0.37759118242173284
-0.8584632384611995	0.37868552390915455
-0.8517555148643172	0.38187322096098547
-0.8530520890280516	0.38248099417983633
-0.8487942225907755	0.38341745396266835
-4.488368350597481	0.5044725907983918
-4.801765290818619	0.5226869822624126
-4.796289674083787	0.5216265054251077
-0.8821963094514038	0.3791150997872958
-0.8968093852074653	0.3835082904315729
-0.8658393722904694	0.3842733450071694
-0.8708909051806392	0.38512776927667075
-0.865228059715482	0.38671397584819817
-0.8689841982466817	0.3868628458959537
-0.8686957812800948	0.3868376842365028
-0.8612782585054092	0.3849947582045426
