-4.778094657846554	0.5167953318874657
-4.40395584060651	0.49643214186702667
-4.37804190604078	0.49922504890366715
-4.102574890021725	0.4851685914621104
-4.4467185176802495	0.5113092878668041
-4.52171462397712	0.5075199648037474
-4.550273350489387	0.5132344962354971
-4.4703366546927565	0.5084388325491161
-4.641905652742347	0.5143783288034723
-5.8011579830098245	0.44547520692436426
-0.8408332619128916	0.3715716309394791
-0.8564937816620842	0.3781096732407381
-0.8676447810073544	0.38100907262841005
-0.8606769208983149	0.38249440171565
-0.8594890716592106	0.3829012615166082
-0.85133222484997	0.3801930931533515
-0.642705233357426	0.35031450222753097
-0.8456688452523613	0.3780916886542811
-0.8601697149312335	0.3860447735051293
-4.507703046100977	0.5071168235747027
-4.803499433653912	0.5224390638584577
-4.798946472465279	0.5221179841079909
-0.8824314627466424	0.3797438310149301
-0.8977175576982258	0.38482150536259513
-0.8654521290535733	0.3847053570464177
-0.8640220367084477	0.383126042157713
-0.8633237758819591	0.38400297839196346
-0.8569098301969512	0.3841449023414564
-0.8609930962864928	0.3850110911324402
-0.8729911540198446	0.3883788486226122
