-4.777454021118242	0.5171722253195763
-4.107571229833227	0.4867928468654184
-4.418739369739846	0.4997526493434892
-4.3746657454535915	0.5004825586973726
-4.448118397359103	0.511855191837746
-4.635058082774417	0.5148024621203126
-4.475476580739671	0.5097017731599317
-4.506357983192467	0.5094711537451235
-4.543871109436648	0.5138244614033427
-5.795510041225776	0.4452011512397771
-0.6419171697973317	0.34988947162901035
-0.8464571527306061	0.3782055807525844
-0.8489947005657635	0.37975433512464035
-0.8632559311664355	0.3798066048930463
-0.8592730458075545	0.3787641208738769
-0.860723914068824	0.3835720030117715
-0.8558628001716073	0.38084858376362046
-0.8568966583773567	0.3788584268493455
-0.860040537770553	0.38598839111292327
-4.486731944979977	0.5036153394293549
-4.804742525751257	0.5223828563574009
-4.797160422626234	0.5223143030091785
-0.8735894056579778	0.3765008081378497
-0.9003125749174693	0.3846709472607598
-0.8688299801487774	0.38460493619568936
-0.8653513435929902	0.3844401978658215
-0.8657343507806214	0.3858512174721314
-0.8623997119995171	0.3854027216759957
-0.8697825381747438	0.3872363336314526
-0.8724900165070235	0.3881400901580946
