-4.501220241188567	0.5052196796287006
-4.797741966436	0.5216832008895738
-4.796047365564921	0.5213917036816836
-0.8933348119888086	0.38269011808279646
-0.8771229262068214	0.37592332400637385
-0.8677441625301224	0.384960670278699
-0.865745040256436	0.3832093503217854
-0.865215470891427	0.3858403042273212
-0.8654940251295076	0.38619599053924214
-0.8645521491877511	0.3859877242404445
-0.8679771148146528	0.38667155206266063
-4.745672193333301	0.5170588717349888
-4.745921569494032	0.519058071492786
-0.8684141707306093	0.38376596257357276
-0.8696776264451506	0.3820300935117027
-0.8796195240629329	0.3856480792506743
-0.8750375358394618	0.38583284684638586
-0.8699345198420283	0.38593837636556694
-0.8726160735373664	0.3867471625857355
