-4.732400037223086	0.5165511646130673
-4.737201924405903	0.5182593355379753
-0.8746031728838899	0.3846206593993201
-0.8763051284794466	0.38529252349053117
-0.8701537370370646	0.3837023761525128
-0.8732066012206581	0.3844410027911571
-0.8761137102888304	0.3873944376946576
-0.8776421294428227	0.3881358757146864
-4.741134984182018	0.5177390904538981
-4.743195897749238	0.5189123298151036
-0.8739726350630072	0.38534164676428245
-0.8678427613942211	0.38257967215247385
-0.8716143506769322	0.38430416287520863
-0.8768400000609456	0.3859431798654388
-0.8683248818867941	0.3860194903826001
-0.8715431241137115	0.3865744877516388
