number of atoms: 27
number of fields: 9
Multipoles
---
0 0 0 | -0.13872377794868385 0.02439886554396842 0.02592047594873114 -0.08382866075327935 0.049656261171795585 0.06541272125835533 0.07888429733862258 0.046791034959954375 0.06915507330878244 
1 1 1 | -0.4435003324598652 0.03385432661705879 -0.06934999992275324 0.030573254871417863 0.057399742416189045 0.05739998482171656 -0.033379938319562444 -0.0003671346416586126 0.09343940373551378 
2 2 2 | -0.43058385794542975 -0.062031823200837465 0.04109169166675986 0.044801855636208365 -0.016990640962454617 0.054557008521449374 0.0999227730219162 0.04625102142056835 -0.03172333411818898 
3 3 3 | 0.11549560549385207 0.03358584438668711 0.024720040602952464 0.03686038296128792 0.008706368361223536 -0.011623674052650412 -0.0010160576353935072 0.014046456066982328 -0.00020941287131962853 
4 4 4 | 0.09743905820955456 -0.039708279854346634 -0.03365262398596248 -0.0053060233358731244 -0.0010515742149596707 -0.02668249778687069 0.006139661139578596 0.0034786643405165796 0.008031909417476026 
5 5 5 | 0.15186071090644138 0.04595893995792912 0.02027375357974517 -0.004177092309919589 0.0011870024528014128 -0.008746070574653474 0.009027280297462812 0.005985615551482198 0.000988778503100157 
6 6 6 | 0.1269516892339112 -0.02828474186543631 -0.005184034847773866 -0.0364198028177981 0.012083734786636385 -0.00799866289163122 -0.01167967749950767 0.011815463807183374 -0.0010486311535480596 
7 7 7 | 0.1380631409672053 0.029083264602972742 0.039520441352167535 0.0023989475533838013 -0.004884774635366852 -0.010725315561001291 0.00011440320389988344 0.0011239335322369166 0.010881457225481218 
8 8 8 | 0.12924501524251975 -0.025837204089063114 0.01389607398454267 0.038165518146107406 -0.0062642494781692286 0.007385106632824068 0.008702660547472124 -0.0019607127916676545 -0.012806285150415285 
9 9 9 | 0.128543520454095 -0.02060116137595314 -0.023557236103799308 -0.03488735495684655 -0.0013758035879499783 -0.006198480487010885 -0.006261677263574248 0.016640433311016556 -0.0076260237915937445 
10 10 10 | 0.1269978672732971 0.00912713550440297 -0.040370475644362004 0.024775513343495138 0.002603326510263856 0.005323263412837486 -0.011391128837444765 -0.010092783497679197 0.006979269531419292 
11 11 11 | -0.4662338273580957 0.01744205948934932 -0.054091816923991703 0.038589326099734235 0.022605828633468845 0.03437788677809523 -0.001730303085012874 0.011380066926270568 0.09308229789417076 
12 12 12 | -0.28765720386476357 -0.020268329503788308 0.015584085191969408 -0.00876595969463661 -0.0581131701777348 0.14133226808628258 0.07566623785448642 -0.02806081330394864 0.11666987044276968 
13 13 13 | 0.4011835748204211 0.011885096428349477 -0.09472907311243121 0.09002904057368367 -0.15576609463262225 0.10642506992729317 0.1291814987101901 0.019523543689398168 -0.002932740525905648 
14 14 14 | -0.14882136001984048 0.006250659122980799 -0.02268826196960769 0.011437511212874342 0.007925960124954548 0.07189552125597924 0.11834831165666465 0.03035362315176772 0.17266588743537345 
15 15 15 | 0.07534741407704537 -0.009023934666237726 0.033814914210241055 -0.023230731143794408 -0.09886875178167631 0.10840819538408895 0.15635686567655507 0.0271217900230781 0.11750745798954884 
16 16 16 | -0.35578589149008977 0.00987034568394354 0.03732767861175884 -0.040997379034069165 0.026826947581336056 0.0753367607906124 0.0644829604097219 0.019927500952034372 0.21546098416057088 
17 17 17 | -0.12757038395022757 0.004393133818640862 -0.020532853722564585 0.01547344840731524 -0.05712462567419421 0.1346631752063487 0.0574370394231814 -0.0344700980344549 0.11811060207977608 
18 18 18 | -0.5893341824778933 -0.0973562079353545 0.05685851301659039 -0.009429093408331521 0.0817618282101515 -0.10325903624923975 -0.0041713167158416225 0.03367042539567953 -0.024980336554695965 
19 19 19 | 0.1692918147732655 -0.03205171198084027 -0.012148089843919787 0.03793316666315574 0.004979296635898326 -0.01589737505980483 0.003444971384455424 0.004775700046107615 -0.007970756875606347 
20 20 20 | 0.14166429208735276 -0.04733386625699696 0.023477576564538298 0.007377364841024879 -0.0062534137984233875 0.004628325449807195 -0.008166766591653602 -0.007256982077285287 -0.0155165013327941 
21 21 21 | 0.15378591811074815 0.04456211467559926 -0.013074422276965723 -0.017035647849304343 -0.0027239306015986934 0.007666889702016163 -0.013260792382722137 -0.007146398942900096 -0.008555273738455417 
22 22 22 | 0.44653869238730115 0.02021436585632834 -0.008762180198413915 -0.0014324631395756762 -0.004146826338717801 -0.002915126837792371 -0.0009842965555110646 0.0004146551697628892 -0.015621152293351134 
23 23 23 | 0.1469875845953469 0.041256583532187335 0.0240011011572677 0.004143477046429656 -0.003801537962237646 -0.012794587133233398 0.011635990872940129 -0.0012455619260192236 0.0011559225078298112 
24 24 24 | 0.14500692735263043 -0.028988597745757412 0.019340141000795404 0.031216521439179558 -0.010906117904674816 0.010250895062948108 0.008489431029247744 -0.0017421696073726674 -0.008390939086836705 
25 25 25 | 0.13992494499027874 0.03341831959975389 0.015101134284255949 -0.038816076314504 0.004213058468225224 -0.018820185668526133 0.00614331740357831 0.006200752691286152 -0.009540333975676179 
26 26 26 | 0.15159575568644934 -0.015856714861497995 -0.024151174372421307 -0.03889911756816122 -0.000965968704066142 -0.0040710178200412915 -0.004258296898128516 0.013072486487495434 -0.005185987944498403 
