-4.736762192887713	0.5139559084911134
-4.749305347429004	0.5200227160273478
-0.8821022720858671	0.3842839639973986
-0.8592983715611503	0.3807251239777062
-0.8536822143604799	0.37536278163928033
-0.8775307044392079	0.3865750023298409
-0.8774580318011925	0.38814198988183385
-0.877649828121325	0.3877818765846033
-4.786558945975865	0.5170738738575046
-4.115574058461504	0.4855890511582471
-4.437819629578053	0.49952619972699375
-4.375682383545976	0.4982591648618972
-4.4641461037660015	0.5082332648344375
-4.594464401973689	0.504101993557613
-4.545845714130415	0.5143118141692435
-4.47457838135739	0.5029877963097867
-4.5399563930170785	0.511738854220485
-5.777037458058328	0.44203093995131754
-0.6459722337385698	0.34933893737897637
-0.8379076691311397	0.37413135091402105
-0.8617074366638049	0.3775324274683432
-0.8604894757129063	0.3846232821292102
-0.8651836449660534	0.3805010787597776
-0.8562380857663672	0.38323185983991975
-0.8544998574709701	0.38148284265212706
-0.8535588484147402	0.37441235005648504
-0.8600298930906746	0.38594259279787235
