number of atoms: 26
number of fields: 9
Multipoles
---
0 0 0 | -0.3929320319654588 -0.08206165345633222 0.07003111441701751 -0.020651381549106868 -0.033256572821001654 0.1273737740561314 -0.040081135890776796 -0.05761523884362497 0.048411972660231395 
1 1 1 | -0.37662854978041516 0.06854655787719918 -0.07695560700991656 0.012317126482419184 -0.045941919700781673 0.09892649454894949 -0.021135191671544516 -0.04211559450193805 0.02825411281970615 
2 2 2 | 0.14220820658875122 0.0003423245496087537 -0.022309320460982204 -0.04819044321363287 0.00480719119861994 -0.00687911857109829 0.0014853587232054098 -0.004212105748238295 -0.005818701513255628 
3 3 3 | 0.12181176234315638 0.03255933593013859 0.03779240423932595 0.007371233140007169 -0.009911130772276192 -0.01075973385891675 -0.003496243604811149 0.007350118314561911 -0.0038828407433324744 
4 4 4 | 0.12590265925274324 -0.025732590358523225 -0.01903023446003182 0.038768247513714965 0.01217017408872414 -0.007437894250757852 -0.00040644767830221745 0.0031099656090401192 0.009826799220487395 
5 5 5 | 0.12380218502266183 0.026182546805198468 0.02195923914301984 -0.03654413856427834 0.011824380668086314 -0.009794547042597175 0.0018917558374036596 0.0038094596362720098 0.010331460985546213 
6 6 6 | 0.12679749782295424 0.010134438888397613 0.017893883591416575 0.04708167668885748 0.007234105523802427 -0.0017479133225293618 0.011137554003119568 0.0003975698215723769 -0.01390060054880892 
7 7 7 | 0.12954454619879685 -0.036498885061193385 -0.033322417547878375 -0.011978934379936754 -0.009909439010770994 -0.01209598861980725 -0.0022395302854347466 0.007425853994162906 -0.002854720762161184 
8 8 8 | -0.2280966142686438 0.07226113007433972 -0.025321842971034385 -0.017660686249281358 -0.051715668120335984 -0.02198920826736067 0.02861781778927645 -0.05432518549750803 -0.04938011522423545 
9 9 9 | -0.42644504476583833 -0.08043770357422732 -0.02394788917865365 0.0143193105668016 -0.09342424772796114 -0.012325841774767919 -0.010464323099102653 0.013957843176668105 0.00412345368464671 
10 10 10 | 0.10641756460003027 0.02308380303509963 0.012911992899010542 0.005033879219130703 0.246348680244648 -0.09161016118396238 0.0806124779893477 0.06770357179506095 0.029164772812325757 
11 11 11 | -0.2000679304185864 -0.006234903761483166 -0.0188079979952305 0.010581722389197867 0.17559308211256702 -0.06311418943889367 0.023422999484839897 0.0520556459448993 -0.1000937870728472 
12 12 12 | -0.20336978361134594 0.008524056784654729 -0.01890306556399879 -0.01899943272468235 0.1775602579809895 -0.10440742161537696 0.03252967950876205 -0.08763594327513267 0.034856242500262535 
13 13 13 | -0.12554787917227284 -0.0005502242107938666 0.008279419557984032 0.033344633099262194 0.1669402500068047 -0.12799885539001177 0.03604398521436152 -0.08900946442643415 0.028283719070351033 
14 14 14 | -0.12911313027334348 0.009311105611086945 0.0295147286621578 -0.019284234343583333 0.17846551948973108 -0.07906957214367823 0.005627476645000596 0.02757892149166812 -0.11445264713190705 
15 15 15 | -0.1543545911213755 0.006866946412690035 0.028590182278470173 0.012452419245446619 0.17547999457164987 -0.07930345057641565 0.0643605510685312 0.09114026220220366 0.06487954947380871 
16 16 16 | 0.12778591758259328 -0.005249708041166398 -0.00044129774843848843 0.050342863540999476 0.01052109590874237 0.006828335931207583 0.0059961840585545205 0.01335852830375077 0.0017053737819025976 
17 17 17 | 0.12193578691790496 -0.020259582335192438 0.02966245263975669 -0.03439379974320696 0.009735855046918561 0.015476679774520453 -0.00503690581450821 -0.0028949131754904284 0.012762031704382268 
18 18 18 | 0.13543277611109805 0.00016676773438281848 -0.019783217423317324 -0.04379408903187695 0.010884027283797471 0.006188443072014781 0.011094915803291718 0.00967127668941141 -0.0042925508134585835 
19 19 19 | 0.1409545381437305 0.014670570686361482 0.03732001338423675 -0.03324787190982127 -0.01442622225712263 0.004160622057458065 0.002351841386732593 -0.005696065599494954 0.016595984425893592 
20 20 20 | 0.14328295612484 -0.0049416222196479965 0.007880468933717494 0.052101517535356794 -0.008893773549814875 0.01031393988588922 -0.006141203772315466 0.009570259786562608 -0.005079258652649653 
21 21 21 | 0.13452815301850152 0.004165117145828891 -0.009736236081940857 -0.05415496769814158 -0.010019556976855932 0.009912134241816943 -0.0022393733334419618 0.0125403506891109 -0.0037962087371073553 
22 22 22 | 0.13541604271423113 -0.016224447213741708 -0.04171034072784618 0.033544789499163376 -0.012236276556615881 0.004240548871063267 0.0015801286017068836 -0.0030613641970362216 0.014468308279087098 
23 23 23 | 0.13747083408923555 -0.012024206259102466 -0.0492451792057592 -0.020085407403413646 -0.011618564691892208 0.004241394538189938 -0.006595022687920972 -0.011196247890497677 -0.008405475188635764 
24 24 24 | 0.14611603138568874 0.012544976979875739 -0.03331438816155364 0.034404481680851154 0.0067379132564163126 0.01033843130537707 -0.01195133195787039 0.003956079615961543 0.002495859248530845 
25 25 25 | 0.13512338652632572 -0.004914203743075762 0.04969199520459119 -0.004402088931526067 0.011991762235329422 -0.009421056272012288 -0.003368451498433397 -0.007576478731026656 -0.00413247202490053 
