number of atoms: 18
number of fields: 9
Multipoles
---
0 0 0 | -0.7932096852379278 0.003844922185671489 -0.01990419453473943 0.013539948831152181 0.05616840542267034 0.1955053504363447 -0.13353264238072132 -0.12581853206889207 -0.11110140132305697 
1 1 1 | 1.0003754867535504 0.03149761476397582 -0.04787217012422831 -0.01216402265448869 -0.002155441279277515 0.09392219904133199 -0.11988083792424618 -0.07514844920886807 -0.09558178995654576 
2 2 2 | -0.8521541503994872 0.050394981444088126 -0.028720604723416827 -0.0033184592236424385 0.052544965849579836 0.07190047961655657 -0.07138938537203202 -0.03391773707855214 -0.1229741719370474 
3 3 3 | -0.8417852841598048 0.011187377862225931 -0.03318594483705461 -0.03401182508145034 -0.05121241903972315 0.10355419721843666 -0.09880951775672807 -0.0705593964486644 -0.07666432459223274 
4 4 4 | 0.16451032193266535 -0.025558146126890457 -0.019953526759752222 -0.018927200195024158 -0.017663463941843687 0.00385603549169755 -0.02029016780102159 0.0020472255022686136 -0.0008326250693338606 
5 5 5 | 0.18089125203873901 0.031692932002455494 0.010636716801668208 -0.02368665786184559 0.012268011944968469 -0.005193483178334007 -0.0034894512585984276 -0.016713709087155294 0.009803648495208046 
6 6 6 | 0.16349639697819784 -0.003061068032585622 -0.006128863221474993 0.034994244918735276 0.012104980235160268 0.004558340855585743 0.006259680691017891 0.01163883024833618 -0.019900404010229595 
7 7 7 | -0.1335577327245021 -0.05999824283059487 0.07835369119496949 -0.01599582858896064 0.04107732106862179 0.09029443868113968 -0.08705379297771604 -0.054010858893973605 -0.015049611800202613 
8 8 8 | -0.43414329241503413 -0.012563826685014197 -0.08412919298647258 -0.04472621889999613 0.045867162605472245 0.0301346079030051 0.022540684360162773 -0.07933492478159199 -0.1142610926775019 
9 9 9 | -0.4569249071904 0.04902536100369281 0.005427733324341988 0.08014448326493409 -0.04867455792960038 0.053926953868785085 -0.11425388701761544 0.03887782893006367 0.005204079592862959 
10 10 10 | 0.07368012355888454 0.03940181344404259 0.006875129733034553 -0.02548426912866415 -0.022875321542342796 0.011634123980115034 0.02402102142802835 -0.004249822266031391 0.010376393968285557 
11 11 11 | 0.15746850133720136 -0.026660544847354077 -0.0389579189887173 0.0374418366071477 0.004101581576206925 0.009764001747517766 0.004981610797362274 -0.007631220547865543 0.014515316265615539 
12 12 12 | 0.1445697245723031 -0.04059398267456458 -0.012373040042681234 0.022531142619404525 -0.013873273160929367 0.008243132962252105 0.008814112530043874 0.0032659143529383526 0.001225033617159424 
13 13 13 | 0.09884606058810219 -0.002173674180389903 0.020487464167525813 -0.039600245809706516 0.006170557868366315 0.0006960944187691877 0.000543903155824775 -0.01190624303569865 0.027056110667822656 
14 14 14 | 0.15734096935224895 -0.03631726029458749 -0.0015016437468728452 0.0337234109423539 -0.011946016122980713 0.008244801392023542 0.0059157356581484985 -0.007494037668709555 -0.003431401611523216 
15 15 15 | 0.10471959899984962 0.020295413733423168 0.03569089606541426 -0.015423649075487425 0.01539734309065826 0.0022953692842267075 0.010132507175922909 -0.007434681447248271 0.018682910418156107 
16 16 16 | 0.12458025161289521 0.03890077697890247 -0.01256415087176262 0.024360013404723702 -0.009227747081405713 -0.009693542841530943 -0.013050809081962685 0.009099706199944808 0.0003275402372274594 
17 17 17 | 0.13956656577439452 0.012333458567545082 -0.04772405582342641 -0.006060197678958499 0.009955579249462993 -0.0035310243661260334 0.004531381614636402 0.00012454599938010796 -0.017697621582323932 
