number of atoms: 19
number of fields: 9
Multipoles
---
0 0 0 | -0.38287975296402 0.0512662042405127 0.08069994241275612 -0.05256125838784448 0.026406577352737395 -0.0768121641868888 0.057072044664697875 -0.036651081274793246 0.09668652896145156 
1 1 1 | -0.36750753389866553 -0.04815106729487042 -0.07228236900696189 0.057720301591662054 0.02351511282379668 -0.0712374960765845 0.0547377448222378 -0.02404779697878719 0.07139352734127326 
2 2 2 | 0.13106614979106024 -0.04196370100225598 0.02623399047416351 0.010107600141179587 -0.008651766421224096 0.008429359471269753 0.0019631908070174772 0.004290493036413564 -0.0101066900911768 
3 3 3 | 0.1214803226631963 -0.002655079348958287 -0.029627622732107974 -0.042058962585295644 0.0021178018703196383 -0.0021438285208696594 -0.006924080213557397 -0.008290737643003709 -0.01124648178989995 
4 4 4 | 0.12841383385765692 0.03916832359074445 -0.006285029253947861 0.03337935972809157 0.006101896249552532 0.009020369147247654 -0.009981374830851241 0.004187373722616295 0.0018856642843685563 
5 5 5 | 0.12592813635846778 -0.04215344073423892 0.0134489220895994 -0.02510119951699923 0.005775676580055802 0.012918455321113156 -0.010165570237044902 0.004112938914640522 0.0031664147880831367 
6 6 6 | 0.11981423304615779 0.01649249513971238 0.02789359085583638 0.03919881489502417 -0.0005109283849585907 -0.0017651930304755329 -0.01011595782481831 -0.007761029758704232 -0.014180813507276837 
7 7 7 | 0.12156887572406516 0.034689411236855906 -0.03048767478533542 -0.021048208591944464 -0.008360728269077296 0.008023413116852281 0.005423133984496957 0.008861992603813871 -0.010656015579245217 
8 8 8 | -0.14842679372593537 -0.08153955743925562 -0.041805549622556566 0.017639526305535447 -0.062314663586795015 -0.029156304572694768 0.05075789765540301 -0.08016597136580554 -0.04488811587275279 
9 9 9 | -0.4347903955499328 0.06488809523875462 -0.042357294198583424 -0.0319415477295043 -0.08081839735348946 0.03995313303662467 0.05495411914415633 -0.002590889269921339 -0.00015326733001305728 
10 10 10 | -0.43110367728482846 -0.005648203054231018 0.07760296302339831 0.018184495156132557 0.04324644565201587 -0.07066806854671702 -5.694185691084823e-05 -0.08493177267847137 -0.02681531804407098 
11 11 11 | 0.11917748934293804 0.0045661622328824255 0.02389284547576952 -0.050132531425704306 -0.002828504920760434 -0.007169386055246993 -0.000524873417180633 0.014754719112690847 0.007096271789523042 
12 12 12 | 0.10079734755363556 0.031546600813517595 -0.009705810828785516 0.04123006950097037 -0.01026001458257567 -0.015450548157407117 -0.017731410954333497 0.011524319459660716 0.0025052038573523637 
13 13 13 | 0.13233793234452995 -0.004949447881333229 -0.035477395487172034 0.03046802288308643 0.006184447475089765 -0.015000087545370957 0.007028127083404634 0.0038919487699937147 0.012137380706913281 
14 14 14 | 0.13125271302881503 -0.03099385942626844 0.0059930907441496945 -0.035023669493969595 -0.008383178605753244 -0.006876562551091081 -0.00999859601215374 0.012499727127644002 -0.0043652013212139495 
15 15 15 | 0.13151925750754245 0.045822365839963276 -0.008896974820617042 -0.010820329962617238 -0.007024670415404797 0.01410010760239639 0.005233697857335869 0.004231875756828508 -0.002177789446101888 
16 16 16 | 0.130861406128017 -0.012311941310688879 -0.01105613856459311 0.043432742162685896 -0.0030720429409350513 -0.004932373408289747 0.009435904209889354 0.007585338777391931 0.015870078706798175 
17 17 17 | 0.13413118738726726 0.018591193200612866 0.041215037983447195 0.019590370240913285 0.013293492246171981 -0.002501036876861067 -0.0033665544165298717 -0.007733573325122481 -0.003975168185836561 
18 18 18 | 0.13456439127483866 -0.02565350109743771 -0.002991199510245931 -0.04077923692598882 -0.002619313851905694 -0.005349330006761228 -0.016498460199105388 0.0018074268625010413 0.006371542474971397 
