-4.780300067484518	0.5172170779348948
-4.411783144640883	0.4974465317173024
-4.3747239392559	0.4989237779184292
-4.099649430711081	0.4851917679107441
-4.445276727797452	0.5111835189503849
-4.506864925748405	0.5079849739509084
-4.547525090106016	0.5132258466527239
-4.472006260824322	0.5090161676355721
-4.642536697003325	0.5149108530106167
-5.802954254577341	0.44569371235074207
-0.8601166956071754	0.3785142111860667
-0.8588242863109098	0.37977507999092724
-0.8655253997326848	0.3804135037934518
-0.8588900677983393	0.38341439433460833
-0.8586666645062461	0.38335750955952425
-0.85150747839047	0.38047472066601334
-0.6423739805545726	0.3506973396011435
-0.8457257766110176	0.37826783078310705
-0.8577496135659568	0.3852816648735057
-4.462732912735409	0.5014067099315912
-4.801182353887628	0.5221762022877434
-4.78770434192901	0.5204642736763504
-0.893440971129901	0.3814855385473082
-0.9217068739649955	0.388486536885866
-0.8607366697998203	0.3819024860367239
-0.8707042758829442	0.38519127965869276
-0.8753532652447393	0.38609211385336606
-0.870739196756439	0.38724134649646214
-0.8655188064462576	0.386351989697481
-0.8667067651268645	0.386837649192103
