-4.441509983755438	0.5109570713623898
-6.949488803894787	0.39903465210098243
-0.5880442840166913	0.3558514507947023
-0.9332604573478723	0.39256389141918874
-0.8870712488045279	0.38390109986615295
-0.923505580370133	0.39254188859879696
-5.053456293772144	0.5255257386685201
-3.475007068541106	0.462777553223291
-7.003480714937634	0.4020922030024924
-6.311022435577707	0.46385773940947467
-0.8240151616250508	0.37540638596080417
-0.8151001369285656	0.3776022136052027
-0.5784850303672402	0.3382901991663634
-0.594632029690942	0.3414300808671631
-0.7964422785929477	0.3765338417105017
