number of atoms: 26
number of fields: 9
Multipoles
---
0 0 0 | -0.23572360053283514 0.07689334847436452 0.0044562638883245236 -0.0157859827144564 -0.03356286610887822 0.018505712383821423 0.026546973679338972 -0.07368933513162933 0.027026526975021555 
1 1 1 | -0.41956010417763867 -0.06776026073847374 0.05212310114393127 0.0021972925397402187 -0.06891796664640866 0.05221161390120943 0.020411964700644703 0.008926167324685872 -0.010820062395250529 
2 2 2 | 0.11518964641418794 0.014841637020782873 -0.0187268882519005 -0.0006533139874064685 0.18394951707408502 -0.08742346390237618 -0.19742369136887156 0.043571807211984455 0.012190955564945753 
3 3 3 | -0.2018708616556717 0.012903778367892972 0.019701647670847193 0.005985014637381951 0.15697213905284266 -0.0377968318946529 -0.10260867009503419 -0.03621918703608873 0.1214160181992821 
4 4 4 | -0.1943205541782591 -0.000954575063095379 0.010581860449053007 -0.017773731123984067 0.1299338358182491 -0.10989005801488622 -0.11690784779121821 -0.06727847677637212 -0.041783695647811155 
5 5 5 | -0.12833538315149795 0.009600474626217236 -0.01589875346402572 0.029947021698505785 0.14041181367735753 -0.09425954089464288 -0.10269444552731169 -0.09754298281616855 -0.04155258840890232 
6 6 6 | -0.1318734520206446 -0.014771719447626362 -0.019286152937658816 -0.024877110476765364 0.15935154419776082 -0.016150422082508626 -0.09847843580404372 -0.051453562712814635 0.12004069160528522 
7 7 7 | -0.16491882130754654 -0.003860162264157387 -0.03482816213558236 0.006376365011823482 0.11989606082744456 -0.040818072051740546 -0.1633623139368427 0.07721818606729529 -0.004628646053063554 
8 8 8 | 0.1325982350720588 -0.028006283263796027 -0.019517062812536207 -0.03730400360956977 0.005317393617512898 -0.005707344948615611 -0.00918540861043246 0.01390845421709883 -0.004100811969106414 
9 9 9 | 0.12124690727837162 -0.007474220510664623 -0.0026865424231045814 0.04881187064824498 0.004964654127312298 -0.0111536594524869 0.008338410564590754 0.01762459735895821 0.0062123672013880155 
10 10 10 | 0.13973061035913426 0.02203298351342245 0.026234914861193476 0.034292436363470374 -0.00017007572748213803 -0.012219208292389646 -0.011976879906508035 0.005465955494239909 -0.0016607339446947833 
11 11 11 | 0.13938531129430332 -0.02093296694655739 -0.02717303559837646 -0.03928753013054395 -0.010367207690496512 -0.005662015586603995 0.006406629333638503 2.2199239997127466e-05 -0.015388040505495035 
12 12 12 | 0.14169926702916047 0.016637338244991185 -0.02008960788585915 0.045349888515070644 -0.010737065304225545 0.009951428897465935 0.006398813897969513 0.010916776535045745 0.011871742913514814 
13 13 13 | 0.13789103118990254 -0.017917715643712875 0.022446678755855078 -0.048362126335497975 -0.009137684204292968 0.00912718144162799 0.0054087706066320955 0.0111053500034977 0.007367466548174199 
14 14 14 | 0.13828408718781293 0.023296433556738317 0.0321343071142003 0.03965379964958012 -0.011050070134828817 -0.001420954995906589 0.004290003199323838 0.004731914918401619 -0.014164269754033317 
15 15 15 | 0.14246578050214442 0.006125918164797716 0.05472473167972732 -0.008515636982526494 -0.007443691139388241 0.0025895060541982957 0.013997951009116112 -0.010815699054547536 0.0019602994757656556 
16 16 16 | 0.1394279752630193 0.008045678485922926 0.009717666085504242 -0.04711435561642436 0.007268828637825624 -0.00917841300608626 0.010196770451098906 0.009788780037450536 -0.0003479819243197166 
17 17 17 | 0.13038511141747522 -0.01759611455532886 -0.044945174599216084 0.008658927328755919 0.015574644867236753 -0.0026121740568575682 -0.002668761464973474 -0.009334799960059915 0.004065194117941721 
18 18 18 | -0.3749976459836599 -0.019410489269433145 -0.08080461675158479 -0.04320017118591857 0.050739797390504916 7.086133988661577e-05 0.008549863175522018 -0.02910392272627103 -0.09745278273537468 
19 19 19 | -0.38588563471139903 0.011300966953898615 0.08050404842291466 0.05429591368839362 0.051216058140343794 -0.05278301502366961 -0.011608290511599948 -0.04662320938910279 -0.0920723167830348 
20 20 20 | 0.126337333567896 0.036130180475112635 -0.01706504722821937 0.028971918865391678 -0.006088246770997764 0.0022780424892054263 -0.006300179128264256 0.016737446127482992 0.005699595174162745 
21 21 21 | 0.1252927949945698 0.01233235846656586 0.02641641884592075 -0.04014737286549043 -0.0028565298051089834 0.0019334567621230238 0.006995451905946694 -0.003646115514398734 0.01720249998373659 
22 22 22 | 0.12511801257463362 -0.04728721905537772 0.0021510215416214993 0.01547099267585725 -0.004508480664837237 0.013561100504478264 0.010971463821015895 0.0052539996300006815 0.0015307616372157908 
23 23 23 | 0.13443292562688958 -0.032335290950971506 0.025310957081654196 -0.029346932022155305 -0.006353578379805953 -0.0021835723086500924 -0.009443945334831637 0.01335177049010284 0.0044299709445754735 
24 24 24 | 0.1261751455065887 -0.01337740263944631 -0.02533254130387995 0.041074963571992286 -0.002365199261426037 -0.0057148349634681996 0.004938297226630018 -0.00661293442037126 0.01696714574417005 
25 25 25 | 0.1201432891080737 0.04844763660555019 -0.004625491134425836 -0.009369315421699569 -0.007213406940159239 0.011251860379310877 0.01268808140544199 0.004378619564159388 0.0013357709968567946 
