-5.071236465177666	0.5339410579866798
-3.385466577080219	0.46721682011601423
-7.196091163617003	0.41254372037344855
-7.123513253542421	0.4121967890512557
-0.8361469207791999	0.38356582009288726
-0.8078005736178155	0.37558535537714305
-0.8421141353303933	0.38481397783922056
-4.591348461000629	0.5063730566105887
-5.994212807306346	0.44413976697761975
-0.6078704478023355	0.33676481303470585
-0.5968322153057571	0.33641404301651645
-0.5595546409477307	0.34601805850416684
-0.8702281630759674	0.38142010664052217
-0.8363908787942117	0.37501658138023675
-0.8264082613321394	0.3754003427176311
