number of atoms: 25
number of fields: 9
Multipoles
---
0 0 0 | -0.666210943400416 -0.0007467485495106823 -0.017981288082263316 0.005562589223537815 -0.04674738661113631 0.07148139058413124 0.04872475785695642 -0.06833130718099119 -0.010558093791760526 
1 1 1 | 0.8738936498056793 -0.03173980155427071 0.046748040751586444 0.005625299306477255 -0.11317878165278322 0.021832156225570883 0.023666379130314125 -0.16112469576917726 -0.08414285968833103 
2 2 2 | -0.6586820712216301 -0.08081380534816592 -0.019506803462817048 -0.0059449659578549125 -0.045150236448987385 0.06906285887480976 0.015632585277525222 -0.14341803203604306 -0.0615632433163918 
3 3 3 | -0.9673226068675804 -0.017621081133903167 0.002592836674021011 -0.020131862375532897 0.04890864260481459 0.0006569049102224169 -0.011147691899583454 -0.006961667552203083 0.01954354490676269 
4 4 4 | 0.4183954667592086 -0.01873598172132436 0.015113055153904554 0.004984688854561944 0.005534751608604772 0.01205846883123015 0.0029201100174826 0.007219720647119835 0.003917095775475985 
5 5 5 | 0.4321178264548653 0.02757858194538687 7.711749722227591e-05 -0.0005362566840142374 -0.003905698689809236 -0.0013926330627362666 -0.003326345168352571 0.014599905874496858 0.0068207063204829155 
6 6 6 | 0.1601531796100658 0.03382389902625351 0.01444152993536673 0.020021569225556327 -0.012465895100124054 -0.004536292459402391 -0.00394681036058126 0.005646804796435857 0.003234897367876497 
7 7 7 | 0.18913451995365493 -0.0005795995953944776 0.0020587076759702666 -0.043903928346981765 0.00427265467000271 -0.0018416779213553344 0.007676176762051278 0.008162812891533727 -0.0064361046771017946 
8 8 8 | 0.19794908847278658 -0.01560138779272167 -0.038025553377235795 0.014928389612548673 0.006738932335327795 -0.0060390218695151295 -0.0007868038429478637 -0.005525381771137126 0.003591314385876285 
9 9 9 | -0.464266926023587 -0.028875338006785226 -0.05415273057730435 0.026985577830924406 -0.010701308812875149 -0.058260555845592095 0.011871855565012593 -0.004849846773322883 0.08533977336679399 
10 10 10 | 0.385152989909491 -0.08701449043121834 -0.10182687119653731 0.026054710599334275 -0.04078410938844055 0.07991925913487283 -0.1647648250422682 0.04433510027827321 0.11945088762637185 
11 11 11 | -0.3431903184300342 0.050506458293053905 0.03532135709999755 -0.004858310278538226 -0.08073643664826818 -0.16413845712306116 -0.0432730785953933 -0.07122964530422056 0.1334139708076561 
12 12 12 | -0.28694428622234724 0.005052065797113886 0.017677001791424635 -0.019526648932867118 0.0014081942932926373 -0.03944856390620542 -0.0760331340359729 -0.030569999746390707 0.1801293712280418 
13 13 13 | -0.12809258277154534 -0.017143209598289928 -0.029293596232562256 0.0066461999961027855 -0.0015966665311651148 -0.06224576300324367 -0.08418260418899234 -0.05138450948773118 0.17232687213733217 
14 14 14 | -0.1462222377507798 -0.005267887898028439 -0.02093699318376773 0.005012849266232956 -0.10221345863883195 -0.11932118946546971 -0.0974934223072242 -0.05196738935391262 0.10366989868394438 
15 15 15 | 0.08459695270324552 0.022861212741595045 0.03112403334322726 -0.01862581029095328 -0.09284541587711448 -0.04302771103036901 -0.1554284814288163 0.004568450250251026 0.18092734218687687 
16 16 16 | -0.6014800844542414 -0.0061471309273361105 0.0801191095020484 -0.08425550560632697 -0.017408176926027454 0.009511802932774444 0.04967179369336644 0.00997345705863665 -0.09071508548984948 
17 17 17 | 0.4499601788005412 0.009941886635289793 -0.013528603079188354 0.016014811143050436 0.003980915770089659 0.011994446105160757 0.001954111824027044 0.0051923042545618595 -0.007957136000756492 
18 18 18 | 0.15624195528003448 0.029981124971746653 -0.022391747770989425 0.03358036446655639 0.014035858680355692 0.008241262850896028 0.007540542989755421 0.0002162100699559521 0.0033402671820761186 
19 19 19 | 0.16919495909738758 -0.04625221261637604 -0.005922860007366259 -0.021313684173119945 -0.007641300357203369 -4.994076891433741e-06 0.0014078961896296278 0.003069377007813864 -0.016895907316579226 
20 20 20 | 0.14159901289478893 0.04966885399369877 0.008008387045740976 0.021082613618457147 -0.008764306494256266 0.0014995076400712217 0.0008528745720592603 0.0026807614464655085 -0.018711864656948175 
21 21 21 | 0.14812076780945171 -0.02057272259403939 0.03236076836427851 -0.038214768551840216 0.013137236658681129 0.015573166574262422 0.0012691665257081423 0.00384381719914447 -0.002062515546285462 
22 22 22 | 0.1487464840547219 0.030869303063354368 0.006313251116275082 0.0345505617213039 -0.01033029749192456 0.0009794190150184323 -0.012886700926519671 0.005411450782507242 -0.0051677334980228294 
23 23 23 | 0.14910608547467386 -0.036053938227639096 0.0323582759397659 0.005609447980332229 0.005905785889259345 0.012577778849623298 -0.006611700059554248 -0.005242099397027293 0.00473376200213016 
24 24 24 | 0.15560755251175462 0.012008550740319415 -0.02044155140274194 -0.04316614574726009 0.00030537932726277834 0.006703238862669962 0.00627229374147126 0.012547524011414138 0.0018227937620802469 
