number of atoms: 30
number of fields: 9
Multipoles
---
0 0 0 | -0.42342243210634845 -0.040575573767448365 -0.06004203178592681 -0.05436129900552307 0.027799062174350752 -0.06339663541855318 -0.05306097371952078 -0.0073611966503462295 -0.10493321174685984 
1 1 1 | 0.2589650880094734 -0.003032929966476968 0.042663786805339436 -0.020022138902065393 0.13341180604115244 -0.08593045776269145 -0.13409508013605015 -0.024898677985845153 -0.11682926649694472 
2 2 2 | -0.08458220548949402 0.018891903243958508 -0.00587425985607566 0.034248242396300525 0.14631282302858034 -0.015086694789426487 -0.12173151433735353 -0.02015548872593237 0.12442284440974687 
3 3 3 | -0.007866773759206858 0.04183865881343929 0.031364909260821555 0.06962494902179694 0.12027281416698897 -0.05440896183710668 -0.12161058249178927 -0.022790903794743623 0.00837091273112954 
4 4 4 | -0.12401194110874059 -0.041097659891282674 -0.07361433720565591 -0.055046412815266496 0.07150432310266219 0.01745014002579129 -0.06445238527309019 0.06804093776604983 0.11960602549011277 
5 5 5 | -0.08984813493939381 0.08594006199523745 0.024023948977823843 0.026284952593887967 0.12235151846344583 -0.10059445818319272 -0.11077901249792198 0.1372201676100273 0.12321364422903797 
6 6 6 | -0.2847210918077625 0.020477988602320616 -0.03162148306230297 -0.054689431312912824 0.1799891087225989 -0.11326087872313718 -0.12224768407332037 -0.014818457264465614 0.06736870247343825 
7 7 7 | -0.2552354076024761 -0.0018961686217609998 -0.012445559795824325 -0.0622110680653383 0.07626384189954566 -0.13378822397844822 -0.11348139032786142 -0.09733095269069318 -0.023197338123175724 
8 8 8 | -0.10166925504108804 0.02323667748563822 0.022307189378884457 -0.020625769928829384 0.1297763214549853 -0.08848938606149298 -0.1413278115931909 -0.056882866841809474 0.07603183556260537 
9 9 9 | -0.4001722375583521 0.027981027749805435 0.025043769717938966 0.04646219412399351 0.0523448398482401 -0.01983963137567392 -0.056780718644940706 0.028700216468085207 0.00438497167693909 
10 10 10 | 0.15458513510510374 -0.05917667447502205 -0.00397356270331945 -0.014328515674418502 -0.003906357135666363 0.0007593848166726572 0.010769017878179793 -0.007978950048516007 0.008580629271257818 
11 11 11 | 0.15868292438776532 -0.02008885280748175 -0.019044672062071045 -0.036767499584065354 -0.012306772284027231 0.005255890927600478 -0.006070563979912585 0.008547568134231753 -0.006623458917409267 
12 12 12 | 0.15019187708115522 -0.013562300229318962 -0.015360857473981642 0.04814903723411518 -0.008292119032528621 0.011563159843434657 0.013545285602491002 -0.002651041647189346 0.009397431647955371 
13 13 13 | 0.13190151630367752 0.016232592753286278 0.014722572190158805 0.047910943414003024 -0.010685280923803633 -0.0015279174437562533 0.0002955153387316288 0.007012946620709908 -0.016816046674582065 
14 14 14 | 0.3528821376865403 -0.017687164392027107 -0.0002022852239002561 -0.031829047175449536 -0.017235629912510386 0.004883953332456574 0.009255416494411313 0.015354020727076034 -0.006825317906888585 
15 15 15 | 0.1363736043556123 -0.022161909831781172 0.05315433359321501 -0.005581423624359811 -0.010718456981691975 0.010649674119949151 0.02529244385126534 0.005168081328410345 0.01783272096501218 
16 16 16 | 0.14260880077541538 0.03751471022686248 0.006783397087710768 -0.03312942883585457 -0.008078918027069735 -0.0113821692143431 0.004123726112173341 -0.006409952026616159 0.00685239976310543 
17 17 17 | 0.14409669941760106 0.007824858424414738 -0.03629896193337364 0.031084876532427554 0.002779393813867963 0.007007129623506277 -0.004792631566388321 0.013448070375689203 0.013114246082829038 
18 18 18 | 0.13804735671045987 -0.04125374023762807 0.02701728912500784 0.00278794002793061 0.0045106621275485025 0.011803404262571936 0.007215269121521784 -0.009554612729795927 -0.002423401686365278 
19 19 19 | -0.14040541817392604 0.006231771887763346 0.04699398584487009 0.05019999076523938 0.1407164340748882 -0.03667216238017853 0.017382841912033813 -0.04116689831546416 -0.06823855444643583 
20 20 20 | -0.42129929038538627 0.03157881045609731 0.008497887387937155 -0.08120827678291674 0.09914564474978683 0.0021632974727226213 0.003959984047955026 0.08074574962027262 -0.010031351337797992 
21 21 21 | -0.48806776904652693 0.005354019632932938 -0.04977849276363957 0.04432004613435761 0.051356620440863 -0.024934620646450387 0.0028422166699362487 -0.10119766531052056 0.029197497392684502 
22 22 22 | 0.09766893451619085 0.04723512381049876 -0.017562798721928154 -0.004945141859739328 -0.00674797546116377 0.017304714852128623 0.00558573255985105 -0.009603212029360911 -0.019196938286212394 
23 23 23 | 0.10126320786366805 -0.04545156830478883 -0.0009782602312465504 -0.018185160300996425 -0.014232171352478121 -0.007535465681665175 -0.015856876641298822 -0.0017982741277608556 -0.015586157135573835 
24 24 24 | 0.11524485737875523 -0.03616493476806846 0.027045464943954385 -0.00019839007363641451 -0.004322528390988231 0.010521771925092606 0.010093203898427376 -0.020763353585328725 -0.0062138114118631465 
25 25 25 | 0.1418734681098136 -0.010931566113635821 -0.021303633658831898 -0.04161018120946251 0.004862119353321072 -0.0018180471454630905 -0.006809464137073018 0.014645894532345136 8.500506987751963e-06 
26 26 26 | 0.16909792299652981 -0.02524903622693585 0.008664097114500217 0.03268958596045044 -0.0009217024261964201 0.012355201782054837 0.010622725096982621 0.013756853567198335 -0.008969278500755367 
27 27 27 | 0.13447886099444595 0.03750168635673259 0.015290659211732484 0.0227372042815279 -0.008007578619176062 -0.003307334904627957 -0.016185766667174233 -0.010134801911982827 -0.004708132083135272 
28 28 28 | 0.11076127161478722 -0.014477378992943116 -0.04659030167683003 -0.0003138575006369355 0.002207600418532294 -0.005777487365789612 0.003151820872068118 -0.011634206800815361 0.01740710388222 
29 29 29 | 0.17979315835203147 0.04461454507783628 0.008973324155438788 -0.000567069421556457 -0.01111861250541619 -0.002467001761897071 -0.006580282450768512 0.008308805099262725 -0.0016302663629270072 
