number of atoms: 19
number of fields: 9
Multipoles
---
0 0 0 | 0.3940660707134169 -0.005083903650797889 -0.013033214893317508 0.11551752347859932 -0.0490562666058438 0.03548350735327348 -0.019363810827858846 -0.042867722148588555 -0.021409445517753322 
1 1 1 | -0.5917747529792887 0.03120100035527333 -0.032589419394079486 0.029679460320902944 0.012348431845346505 0.06986533188747061 -0.039766592344067125 -0.1394227084014376 0.015573624227282288 
2 2 2 | -0.6053506016543997 -0.046141239416380216 0.007814053305718419 0.023643895858100186 -0.12787552039743957 -0.07490037626173753 0.027913078940797996 -0.039054557834859886 -0.013312606534557065 
3 3 3 | -0.745539763124329 -0.01801922877786915 0.004133310642414375 -0.07534097243345964 -0.08808547566486914 0.03222890267407981 -0.014688038897541804 -0.1477891354849144 0.025343091255199127 
4 4 4 | 0.025903474385271963 -0.019809286790920463 -0.042922283629777624 -0.029500924418217566 0.01304617408417724 -0.0193828580967766 -0.020668039386769015 -0.007204737414380144 -0.03935972783413938 
5 5 5 | 0.17151056769283868 0.02497460618997049 0.01768609420967173 0.03135262953477231 0.006353716917266813 -0.014415700214188535 -0.006868894401566919 -0.006997607146922818 -0.008925100068131608 
6 6 6 | 0.17511985115160256 0.0013993481357461913 0.027609734935778955 0.03386754068357406 0.006821131854400218 -0.013354513996664753 -0.008162135617100044 -0.008816584588566287 -0.011195215699558331 
7 7 7 | 0.15022199197278086 0.007088985225367077 -0.03700682848909161 0.01764990044217175 0.0027071738587316242 0.020639422406918805 -0.0009957933363131427 -0.007768010698001011 0.0063952718028404566 
8 8 8 | 0.11787291851039217 -0.006864681698741265 0.00822916712087639 -0.036547467888832424 0.014811632451443624 -0.004790654303312853 0.013808365478008235 0.016452437123314873 0.008553552993426703 
9 9 9 | 0.5336508061658194 0.004170870227185115 0.009416720927987614 0.009305578694479202 -0.00012196813989743142 0.0017980743442712701 -0.007896487751299421 -0.0012109794289043127 -0.011940486074612195 
10 10 10 | 0.15918345701628878 -0.035185211485169725 -0.01619792052284575 0.021131920678355745 -0.019513927221526232 0.001415504409920799 0.005290138856173934 0.004884794272111371 0.0015404815086922138 
11 11 11 | 0.11220400158064225 0.008298409539824072 -0.0013497587114138772 -0.03822537405810685 0.013484913618630245 -0.005120713281403385 -0.002585900342743806 0.016599015509350976 0.016476957090277352 
12 12 12 | -0.7571155352165908 0.0006769048149167236 -0.0009449022405301922 -0.02137039838350005 0.016086369236784987 -0.12749266852958405 0.027953143844000928 -0.01729947127825985 -0.18947047726453428 
13 13 13 | 0.9558141314708832 -0.0037962056891454165 -0.0416014822543886 -0.04202503223127123 -0.027771715106321468 -0.09950887588916539 0.08798874702556467 0.007673203518839004 -0.13032787776493235 
14 14 14 | -0.808073637606693 0.015725185973902205 -0.030106481234789706 -0.034550719870279065 -0.09233679098639626 -0.06361794931527191 0.05008800359490358 -0.05024391868766287 0.002093311305919125 
15 15 15 | -0.786328357580043 -0.04924891132110935 -0.05813517905382549 -0.027699563804073363 -0.025129575588517368 -0.025574251160942175 0.09536957523228129 0.008788531832456556 -0.05928724364859297 
16 16 16 | 0.16947245987403348 0.01230399949136253 -0.02550523865723615 0.02505803888467659 0.004561021294136756 0.001906587199272224 -0.015706038748209458 0.018149453646221822 0.0039043255711947527 
17 17 17 | 0.16921540119492584 -0.036963014749238444 0.009999413668188946 0.0014319839682767775 -0.005980344560211282 0.014932695035808592 0.01156474432854868 -0.003036577493818119 -0.010647606608776715 
18 18 18 | 0.1585112648202196 0.022369016837637583 0.01512804725623086 -0.024879813431675894 -0.004885228232704574 -0.021106866614997 0.008325970016424909 -0.0073165970205109196 0.006713503748122622 
