number of atoms: 26
number of fields: 9
Multipoles
---
0 0 0 | -0.40811934762865487 -0.0057008394342450835 -0.04807110901414434 0.09741449452122777 0.006439355297506673 -0.11075959530721656 -0.04223856400280582 -0.07298208145273988 -0.005651871885932741 
1 1 1 | -0.4117809792226659 -0.001941992972275062 0.05948198351776296 -0.1171941059131459 0.08798182440469178 0.04675832066270321 0.011356435628905252 0.08326733457528171 0.06650470117731717 
2 2 2 | 0.9130577169742073 0.03417954584015498 0.06931145794326884 -0.0015051502486968884 -0.08528195555991623 -0.044169987933735035 0.08300418292258356 -0.20017559969099996 -0.050604993301285504 
3 3 3 | -0.8473946801911509 0.010463810806819676 0.041628211523849254 -0.001554079628305134 -0.09610276954774172 -0.07346650227892546 0.059469937978820116 -0.09670469244990529 -0.02593537242000453 
4 4 4 | -0.7997184307678946 0.029775773604896253 0.03242517898631788 -0.07277823553229737 -0.07210137788901128 -0.04410300878440536 -0.027640776392740984 -0.26679934829446866 -0.018897474026936856 
5 5 5 | 0.10525208035686917 0.02770088358981086 -0.024769464273585014 -0.015432771583625434 -0.0013676133494191095 0.006718208311792819 0.0045189648127181795 -0.015539013615752792 -0.030124111683167018 
6 6 6 | 0.11380856708114429 -0.03582993373133627 0.021619115193898 -0.004513342806724943 -0.029977391415182797 0.0014133501016281341 -0.017842383003238704 -0.010024813585537631 -0.009415394593481714 
7 7 7 | 0.1260338295139597 0.0492582744510316 -0.0013333653510123993 -0.010982406817292631 -0.01616043138827108 0.012645983363563127 -0.012636816787964017 -0.005604392355457675 0.003585656281762465 
8 8 8 | 0.09701006241777965 -0.035159911485527655 -0.027872838469011677 -0.018174308003871216 -0.0011642303435534878 -0.017449868623908654 0.009531821208728903 -0.016695320767860317 0.009312913047459789 
9 9 9 | 0.13433774938655108 -0.007224993597475156 0.04616676088123526 0.015443745098289071 0.007540174849109596 0.008647062471229459 0.007920827814419431 -0.004604083476430289 -0.01918363076759163 
10 10 10 | -0.46310535689189436 0.0673513708817983 0.0010208956886987978 0.05101297389115831 -0.07088295983392769 -0.06316335324457693 -0.11396295280872316 0.024351055684200814 0.0017062889360878724 
11 11 11 | -0.24718709837177677 -0.03440618565617424 0.028435550000424838 0.012863018591836261 -0.030417354857413603 -0.1809957818159844 -0.06542415682231673 -0.02894869578599195 0.1253455497031505 
12 12 12 | 0.3947160266344296 0.05613041645631421 0.033033478723469165 0.10917546974740204 0.0021720191762525675 -0.1586389287900685 0.04708956843061532 -0.03799041930136621 0.14835300111852043 
13 13 13 | -0.17930178684240605 -0.002973344587356264 0.026444105780838494 0.013495735650131666 0.03568807076960045 -0.08688840175158231 -0.11032600048904538 0.094061878885917 0.10493525109664224 
14 14 14 | 0.0779148716512621 -0.03774431280760167 -0.0056580914907287845 -0.017276395376125877 0.034635010289965545 -0.14086933860571765 -0.023543785615004555 0.05353773899355658 0.16743289322560273 
15 15 15 | -0.3525280759146101 -0.04554274306732771 0.01682016759923133 -0.036365100658824166 -0.0020640132682618077 -0.10227623505110264 -0.16154804119975666 0.11512416477134764 0.07507374758733623 
16 16 16 | -0.15748285178189558 0.012307233198547755 0.01652157536690598 0.03249583389660866 -0.02938678624192929 -0.1653398624590055 -0.06778567983563973 0.017991625936822735 0.03901721608780226 
17 17 17 | -0.5067969898768627 -0.10531785649213284 -0.041042099747676676 0.06986635260676595 -0.010452411976477201 0.1539443144949193 0.01584752534595904 -0.03301640261209022 -0.019258074816800037 
18 18 18 | 0.18672316455062954 0.005342431362353242 -0.015059559447671695 0.05127810049952516 0.00676285133109262 0.010668861415394875 0.0019460156046909542 -0.00021689960643398392 0.008020011661778568 
19 19 19 | 0.1389417737363916 -0.03409421208378986 -0.03243727252206497 0.019385907028741215 -0.004481075453030705 -0.0021966025412274515 0.015315638371828031 -0.017006627768799208 -0.005509488204209863 
20 20 20 | 0.14313614168251088 0.024484132227469597 0.03454515110205152 -0.02004507873748799 -0.009097793446789442 -0.004129943280298223 0.0079628654024671 -0.013166498747953592 -0.0070836465286520135 
21 21 21 | 0.411654143297138 0.016213526204093748 0.02004963549911766 0.000662364273782381 -0.0012018452879109783 0.008911261478739975 0.016854452555651954 -0.01095269386571785 -0.0022366680006930756 
22 22 22 | 0.1321711183725497 0.020146372762972483 0.0199617805516375 -0.03513566477915254 0.010146553750957023 0.001281873342557766 0.009010170799690022 0.010362044467203261 0.013718506953658187 
23 23 23 | 0.13884745042316238 -0.02546078158439015 0.03172755883178081 0.03050831166130546 -0.020682819698439717 0.008732876795817338 0.0025793378698351385 -0.003709460566903038 0.004437062689004908 
24 24 24 | 0.1197116744452249 -0.0010435906423666705 0.025441048991348636 -0.043371204811748956 0.012571727665241313 0.02254725647819732 0.00603241555503305 0.00824198700365246 0.0031548435371028727 
25 25 25 | 0.13747588123032806 -0.0027188635828241637 -0.046382722916535245 0.0019870111731902116 0.004679948581547561 -0.008372956525403258 0.006760302925718266 -0.014073390909717457 -0.0029619046752711836 
