-4.740325432704243	0.5171918322465144
-4.735126316712697	0.5175605748966012
-0.889629425079792	0.38921917644051174
-0.8747199279355586	0.38525767295569596
-0.8556917072783495	0.38028520593294124
-0.8706219796937925	0.38430068860789846
-0.8739282312113288	0.3870169567710356
-0.8761917922517486	0.38731136543181705
-5.030172574229868	0.524825661025114
-3.483195514783748	0.4631740230266796
-7.015640163070667	0.40422749763175436
-6.311833222454341	0.4632811434212431
-0.8313276729449477	0.3792072403364451
-0.8192882953315374	0.3780326878016774
-0.5761958261489021	0.3418135828738419
-0.5860106170258076	0.33983815303471754
-0.794574625323993	0.37332763946084124
