number of atoms: 26
number of fields: 9
Multipoles
---
0 0 0 | -0.47501465607577575 0.0336467506074158 -0.025401308072520615 0.04908070283350685 0.0703270390890097 0.05031720944939162 -0.0504530500564998 0.022030130364629034 0.05151848523644845 
1 1 1 | -0.15888532181435 -0.016215930900144084 0.015906713273227575 -0.027160778688545443 0.1673515230359568 0.08344476111439895 -0.03883502153983489 -0.03752021989964396 -0.1310645777159201 
2 2 2 | -0.13564683275380407 -0.006856584424876124 -0.016421744475202702 -0.029506999088640785 0.11577181845226868 0.15503918719523044 -0.10347694007838466 -0.04479312116903896 0.054061485503828284 
3 3 3 | -0.12638247294980776 -0.01063115451565994 0.030770616078692668 -0.0009496977469565014 0.1450549302254483 0.07269481530944488 -0.1242248681873441 0.10264493923222938 -0.02410004058537835 
4 4 4 | -0.2008640498957135 0.010097372519166838 -0.013217176551652578 0.004340259892877294 0.1352193802374274 0.08048173706305264 -0.11710307477998162 0.09338473277066538 -0.0642747926754267 
5 5 5 | -0.20247883708531145 0.010823628910201676 0.002732302346272879 0.016792913273695868 0.12117490768320277 0.15073554470031747 -0.10377219009909237 -0.05990479933857929 0.018145368539817717 
6 6 6 | 0.14648657606410698 -0.011950770762407366 0.01791768407074861 -0.028592675529910547 0.18784215734678797 0.1268628131968225 -0.07530462712616072 -0.02318635668472646 -0.10957869265954491 
7 7 7 | 0.13909865208136207 0.025313869549949942 -0.025735352004874593 0.04139457049659988 -0.006502978055479715 -0.008225054943558166 -0.0003921901352396151 0.00738294308620988 0.014511806527073609 
8 8 8 | 0.13841073701839657 0.004627695009265244 0.0272913336056892 0.048458229960919474 -0.006035253398276929 -0.011803285550129489 0.009001517856941135 0.0062335844951667795 -0.007857210225304832 
9 9 9 | 0.13615520150169114 0.016435164229945325 -0.052818628333801694 -0.001793313710118494 -0.009314202443717246 -0.0019355455014710575 0.01091536244667152 -0.012965784718548411 0.0008900629847097966 
10 10 10 | 0.14328051382391116 -0.0171393477112856 0.048805327611485066 0.0058234119714462365 -0.010567140081264477 -5.9948249129388095e-05 0.00875683374455162 -0.016310492149317544 0.0025583217286486953 
11 11 11 | 0.14093120471039788 -0.003825105812323242 -0.028111771827281692 -0.0435277100884203 -0.007209213416671413 -0.01273384161897201 0.0041873582389581184 0.011336303702900887 -0.009379163351932411 
12 12 12 | 0.14854805960180517 -0.03592867262188995 0.01922958485168473 0.024820458617877916 -0.003464790492607399 0.010467181615304664 0.004928631557471144 -0.011506431612095075 -0.005887322093217928 
13 13 13 | 0.14590673795981468 -0.01616498485638998 -0.03991539461603624 -0.018499742055363637 0.005418757079751873 -0.006176982426677504 -0.0017095019231924684 0.0016070320331723772 -0.016812748079687738 
14 14 14 | 0.15478430831518686 0.03584214168967979 0.0243408051424923 -0.021267294821159122 0.005742704820088974 -0.0066039410472992915 0.011975318495643095 -0.0031270244318970333 0.0040549979463418324 
15 15 15 | -0.1417771458124637 0.07001685344476823 0.02257013336324755 0.041728418361570124 -0.0636332266843487 -0.0016865946153308857 -0.029197451904098795 -0.007772531002468719 -0.09554144134414279 
16 16 16 | -0.4297129182425454 -0.07514046441148736 0.027844405016076258 0.012860166110754634 -0.10397574643344981 0.03983396186491927 0.004046716406992566 -0.006237647961497261 -0.014649452033226498 
17 17 17 | -0.4404370331313139 0.006016302488483077 -0.05707895592509771 -0.051089242471069884 0.03470188075960145 -0.026090383806612185 -0.0327136903131659 0.007952569533650592 -0.09119938846546206 
18 18 18 | 0.11990656657694199 -0.011483386394039848 0.029501100908781833 -0.04528293382912446 0.006504477008487684 -0.0023704236918754558 -0.00902053335761278 0.004503182856731302 0.012287611914609017 
19 19 19 | 0.09905645107503214 -0.019078976775641465 -0.03979202894662735 0.02866084274290383 -0.0022831748337579717 -0.022920968472450592 -0.0016389691128992643 -0.007020527320988085 0.01280807952029754 
20 20 20 | 0.12907923040576452 0.004490896664283649 -0.01749876181436532 0.04383026857662317 0.008670151391849465 0.00039325310577362053 -0.01637213089439559 0.0041509685387723354 0.007955770306370284 
21 21 21 | 0.13092159048425656 0.016378811542203664 0.04325373679611683 -0.007047338301686417 0.00236287214333212 -0.02056596362500988 -0.0005910133661267403 -0.004293529454643913 0.0029773848828423197 
22 22 22 | 0.13513492218145073 0.019133135971808064 -0.02890261459461501 0.03175769431793497 -0.0023968082476424624 0.0010390515508078516 -0.010466174936753435 0.012447607663439008 0.011975097867065776 
23 23 23 | 0.13520876069380405 0.028601191786156836 0.027583103624459065 -0.0252595447593444 -0.007689308858184798 -0.012141420798066734 0.0006189400480521234 -0.009568218268667735 0.010154686886043587 
24 24 24 | 0.13351743225244883 -0.002021661413433346 -0.029174554331670644 -0.03886951252952043 0.01413595562038008 -0.0013301886029150225 0.0024786328759436567 0.0004395440578900891 -0.008441911691604855 
25 25 25 | 0.13216274830727692 -0.04669371983573175 0.010190242755866082 0.0020593265841096784 -0.011045160879824375 0.010933388838436153 0.006833413757979289 -0.001236982230932333 0.005011090417865257 
