number of atoms: 22
number of fields: 9
Multipoles
---
0 0 0 | 0.05930123695083722 0.0023104217857918166 0.06431764578869564 0.014256673230710094 -0.035251493381845134 0.0016176942313304355 -0.001167081445894318 0.056421115931693015 0.03821439883256944 
1 1 1 | -0.4614778989538477 0.02608586217115044 -0.0375141763367793 0.056335173895552655 0.0675427740169158 0.013506162602932886 0.0024777854291867553 -0.00026319591139290177 0.09548738965585915 
2 2 2 | -0.46885157613474604 -0.05968922928136663 0.008758540100189442 -0.03113444074647927 -0.052074928945779315 -0.04769019871168902 -0.07707250517313124 -0.014148659919212629 -0.04342037082470125 
3 3 3 | -0.47178856838448446 0.054493114374284744 0.007279442965392843 -0.03365148595902121 -0.01179399511770574 0.0567647041625586 0.07484091885432582 0.0013115647147221405 -0.04180828259927692 
4 4 4 | 0.10798129111213839 -0.0026563601149893075 -0.05296041222809522 -0.011457272382660245 0.007141241280440371 -0.005810300335784562 -0.000720611124410347 -0.009942833173926701 -0.010959189119825692 
5 5 5 | 0.1309907093507744 0.004445029432988658 0.03604194467892424 0.02716138481292682 0.004331048499008806 -0.0025953220744997884 -8.634495364125163e-05 -0.02101784419784152 -0.009111932053163295 
6 6 6 | 0.13146179572606176 -0.0441265735727029 -0.013501282699880995 -0.005354167272098408 -0.014468955357643072 0.0014362012521747596 -0.013937582912248071 -0.0014058750552538787 -0.006138024598598679 
7 7 7 | 0.1374009515903214 -0.006418159040962665 0.04379980797630528 0.0051394188248180175 0.013265000592182752 -0.005375446392985917 0.004632172112668478 -0.013091103237728819 -0.006115566746838579 
8 8 8 | 0.1362849057625195 -0.008634877426754438 -0.027472487575837833 0.035975232170393334 0.012674389696119179 0.003727643815642292 0.0016407508361843742 0.008242914448756552 0.008641055285586428 
9 9 9 | 0.1384694837195306 0.02742293624883515 -0.015500495693963785 -0.034145871769706695 -0.004253746016126038 0.004508174114474902 0.01646583243144443 -0.00298604453911539 -0.0011839721850838206 
10 10 10 | 0.1389990040594864 -0.03286311379946257 -0.014231101443147468 -0.02930013912752141 -0.009389143327312518 -0.0024587339792843453 -0.015194892299058857 -0.0028394835290810384 0.0020092546231557018 
11 11 11 | 0.14123881551727302 0.012426483421311679 -0.027044226327856948 0.03418757634695659 0.012819495797331005 -0.0021458798750563102 -0.007124208216131761 0.0032631446847877104 0.010322352091895085 
12 12 12 | 0.13721732158463174 0.008909558898161479 0.04315536738581921 0.004936912288858793 0.01234435020986165 0.003128184571214664 -0.0068392683042338325 -0.014134350453901056 -0.008149484147484187 
13 13 13 | 0.1434357544118664 0.030044982927866337 -0.008203876719939095 -0.03521100335715661 -0.00799483417609999 -0.0011014566421692885 0.011561539796541958 0.0006880270681634257 -0.010296511849669312 
14 14 14 | -0.39107633795258234 0.09649565420423574 -0.026881292415580037 -0.0025950718541673194 -0.10733214889193363 0.009729725737290109 0.003909483787971301 -0.01633372302384762 0.018923774004895977 
15 15 15 | -0.3958234964432972 -0.0983230873253218 0.0187423397143046 -0.005018345839247751 -0.09953576000809775 0.04953166926735608 0.002525538902577813 -0.0076153429952438125 0.0005547029230267164 
16 16 16 | 0.12978367717750905 -0.013692487509010306 -0.04697406059390263 0.008332955232915419 0.005577892007344879 -0.0162333193154242 0.002180257408016974 -0.002742709651525462 0.0017872202802194064 
17 17 17 | 0.13222049726983287 0.0004971571452595425 0.03378133515844568 0.03826366679530489 0.011674463885265756 -0.0007496495082987744 0.009852826698048508 0.005611095283240173 -0.002880674582654593 
18 18 18 | 0.12324992602879148 -0.0015143171124094841 0.015928941514298474 -0.048068153333280725 0.011432564576481537 -0.0019245774057321029 -0.013561423326160097 0.00011321406290580641 0.004994375049861834 
19 19 19 | 0.13806107081298646 0.013290869692388286 0.04931401545072605 -0.004681648034653127 0.002608415442373297 -0.011637671384235618 0.00097081487435132 0.00039651958195029494 0.0033124421449557107 
20 20 20 | 0.13218226299068836 -0.0036979166912705906 -0.03262922501006646 -0.03870394274820692 0.01277804773146271 0.005319696144402089 0.009218853736178652 0.0010366647448984412 -0.006871539042711391 
21 21 21 | 0.12856100607476273 -0.006546729147759861 -0.020109483412678087 0.04712776633804551 0.010323644917009829 0.0037949389345900107 -0.014078916448188023 0.003656984775488351 0.006682701845341191 
