-4.49891327293956	0.5051588786204654
-4.805517689873109	0.5231504177976637
-4.79345473033124	0.5214816008520242
-0.874251330711509	0.3763629037104474
-0.8916191441183093	0.38289980965133874
-0.8648255028421394	0.38452836221668196
-0.8684085969897158	0.3846747512122324
-0.8690377521538741	0.3870107739662672
-0.8680914762062828	0.3864845312254446
-0.8725513822786277	0.3878022792979311
-0.8580170131717848	0.38388417953826803
-4.78393576777161	0.5186373226782981
-4.119328400779577	0.48963882620232874
-4.404363581285238	0.49986392650307515
-4.3811625832534755	0.5015726269102821
-4.439322755935541	0.510629099535672
-4.634024332017304	0.5163650502225169
-4.470985418117691	0.5094069834761296
-4.508657141993227	0.5104174173766426
-4.544370221930232	0.5144433651264421
-5.80121744775246	0.4464713129023794
-0.6423748869763212	0.34973410234857705
-0.8437704329134016	0.3782624614506577
-0.8447896900637764	0.3797404753598529
-0.8600480609331784	0.37862484762771753
-0.8617839146353375	0.381174119279017
-0.8517828113977923	0.383302521320118
-0.8591394951760993	0.3824542585912295
-0.8585454930322386	0.37955656995525083
-0.856744217774591	0.3857380594150017
