number of atoms: 20
number of fields: 9
Multipoles
---
0 0 0 | -0.1779035339867434 -0.0072610376095010466 -0.07829499231296383 0.13477144907586502 -0.05510958116001515 -0.013009952697910594 -0.022386786938315514 -0.08528199193629296 -0.08425486105798728 
1 1 1 | 0.9508388000616295 -0.0017326984966970558 0.004851692861845305 0.013242297430130298 0.06795701019761369 -0.09945479957683663 -0.07002540332646055 -0.01687886394725335 -0.006789176716596903 
2 2 2 | -0.898231442576277 -0.00022355796730508736 0.0339676562658288 0.0007828316175593413 0.01001058683124477 -0.03433373938909791 -0.013801997334594134 0.0012243521804582624 0.009652906523068211 
3 3 3 | -0.6029803954070285 0.002860015436129728 0.08397944421229163 -0.12910187116154231 0.025775814078567275 0.025600085552862716 -0.006415927212649271 0.02868940414765933 -0.0036430226410055864 
4 4 4 | -0.9541693659622021 -0.005657554992528114 0.013486340919229659 0.01772960122567444 -0.06383279566293977 0.005161961399940811 0.01912209141270489 0.030771803023554815 -0.012549906828701943 
5 5 5 | 0.4771962824639775 0.012638307292260306 0.011786788840608282 -0.017966767288332394 -0.002763898108416792 0.002173322755162321 0.005223350165151177 0.0006629701037113305 0.011982790288520775 
6 6 6 | 0.440027999015258 0.010261266374332164 0.014424395219506154 0.019562777171349556 -0.005202867127217244 0.005330716190403803 -0.007522621349437805 0.004068941048387969 -0.009986023300836736 
7 7 7 | 0.371500133794333 -0.01907143852460476 -0.02824654590942228 -0.0071990204583080135 -0.013956591406953113 0.008120845615498496 0.011636156600319773 -0.016083051730080514 -0.002625324888009852 
8 8 8 | 0.4201018380906574 -0.0060036630856665114 -0.026492116327644116 -0.001372507422891818 -0.013728386212632943 0.0018642276915536926 0.005923373845163314 -0.010060974551034451 -0.006070195739735395 
9 9 9 | 0.44427485800345023 0.008710377292683799 0.009770493161965346 0.023762876022242727 -0.011228841881097506 0.006498300193257417 0.0004100094807293996 0.004735207440318781 -0.009512520925714656 
10 10 10 | 0.13492005109551553 0.005455526017893624 -0.03934637374871167 -0.04584696235834128 -0.0141220909674213 -0.0021932038109785026 -0.0030772431579232733 -0.005193777072883591 -0.019902509880411038 
11 11 11 | 0.16401209003016204 0.05538496372339286 0.029684034601570482 -0.0036485496350320275 -0.00460453289446647 -0.005449077277663985 0.004403428348425286 -0.012569304246602634 -0.018959032335947923 
12 12 12 | 0.12834455337365247 -0.05036246313943205 0.03519940187681647 -0.0006818720541499558 -0.009204105432366789 0.0015973817867136694 -0.012898088997841858 -0.013753732265854232 -0.014173005328607435 
13 13 13 | -0.7215444421122195 0.00930063592234782 -0.0051378256867178 -0.0078122378208265765 0.07514727550358287 -0.1180140269017271 0.059638321268377655 0.011792833226411649 0.056608901935420286 
14 14 14 | 0.9661610795803437 -0.014944126429885482 -0.05781036125417959 0.02605581653412661 0.13102161585727098 -0.130503941198619 0.05054962049593263 0.021539250241133255 0.015366090337367126 
15 15 15 | -0.8548212682825245 0.027913994227750063 -0.04401964010061552 0.017650830242963673 0.08770125487926263 0.01322929181510523 -0.034523513385762185 0.05598905620468612 -0.05264967619037753 
16 16 16 | -0.8061144346987827 0.011165534344511953 0.014828809938723968 0.06163141962774932 0.09063859516789621 -0.06514582648419297 0.03760828107218334 -0.007954729064745415 0.023639924730963567 
17 17 17 | 0.17793559190288133 0.03330915056720675 0.0034490486683196914 0.021966697236035584 -0.012545811756237838 -0.010941673491329199 -0.006768282790908436 -0.003056921799773855 -0.004441171121650742 
18 18 18 | 0.1749109878803451 -0.026766706805713955 0.02856418891658084 0.007770026651906609 0.004283023846118401 0.011028955073489511 -0.0035462546164310837 -0.013118742291988825 0.0022908893030597435 
19 19 19 | 0.16373278279616155 0.003042427872185704 -0.018770315494852145 -0.03350346548376396 0.009363708310728953 0.0006461407170584263 0.0034465097251474134 0.01650053510828837 -0.00813187858185052 
