number of atoms: 16
number of fields: 9
Multipoles
---
0 0 0 | -0.36920007594387005 -0.06391742838634645 -0.07001214239499089 -0.0324094203124494 0.02247163596880691 -0.10509059214657566 -0.04952877673169735 -0.05783012270125251 -0.06934837200455674 
1 1 1 | -0.38176458886052433 0.04981779135381809 0.07665985669354712 0.038597264153508594 -0.01052606083210242 -0.10311199948369949 -0.051833236131503084 -0.04997817088756768 -0.05733875443078119 
2 2 2 | 0.12198077034829646 -0.021124671292783805 -0.0010439193095489751 0.04507949786362492 0.00851324379919783 0.009873962691862938 0.001020380230901095 0.012061369210345544 -0.0073026866053840424 
3 3 3 | 0.1263669919452255 0.04105627986361787 -0.02735594066006843 -0.007139160794572043 -0.011367390711117873 0.011775537772372044 0.002455751311427712 0.00761984008518524 0.006331366386834444 
4 4 4 | 0.12165469102386883 -0.016743070265514682 0.030948716095982497 -0.035630790893697695 0.007816402749495235 0.005737210999278825 0.007606687821808261 -0.007023988874985191 0.012432576862628521 
5 5 5 | 0.12736433105728318 0.016217141467462073 -0.02928131901777304 0.03698103843109796 0.007915248979220644 0.005123448419952062 0.007285596600074086 -0.00632762155145447 0.014239285054738083 
6 6 6 | 0.12659915522407283 0.030195173301774066 0.002402242843373479 -0.04101358337146592 0.009474435550376444 0.00946425070538395 0.001833659700690511 0.012471330478206167 -0.008980435361146163 
7 7 7 | 0.1274565595817334 -0.04148780289895107 0.027729091312077944 0.004529622812294065 -0.015541763956847813 0.0067700295474524 8.697117371594057e-07 0.006601913233152533 0.006259221035111735 
8 8 8 | -0.39026987493283194 0.08794875727829726 -0.03313273818695677 -0.033020188132581056 -0.0595756982564071 0.06704064444323873 0.053359759893204496 -0.0021950109451636377 -0.019717846052181676 
9 9 9 | -0.397468657698564 -0.08787647399327564 0.03599593148377534 0.030661949335505236 -0.06998318223911282 0.04408989828124401 0.05305204226673902 -0.0027480572552572072 -0.01823579443790004 
10 10 10 | 0.13053374689981234 -0.002072226057138549 -0.030802311417765186 0.03973611411658905 0.010361309081931528 -0.009528715450922499 0.0058046968486918545 0.005468821993527533 0.0057016243587196536 
11 11 11 | 0.12523359446752824 0.017700634180615817 0.0473626233685576 0.007250857795765026 0.013611798980110543 0.005052270461231404 -0.003582250334697757 -0.008498158716348852 -0.0054603269632253 
12 12 12 | 0.13453239173596898 -0.02659091093917181 -0.013035010848291818 -0.04114525860603474 0.00012019823348296734 -0.0004457511617298974 -0.016217059263975337 0.0014996135301473515 0.002281953231535188 
13 13 13 | 0.13483952994615978 0.022326906412942063 0.015478160834285428 0.04304203339020568 -0.0035342928477428088 -0.005437000011196622 -0.01578261194380695 0.0006757060032659753 0.002625957558902076 
14 14 14 | 0.12772327843732245 -0.01919085265908873 -0.0476677978163226 -0.002895424542690485 0.012899903046679763 0.0026344765865896347 -0.0034508910909876976 -0.01050439027299334 -0.005679608408157845 
15 15 15 | 0.13273965359611672 0.0012579164913393006 0.030665941442206916 -0.04065429147302647 0.009165628365798586 -0.00990013655344593 0.005124590103300699 0.006877812999059544 0.005807920564078069 
