number of atoms: 24
number of fields: 9
Multipoles
---
0 0 0 | -0.37867293056742035 0.08330931881304232 -0.005753751512396413 -0.05011485095048331 -0.08452655269885985 -0.025963666792272595 0.08204630356158467 0.02599440054521072 0.004710064712664674 
1 1 1 | -0.3864718844664816 -0.08714131037696847 0.006488582836303293 0.05105798912020478 -0.08070381221179831 0.020131902017581405 0.08827372724630946 0.032251301450612994 -0.006436518261353217 
2 2 2 | 0.1517210061557447 0.005323503483557888 0.04875814701496246 0.02107673536117997 0.008927539463287282 0.00025178610831365995 -0.005547352596494978 0.002129481008333639 -0.0008335493202021564 
3 3 3 | 0.11515272520520481 -0.024274141753832777 -0.003600427225955034 -0.04107485893914884 -0.007258893139291208 -0.006478987455134767 -0.020874365317232364 -0.0011466068638809784 0.00323333296369117 
4 4 4 | 0.12517292097407118 0.008179885240954164 -0.04053616420607516 0.028536326364989623 0.01149164035735444 -0.010189403712591473 -0.0011619496508951082 -0.0005672217537226352 0.010050265121496454 
5 5 5 | 0.1285344102968079 -0.012843871271092969 -0.046160111817545944 -0.0166685196397011 0.012595978106369796 0.008240853910594852 -0.00278982131701685 -0.0034250141420500892 -0.010109627376475508 
6 6 6 | 0.1260881248455512 0.02780302778642032 0.007100240163350547 0.04119256672539035 -0.00491657593947356 -0.001466638500916731 -0.017996690854081978 -0.002333414342292995 0.0014443646026884725 
7 7 7 | 0.1219491657042806 -0.009031967851589367 0.042480047009470584 -0.025448296388076403 0.013184125862323726 -0.009126767143329115 -0.0010839797703001727 0.0020243427718372856 0.012351438291446332 
8 8 8 | -0.4641563837041529 -0.052577039121400285 -0.046203679361566295 -0.0045579922872658095 0.013202609546281953 -0.11067300072387053 -0.001999153535324247 -0.023244258503026395 0.012588954478256646 
9 9 9 | 0.3839762412473062 -0.08270385655494737 -0.11991527996964772 0.013660590497184917 0.11218714139936527 -0.02291842881378864 -0.03489913263553129 0.1875622143430775 -0.04163299267266206 
10 10 10 | -0.3325792869447186 0.024092036746444855 0.0478439874450495 -0.020172732726078356 0.10667431436835371 -0.2307293849241532 0.0069955355461715696 -0.02571679879758657 0.058942511464528585 
11 11 11 | -0.26991063741050425 -0.0032687477636599723 0.032830160087666926 0.012719182128323804 0.09160591622291467 -0.14400565744835697 -0.034149441901579244 0.06893117924772506 -0.07436761335085243 
12 12 12 | -0.13670823821968447 -0.017780854005530936 -0.01849359088579269 -0.0015882539768850663 0.11507539510576048 -0.14534354122254084 -0.062035154629455115 0.04793414679880793 -0.04589822899361904 
13 13 13 | -0.17111378229737895 -0.01005176275681146 -0.0223602921977451 -0.006035279484580009 0.10413927102270117 -0.16751888317627137 0.019351947543533535 0.016652912197405327 0.0505643779711498 
14 14 14 | 0.09443660992961433 0.0204860587847573 0.03603656870949234 0.009250452802968503 0.13642250204113773 -0.16078411189094172 -0.007462050328215746 0.1351367106346862 0.022738774117881146 
15 15 15 | -0.601922425218099 0.03966028970219425 0.05661346877878295 0.0941110273607584 -0.07709129145834315 0.08091212290018626 0.05886820685326841 -0.049799923142624616 0.09709809355773995 
16 16 16 | 0.14913568258970167 -0.005732966123015924 -0.005343055158551934 -0.04875503941944962 -0.0036488034343218215 0.005119585866706955 -0.009090881163735727 -0.0019472597084868348 -0.014908939019526748 
17 17 17 | 0.44465849843176264 -0.006282097999335071 -0.009745621166059391 -0.019713933929631333 -0.004286801801719908 0.016736302335686654 -0.0007082991925044125 0.006279009116399967 -0.0008470583842954192 
18 18 18 | 0.16651796730558144 -0.01711457741975517 -0.025400271171439424 0.04063597037826225 -0.004023542321071858 0.011426189104580061 0.008501613183815227 0.0006112873240604375 0.012838235127476205 
19 19 19 | 0.1400633340942642 0.016218465202696045 0.023367420983890545 -0.044409764341742514 -0.0044682134192990264 0.014764801643314342 0.010387330998850825 0.0008442826543157861 0.014591179692112507 
20 20 20 | 0.14781299995510877 0.014056348407834506 0.014932608509300914 0.049992770774927954 -0.0028223096866917996 0.013321630179677288 -0.008052622010564184 0.001656905292904866 -0.01270831875482336 
21 21 21 | 0.14835321001977175 0.038182691981752385 -0.026967898450831914 -0.015087204778928472 -0.013799722712063641 0.0011678552599194518 0.0074334459831502785 0.006931355292165149 0.004267919916976363 
22 22 22 | 0.1455695520825636 -0.0037561512598992823 0.004743736987009064 0.04587206190421871 0.006951105933403546 0.004160586739637715 -0.0037034214605643602 0.015037047785082419 -0.007484086820215656 
23 23 23 | 0.15013948539742583 -0.0199311199316284 0.03463096967008078 -0.026513748088837986 0.0074401545646934466 0.008442040584227792 0.003364971740996184 0.0007296990189851647 0.011105705301177307 
