-4.800180891734256	0.5175463096023644
-4.749681816810818	0.5196025527617144
-3.520772051650972	0.4656068990124954
-7.004944001326207	0.403009976470975
-6.3025603872174205	0.46354584225053697
-0.821279731105108	0.3713342773077678
-0.8509913981911023	0.38028107556036944
-0.8465129701860709	0.3804843335860262
-0.5810427608217785	0.33911580936378094
-0.5927042834411194	0.34113229971446146
-0.8716256228423095	0.3868476311001913
-0.8590480238627549	0.38471225934780384
-4.7746512696429315	0.5178106983181301
-4.104867822615692	0.48621673470569726
-4.4241622392041275	0.5009482787052623
-4.386912746959939	0.5028004349361614
-4.450582330775169	0.5122117845157501
-4.629795502711716	0.513055591911723
-4.470715797107574	0.5080525216855222
-4.518721551597897	0.5103343540436173
-4.540395021715126	0.5124996468961036
-5.796597135233401	0.4454186199796228
-0.6352448413675235	0.34853682524299173
-0.8390884294999208	0.37645570018213864
-0.8491441094244296	0.37653347298165146
-0.8624641239794785	0.37977570819106143
-0.8599371074720543	0.37956160186384813
-0.8523249351808948	0.3808031291124089
-0.8550543760204008	0.38226313905203263
-0.856031696509265	0.3786837362896195
-0.8645191720649711	0.3868720203956066
