number of atoms: 24
number of fields: 9
Multipoles
---
0 0 0 | -0.4614840403226932 0.012428881957436817 -0.05447011936047534 -0.04124256149010201 0.04607303305083148 0.024054345924770754 0.05297437009170323 -0.06275118391315021 -0.05234210890687611 
1 1 1 | 0.3932613468732784 0.0549030505563658 -0.09831737728058661 -0.07053605772695082 0.042399151387720116 -0.16607008139435278 0.11746876178948214 -0.0318185900178903 0.09343891556718427 
2 2 2 | -0.3509051911353973 -0.022109535915274568 0.026530252385258978 0.044920370069641655 0.09725609302244194 -0.01330261888565962 0.17163151755539144 -0.03194459603191636 -0.13341442930316988 
3 3 3 | -0.2837784669042662 0.010079890303659345 0.022627657345734846 0.007270392228097182 0.0896335699807893 -0.09395784236871393 0.10735626244717208 -0.09828306724822702 -0.02790622050056345 
4 4 4 | -0.1228217227195314 -0.0009661336472701502 -0.02260298681984579 -0.021754846320541168 0.10178875323189857 -0.0760276899187742 0.10585514933166051 -0.10301550464806841 -0.050959645252348855 
5 5 5 | -0.15261639282697903 -0.0012895628745349544 -0.01719837092148244 -0.010753654192990783 0.07158270760798902 -0.027041922902949687 0.18472808592469334 0.000598396996143224 -0.07480054965250349 
6 6 6 | 0.07900836363383501 -0.010462683837013941 0.03796703121381046 0.01786558920721833 0.07409278930327497 -0.0935226650962632 0.21511297153052603 -0.045311379496858456 0.01455626903720996 
7 7 7 | -0.5718722532834306 0.07586679479848286 0.09066462333205183 0.016276216887489852 0.031545125026246824 0.06014234767903662 -0.04347872091116948 0.10198705235317822 0.043206254436239266 
8 8 8 | 0.4348794777866738 -0.015233180907743187 -0.01896308867645102 -0.00020316602011719983 -8.97397883831734e-05 -0.001564897783766828 -0.010875696343435983 0.005914846716198987 0.015000869631205293 
9 9 9 | 0.15471195021066908 -0.018780284084870532 -0.03683027727725616 0.02533111881257025 -0.0001771979586058174 -0.00533843577280659 -0.01448637139837251 -0.009537859353476261 0.0019832318640836196 
10 10 10 | 0.16839072782093456 0.02884114867071738 0.00010834857559005808 -0.04085777874428126 -0.00953899298538047 0.0047692714029172615 -0.0017517818572808986 0.014618571220482018 0.0030781389163683334 
11 11 11 | 0.1367665133632131 -0.021126749313984342 -0.00826623308207859 0.045990576955556424 -0.012175669600866149 0.005753104467252736 -0.0006192212169086481 0.0162850375974508 0.0015373291298740165 
12 12 12 | 0.1428755517495679 0.022425082619521305 0.04558667146088385 -0.01531473644884812 -0.0029704900612428924 -0.007881467486330666 -0.015523132601771655 -0.0056273319324035434 0.011190285183375333 
13 13 13 | 0.14667794163769177 0.044803317438634103 0.017296476765963863 0.000278697980212971 -0.002852127225363616 -0.01517705433463835 -0.002041790371728456 -0.006072650467216913 0.005715935030059865 
14 14 14 | 0.1422745950537192 -0.007145151343569163 -0.023170740619491734 0.04027639198059564 0.0006151077528831767 -0.003162051124668265 0.010415134525937281 0.013743491716140565 0.008050084485463052 
15 15 15 | 0.15047555741928775 -0.03731401460886435 0.01823280658721842 -0.025512182064644666 -0.005980680237562051 0.00946973968719205 -0.0007648623309441334 -0.005603124229308378 0.010519564707136076 
16 16 16 | -0.3714175758331866 0.031065699608689764 -0.0694969093327096 -0.04797971165814058 0.050763917678660744 0.02709114909123439 0.028071410521749458 0.0025470924927313864 -0.07338080225701767 
17 17 17 | -0.39279839490772517 -0.032890242354544505 0.06875451764809246 0.06350789990188332 0.05162088051257305 0.05709800451605447 0.039121794483216954 -0.0307868123230431 -0.09590897139307276 
18 18 18 | 0.1198739350333905 -0.017221372594106 -0.02955852417050538 0.033793870115713276 -0.0019510189524184866 -0.007013044607230243 0.007758821830923648 0.01562933580716673 0.010255254899560006 
19 19 19 | 0.12347494726252173 0.043032713716811596 0.022484749400625954 0.0036298481248454592 -0.0005870597267719392 -0.015787015728780295 -0.012481526832303191 -0.002426954516933271 0.0026584563837103994 
20 20 20 | 0.138060440287465 -0.03426516832516033 0.019759786146833647 -0.030178636981413556 -0.005558925045432589 0.004424866012199835 -0.00852056319467892 -0.004523052162939203 0.013987816617377915 
21 21 21 | 0.12456238559653343 0.018530864501878016 0.03452766284898245 -0.030264056296184363 -0.0009870342595900618 -0.004278599618389603 0.007825901258515454 0.014906743665331863 0.010096825001692736 
22 22 22 | 0.12719292765053125 -0.046881357958835156 -0.01631987737903337 -0.007120904903730823 -0.0004343286776541151 -0.015534837539863473 -0.010403111203655073 -0.0034762855017484366 0.0011471996651132845 
23 23 23 | 0.12354622752576916 0.03529170091650261 -0.013056437509615512 0.033666646590386234 -0.006167451290950562 0.00979759750861416 -0.004900594787608052 -0.007256904821934072 0.013838848436656335 
