-5.111800380824391	0.5432076958389954
-3.361979609865248	0.4679700752100424
-7.167310302182627	0.4134244022981375
-7.176039285714835	0.4169870439638858
-0.8375202482999137	0.38206375393175895
-0.8285762890970335	0.3820836478023241
-0.8352773115292961	0.3850827793431305
-4.779376209113704	0.5152301783253185
-4.76282610636044	0.5231805594726738
-3.483599565330582	0.46252150051009294
-7.052949762690339	0.4057573024264502
-6.314442860459188	0.46558657835996564
-0.8083245891168127	0.37324294589161316
-0.844095303753761	0.37547270621600126
-0.861275171199861	0.38601078700139035
-0.5931294628153876	0.34311938545586995
-0.5722465046456137	0.3400399808988963
-0.869152190213676	0.3872395646378879
-0.8814897497785144	0.38957130707519805
