-5.027831627420064	0.5246891763297925
-3.481235997895899	0.46250700946423706
-7.001022753825454	0.4023089395220663
-6.319969813351667	0.4647951065481054
-0.8446851023179972	0.3810132107890201
-0.7973213854419681	0.37183626638476797
-0.5744390533479151	0.33678776245321684
-0.5964743664915826	0.3425844944991264
-0.8082097292529283	0.3776075006496232
-4.442807335916908	0.5108870965512223
-6.948568495152432	0.3989864508201327
-0.5872840393554624	0.3558298447425328
-0.9308272018159891	0.3921746798854569
-0.8861262738659684	0.38361464119815336
-0.926470335463508	0.3931071997760568
