number of atoms: 32
number of fields: 9
Multipoles
---
0 0 0 | -0.18068011338181744 -0.08151565833880044 -0.07367485976199684 -0.0996758034675864 -0.01717615193633823 0.06325536488736207 0.03614769684034988 -0.03058915485245009 0.09778136711547937 
1 1 1 | 0.9512634605217487 0.0008531778827911049 -0.01937089630222878 0.011014162990474972 0.0853368258574955 -0.04968443510378428 -0.07648810834532092 -0.006710434238446411 0.06209809846650312 
2 2 2 | -0.9103968071649309 0.009729082269635812 -0.00911970700712061 -0.00204527593398659 0.044064123567910715 0.010506277746226202 -0.032023026853592415 0.01955120339257505 0.02277998593970932 
3 3 3 | -0.5955738488155609 0.08728450661051589 0.08811525872403889 0.07811142913941767 0.022210752027280324 -0.025203423142972754 -0.02398646086326751 -0.013524840434136869 -0.012830695347552974 
4 4 4 | -0.9225764141215853 -0.014962436616442787 -0.01781165163980614 -0.011309409957402638 -0.00843791306365958 0.0073650267926483395 0.03779098327800745 -0.02324056668615751 0.0031785261061928016 
5 5 5 | 0.4646928587101493 0.017531488140276868 0.01197985447680388 0.019687263028338925 -0.005560340909326315 0.002958397740382429 0.004501894092029853 -0.0008670386726059233 -0.008682035326866845 
6 6 6 | 0.44287985274668773 -0.0064586945643382515 -0.026341142274500285 0.007585680429043581 -0.004157581536688866 0.003935276240701515 0.009778070338408305 -0.006197929439836155 -0.00046699437558629496 
7 7 7 | 0.3966887522385185 -0.006665113772014383 0.022029229731070316 -0.027319778408377605 -0.007981088842491166 0.014353160409402292 0.00842538132166491 0.011087557507870357 -0.0005148136946476373 
8 8 8 | 0.4434378998999364 -0.00980639283773579 0.00984705439990419 -0.024750366997093882 -0.005094893113540059 0.01110116542041756 0.008874411155513321 0.004762376145402597 0.0038390293358672284 
9 9 9 | 0.44369027063888566 -0.008227688849159741 -0.027094080992909143 0.004264486817317925 -0.005367195739415347 0.005278763456689101 0.014156985877228183 -0.0061464888386703435 0.00046802500340330136 
10 10 10 | 0.13295412904571446 -0.024942991871235765 -0.0075429734595145815 0.05482661288475599 0.006172299405240101 0.01690833622655905 0.009323119547750792 -0.003749989998956152 0.0165584777207185 
11 11 11 | 0.16334659390436645 -0.012043563992301689 0.05862754757667904 -0.013650171748830198 -0.001242633618007445 0.008188616947592191 0.016082905301031 -0.0015847486138771448 0.010365794049936781 
12 12 12 | 0.14304737460198091 0.061567878125024414 -0.013973213218056207 -0.010126757671632982 -0.0032445452853325637 0.0027366046355914077 0.008131629333079557 -0.002199931655229029 0.01971043217103564 
13 13 13 | -0.41860938909284506 -0.005683745788457186 0.05661803963525513 0.05844349508933434 0.05478546391981156 0.02288348700025652 -0.02410005886719699 -0.07771965343803941 -0.019403097876964093 
14 14 14 | -0.056193654066399645 0.01868141632033941 -0.0639825791648432 0.03293263494471392 -0.08641625598247205 -0.1085717715611776 0.15816607433438234 -0.052738459146306926 -0.06427304675868487 
15 15 15 | -0.03791316855646176 -0.016476982840805503 -0.10444573629243645 0.006751763299058793 -0.012197645470689798 -0.048152018414382707 0.127545716096062 -0.0960639833406112 -0.10142543265970966 
16 16 16 | 0.22860099399170153 0.0888694395788233 0.016937510944525093 0.008818224850549247 0.023454516065521992 0.018510905161624337 0.09148613454887808 -0.052155147200974736 -0.160445219022989 
17 17 17 | -0.07477173853693309 0.012360843029871376 0.09494343225109654 0.09614377372777026 -0.06662796733889406 -0.12286572318224041 0.08427782084475545 -0.023441888868781027 -0.0037714349853661053 
18 18 18 | -0.18387455725202262 0.06478261134614191 -0.014069951624541149 0.05103984111151272 -0.06731684085139465 -0.09886959928792438 0.1566539633054329 -0.02543819418594684 -0.06606234656026304 
19 19 19 | -0.21052905093385732 0.06720259905414226 -0.0001577865485122281 0.05379963739356486 0.049735917272817454 -0.01282893165884473 0.0926053151832764 -0.07909067001128876 -0.16801422622569046 
20 20 20 | -0.1304101023722195 0.049925706003833344 -0.044342440441083465 0.02565917568715116 -0.018102593858905582 -0.13058412866115607 0.07705646068779252 -0.08333010474057956 -0.0628911492014595 
21 21 21 | -0.27870368520518785 0.01919664016953338 -0.03146121977114979 0.053542241183111135 -0.0703797989345601 -0.05808507789818246 0.15925321887867872 -0.00826051522851376 -0.0730043710585835 
22 22 22 | -0.42014810030990724 -0.001388519889542394 -0.07927581657995214 -0.0037820612218115875 0.010794567530568197 -0.04212706872947794 -0.023660915493032342 -0.04898979762966616 -0.0034410612432821544 
23 23 23 | 0.14145923046969355 -0.008744691830535145 -0.054737047601951125 -0.008209613771701966 0.010882292290259462 0.003550131851344872 -0.02147292375838736 0.001535578632209045 -0.0025364047563503265 
24 24 24 | 0.1538999900735366 -0.041909675548592165 -0.02830392259496154 0.02370047263755567 -0.007429094905825485 -0.0027217193081087573 -0.010270790127459 0.0074927895388805146 0.01579282036002698 
25 25 25 | 0.157797128649243 -0.03199631352698794 0.023243911966314573 0.04197536544162189 0.0005080781242964093 0.01598517723961693 -0.005232169930437903 0.010762487243267912 0.004472846654871756 
26 26 26 | 0.1469221789599363 0.02500983961381314 0.020548884388749102 -0.03775734403720109 -0.0019044368529931887 0.002195892712290373 0.008759746201776372 0.010913196773779995 0.005607933944162815 
27 27 27 | 0.13823099155406982 -0.047910421921429636 -0.00444260101384183 -0.003764302527910324 -0.011383515965245847 -0.014724724951079321 -0.007183617745427014 -0.0008595711410717687 0.004616932757480838 
28 28 28 | 0.16750461218452373 0.04926999741874597 -0.019396941418047972 -0.041604977735545084 -0.0058185505276374515 0.0034461292125677863 -0.010615294969155462 0.011534695780715604 0.01805140900463298 
29 29 29 | 0.3676712359298725 0.019219658025345296 0.03206217404290875 0.008431359474234382 0.006372220656140423 0.0017422003364255913 -0.02159705663730415 -0.0007677936969874293 0.012593133894479936 
30 30 30 | 0.16807443509897246 0.011719326334584175 0.045713586497231624 0.022896627870052633 0.007213624103367549 -0.0008250610911835511 -0.015935260386648366 -0.00450627820584101 0.004270508713684828 
31 31 31 | 0.16582674206072612 0.03367846106455223 -0.02537905102011926 0.030437579601407652 -0.0010649337147929803 0.005152766331253541 0.0006722130058506844 -0.005606582893459394 0.0117004527095717 
