number of atoms: 26
number of fields: 9
Multipoles
---
0 0 0 | -0.47987924049759734 -0.011939648155801955 0.025186389440087522 -0.06057608849387938 0.03656844383289531 0.05009337059144635 0.0024563509951068376 0.08767676726112324 0.01907243589975654 
1 1 1 | -0.13929038944798933 -0.015584076538463623 0.020856073017642786 0.022489428217392846 0.07455257833916888 0.15281353141931026 -0.0216489679106363 0.09603416091800787 0.12037099139132691 
2 2 2 | -0.15033325270554965 0.0002958737631158218 -0.005844738277699252 0.030552019840236314 -0.0046238210598497625 0.23237574406338993 0.05583682594714752 0.0031818034492363 0.025591847963303382 
3 3 3 | -0.20279658578482795 0.0009620227971900797 0.013522771746444258 -0.011679698635054536 0.04111271185219615 0.15395700677812055 0.11271543441713346 0.12880291335652588 -0.007993546205303714 
4 4 4 | 0.15019278854686213 -0.0012280596537978753 -0.002217740303489867 0.03738333722597273 0.018182017822486105 0.2492499251263608 0.045058930483715544 0.04759676911814822 0.03575009750232595 
5 5 5 | -0.12897438621396873 0.01916826050307115 -0.021030326181311815 0.014266021908143918 0.06398313559263942 0.1363483026185103 0.11074533030241888 0.14271753026339065 0.001695701507899381 
6 6 6 | -0.20284856806848506 0.014207158356894319 -0.0024685709411688267 -0.01150779666405114 0.05474620261533073 0.17102147161612538 -0.015448027687931017 0.07240137292084949 0.11902040757241143 
7 7 7 | 0.13736821350834916 0.03534041765101425 -0.027497138693393028 -0.03255997143502726 -0.008201740415753875 -0.009030677869155783 0.0072385462238680615 -0.007654724649396853 -0.012155619197105994 
8 8 8 | 0.13586598338917388 0.0027943124359642983 0.010738197936716402 -0.05363101407619779 0.0036154473958091788 -0.018635200561865614 -0.003174819898373917 0.004970724040140778 0.0010040221908535008 
9 9 9 | 0.14372754176344826 0.03196168098209555 -0.035292663142281334 0.020208070102049832 -0.005138847199286186 -0.0049250540986542956 -0.012850395671512872 -0.012911298986853299 0.007570254997347977 
10 10 10 | 0.13543942017230426 -0.03241588886839369 0.03831428203451462 -0.023179793128003827 -0.005399363897312028 -0.005525158972124533 -0.011271016739231714 -0.013224047685677824 0.0030735801753246947 
11 11 11 | 0.15582718267304185 0.04129558667582578 0.023424343787914793 0.010381618707694574 -0.0021974838763570204 -0.0007022149345137875 -0.01362693595408315 -0.0006816993962659215 -0.008167427524295083 
12 12 12 | 0.14775838828529153 0.0024535647247285516 -0.047361381615846534 -0.008100101734418455 0.0011048965807482056 0.00449258649454921 -0.003808872882901451 -0.013589291422138845 0.008264953292956432 
13 13 13 | 0.14125765308118132 -0.03566031571869503 0.03088354401924084 0.022332444289635267 -0.005610163344625008 -0.010038031700231233 0.010842514424556603 -0.004232040419538534 -0.01382967441232856 
14 14 14 | 0.1536003554316735 -0.04217810044873204 0.01242790683137511 0.015661204336326954 -0.00914932729520221 0.007415083114863395 0.008023702117873045 -0.00553698180193992 -0.008560029554592638 
15 15 15 | -0.13982864206966905 -0.08771189960077574 -0.018663582173580075 0.01748414413917478 -0.09783683923594104 -0.022609196924330333 0.00766683810483141 0.048258877864911225 0.08999891785645678 
16 16 16 | -0.4277538506566314 0.023312150086845566 0.05422822082630621 -0.06760402983207556 0.009334636684130036 -0.05015656284449306 0.07298316152488624 0.051789813136662234 0.07665347333161501 
17 17 17 | -0.43765058688562686 0.050015015957995554 -0.02567262250534925 0.05703011845015652 -0.08330868210895691 0.033133620107629616 -0.07962602207124495 0.004952424834207618 0.053280615804257456 
18 18 18 | 0.1332162427803233 0.016821432189719824 0.05111944855499149 0.023064992042725933 -0.005455585929316765 -0.004489298686942052 0.003962939221098953 -0.0036310572472406308 -0.007512049017436393 
19 19 19 | 0.09326365816890059 0.01548832295420142 -0.03796894582771488 -0.032308351071562935 -0.012290634899584003 0.010070140191871114 0.016066567710910855 -0.007430931553501654 -0.017454496007045673 
20 20 20 | 0.12561936532881013 -0.03462887574255333 -0.014933570335403788 -0.026442402855966683 -0.014470330000283757 -0.01205333740249387 -0.008638129640742103 -0.007676043222666098 -0.009820189775367683 
21 21 21 | 0.13728882934119502 -0.016477844088095966 0.029920009072431027 0.03338788082928456 -0.004909416707613154 0.009312680028018886 0.01342118409606442 -0.010299967715578602 -0.004352093182600703 
22 22 22 | 0.12820828690835462 0.03174325569534101 0.011462502863081096 -0.03395041954226618 0.012556183836565326 -0.0035267903648353444 0.0085866061321576 0.005797477190989425 0.009105590761940275 
23 23 23 | 0.1277408532948725 -0.01703890462077105 -0.04164693591508866 -0.006058261261365304 -0.0018536556295609425 -0.020266852095243433 0.005151086450917801 -0.00472477138184947 -0.006987472465944395 
24 24 24 | 0.125076567597728 0.037207794652275965 -0.033618830633762614 -6.361848338763244e-05 0.001338328963323135 0.010070002198197483 -0.01321926793115433 -0.0033548762118510884 0.0045180126060501485 
25 25 25 | 0.13526947191020422 -0.012596457780057971 0.038102439192582244 0.02878481205864418 -0.003444885593144033 0.006747568163503982 0.0006564033839301884 0.006921837248978723 -0.012481445060649252 
