-4.839519926497014	0.520212338329746
-4.475962184237153	0.5079990556136716
-4.561926984763248	0.5108399815250829
-4.519847030265032	0.5088564981971809
-4.215999609865846	0.49159720012246855
-4.477084141339533	0.5086479938800027
-4.567195113928128	0.512319923381247
-0.8615682858451035	0.37808985137447754
-0.8578456846240551	0.3780038348188589
-0.8566319795440277	0.37866125305729886
-0.864256001549998	0.37511622763922436
-0.844075424418272	0.38075213320829737
-0.8512493920925285	0.381519691082724
-0.855544162415397	0.37968014909937886
-0.842501924011811	0.38241533496257224
-4.738179694147104	0.5166881255177256
-4.741166969113438	0.5187490486640989
-0.8755325653682912	0.3847746457172719
-0.8633345975250124	0.38222131329739095
-0.8728477070078168	0.38476502483950353
-0.8717137567565979	0.3845163133619967
-0.8734511520699395	0.3868085263019911
-0.8807744838932292	0.388622836747756
