number of atoms: 20
number of fields: 9
Multipoles
---
0 0 0 | -0.17048636276086881 0.003701365371657311 0.09011089742102348 0.12798400277215805 -0.062372892273733646 0.039289116835548615 -0.0041329660621065795 -0.06909031730389222 0.0557087780339601 
1 1 1 | 0.9574336184621304 0.02273089807904388 -0.013297104611189735 0.00673471303502237 -0.07687928240878966 0.061276687118469696 -0.000780335737262265 0.037422177362396614 -0.08296915276117524 
2 2 2 | -0.9147349483497207 0.009071815692875074 -0.017774424719529447 0.0035487154337873437 0.028555525785193023 -0.044034815836032276 -0.02001028280801458 -0.007593091552369671 0.024379918202143067 
3 3 3 | -0.6220503579532455 -0.005210614914687799 -0.0899359986212207 -0.11850846478259061 0.006597249751718514 -0.013363359310154433 -0.028828184025498558 0.014196315732636872 -0.011635565252332456 
4 4 4 | -0.9274031371061398 0.012516904969477551 0.0026239736086849487 0.040325331585101744 -0.038581966136387924 -0.047909664602442836 -0.05893064115515125 0.010376455376061718 0.0020654069194754997 
5 5 5 | 0.4149290536553253 0.008736089873942513 -0.01357682358654846 -0.022894732770990245 0.017051269184950323 -0.009187877866869903 0.0033671630818770506 -0.0029513755057251744 0.005497169268804333 
6 6 6 | 0.47887274558653914 0.018628645271739946 -0.0020729111387959766 0.017026091293827365 0.0033147190179404003 -0.013276538785185362 -0.01263035165298241 0.0003238249264475125 0.0032947230569639004 
7 7 7 | 0.3754010988789297 -0.030657865697863163 0.015056472366019999 0.004962871815159039 0.0041255545629086485 0.00024105764377490774 0.01645192487158975 -0.009608266750672908 0.014958748222319167 
8 8 8 | 0.41121651231433254 -0.02020875707596694 0.014230749619846978 0.013356430453543641 -0.0030351072021773504 0.0003275042045990496 0.006576326332967879 -0.008791537512570408 0.015235905534897754 
9 9 9 | 0.4849841062773367 0.018461893135098082 0.0007964683397868609 0.014731043098561561 -0.003522481539901579 -0.011593980459149384 -0.009556115118843033 -0.0013910119750100878 0.0047160830338595265 
10 10 10 | 0.11983444961129663 0.04566448189365801 0.017563687484556518 -0.03441921527666445 -0.016965321315712097 0.0073080118953251635 0.0006683280430565828 -0.0034811722840654936 0.019923076639188825 
11 11 11 | 0.14393997355215182 -0.04906525950491839 0.018887490246345798 -0.03048524728016864 -0.010737071941597641 -0.002918523311041984 -0.0012364910167827132 -0.005776773372446465 0.017885745830939492 
12 12 12 | 0.12748688813632147 -0.008213349971208192 -0.05550507430147815 0.02958835151228461 -0.014296419077774942 0.002639780314087871 -0.0020975342534360333 -0.018037575444858713 0.00676642684718018 
13 13 13 | -0.7099182147308323 0.014068580238659714 0.007808131031405938 0.008274592795194522 0.09302003541190774 0.08446025747501064 -0.027021129446163528 0.06891501005597263 0.05771663988660773 
14 14 14 | 0.9531694634523893 0.020347925178135093 0.02939612698535979 -0.04889610658248003 0.1676342920245166 0.11705783827469354 -0.003090112012809762 0.06059858212055367 0.05824908591052248 
15 15 15 | -0.8379091466032413 0.05733073482698884 -0.03518155162131754 -0.01409820124121313 0.0961644104889789 0.07161469860907092 0.054628217709744686 -0.04457033202054649 0.05379644954093366 
16 16 16 | -0.8060408939304775 0.024595969305466633 0.08369022706039608 0.03365763142976113 0.14125230487697749 0.04940033000639892 0.06689163837492795 0.0668182078936957 0.005605325547364976 
17 17 17 | 0.16778629407306844 -0.0262370159408837 -0.02908765547724154 -0.004800460227991298 0.002275531306283681 -0.011881988308256805 0.004011807721334275 -0.012115645390343995 0.005946637150372526 
18 18 18 | 0.17307685925265437 -0.012435491227221356 0.03262855835518371 0.01999757233262894 0.006618086850915132 0.005591887335001163 0.006304034074734135 0.005035174282024205 -0.014948880127543423 
19 19 19 | 0.17860675767259804 0.039833683586289505 -0.0060339819036538305 -0.002238563625596413 -0.010640835971514084 0.010788314019309186 -0.00920567589232073 -0.0033725468028352693 0.00342214346885022 
