-4.344515600765864	0.49684435662431875
-4.859549739852916	0.5206083413845808
-3.3989736978241103	0.45607623517950313
-5.994904003998429	0.44948962748698496
-6.29148339202943	0.45936058050345346
-6.332153395303236	0.462113086266063
-0.848835360202144	0.3744510203146318
-0.8616261477634194	0.37322632099362385
-0.8146702906494829	0.37327118610134746
-0.8608587486289582	0.38281348239396584
-0.6272541438776684	0.3486453851157899
-0.5185321367849155	0.3410408389867046
-0.5774162540513014	0.3348298279724421
-0.57820023880054	0.34070562372646107
-0.5620730427681205	0.3314867408358089
-0.8495006458425398	0.3826631950950002
-4.789037027784018	0.5223673808282269
-4.7488797432562	0.5226260201672351
-3.440723807527328	0.4706929553206964
-7.086643143975144	0.4094500993264161
-7.190493747834829	0.41264860564011435
-0.8529477253575385	0.3801158445852229
-0.9014006489515768	0.3899509165022092
-0.8853543990907297	0.3884587113280323
-0.8393181495431588	0.38174889404872575
-0.8914101763236558	0.39194930965942393
