-4.839610626497896	0.5198596653621838
-4.561111102199065	0.5093377076341932
-4.217675038484299	0.4905459950199814
-4.480938357673696	0.5070862838604846
-4.507415899398746	0.5061247987810712
-4.563307844549572	0.5098021974970601
-4.478423115995104	0.5061476319053185
-0.8567800839053423	0.37855256385666797
-0.8673175837374593	0.379828724120914
-0.8516933365768908	0.38215730204165005
-0.8492293183527729	0.3816050997772588
-0.865270842054458	0.379246785810863
-0.8604716734798721	0.3796962217304792
-0.8661270766348591	0.3795906052863517
-0.8435912346310397	0.3826397987890595
-4.739558882373384	0.5162864714690392
-4.732581067884482	0.5179316919612231
-0.8528531904176898	0.3783767997447115
-0.876615856496349	0.3855276952680917
-0.8798212070433391	0.38622067097478735
-0.879346873835488	0.38592262482969797
-0.8771313046265129	0.3877697566390044
-0.876917304106938	0.3876987465111835
