-4.839976537355991	0.5206014984502729
-4.571168841534127	0.5099125447133265
-4.216247182432245	0.49293887946487425
-4.468092746818443	0.5052788294321011
-4.561774891884855	0.5102989358907853
-4.519962413925415	0.5101413208805736
-4.481423616843983	0.509055241202147
-0.8540065315682963	0.3784018200417934
-0.8689165550355838	0.38033821009421487
-0.8495678422642693	0.38170951731667
-0.85073228114294	0.3816699927198506
-0.8526805194177266	0.37764866102271905
-0.8604218947006619	0.37970866486999666
-0.859751816309836	0.3786804148529407
-0.8431563471366169	0.3825447192763191
-4.742996248694355	0.5163768929194034
-4.743449461220548	0.5189659879536714
-0.8436355281606105	0.3757014406396519
-0.8838836866769295	0.3875141704594152
-0.8788944480589559	0.3858846080899689
-0.8737608121140822	0.38489495118899525
-0.8711786404976761	0.38662913116670267
-0.8759480387817732	0.3874548188481053
