number of atoms: 23
number of fields: 9
Multipoles
---
0 0 0 | -0.36304711360445374 -0.08578174162426268 -0.025443107453237364 -0.014357173046580664 -0.07519575458978549 -0.040673702174333595 -0.024546153143413168 -0.001739671824490108 -0.002557417662001138 
1 1 1 | -0.39037793710968494 0.09409875358075058 0.02296881748208351 0.019092000405479197 -0.10403425851361088 -0.06466981896673964 -0.03381595272302275 -0.007356155273933756 -0.009162057263240979 
2 2 2 | 0.12721174718239447 0.014988619765416147 -0.043531887367569785 0.020194246743849335 0.007737303606678652 0.01600147937658703 -0.0025530119560925927 0.0006604749255941448 0.00467608878738375 
3 3 3 | 0.12688401420162732 0.012161994332602104 0.010010259597418874 -0.047421204437658175 0.01000535375547021 0.0018094526301415915 0.015256652258011162 0.002733080252145635 0.005174755517211042 
4 4 4 | 0.12288646593095076 -0.008227921696469073 0.0388824032531219 0.029508145504384263 0.01843431823014011 0.0010572298295605383 -0.00034407347385023945 -0.000911386925030547 -0.005772024032690721 
5 5 5 | 0.12456034633416535 -0.009830150236359228 0.04591513788871539 -0.016754284124550385 0.003044945086273774 0.0177554511408707 -0.0057935472105423635 -0.00029927041454752123 0.005760594612141377 
6 6 6 | 0.12609319603531755 -0.00999860176546553 -0.007604235527583495 0.04853930454422099 0.006627323102838839 -0.0005628070821374339 0.016054314966335317 0.0025304455096021084 0.007030977050386293 
7 7 7 | 0.12782426453033735 0.014706513550531066 -0.034411476618636666 -0.034251718958803544 0.015302334411461779 -0.0036757727466975804 -0.004439995827407079 -0.0026189370396688732 -0.009135497979924686 
8 8 8 | -0.47659882881261506 -0.03699274670474293 0.052865719614053765 0.0023306298695347227 -0.013649023316966944 0.09484486480949667 0.021881304775260145 -0.02830398146239115 0.04078343731850959 
9 9 9 | -0.11442570320371726 0.023741420476213106 -0.011257295710369 -0.022495379114724785 0.09071255863628477 0.1413067664673894 0.07339849627588642 -0.07568532879551147 0.14705429856155935 
10 10 10 | -0.15717345107093106 0.012655606992682726 -0.03038342653713097 -0.00774837623307262 0.05043524442226195 0.0606249736610436 0.18126696591603172 0.07084795239705455 0.11691606240310651 
11 11 11 | -0.2047195087123299 -0.00022366071823803885 0.0193373803752992 -0.005828704074240605 0.014886835235592793 0.144533625763971 0.1747113050821074 -0.017732920651050844 0.01054414346123745 
12 12 12 | 0.14516298327150157 0.021173454896902335 -0.03110380818978512 4.283551610002798e-06 0.04775059034320672 0.10106879413952567 0.18936157180774296 0.04567145039266772 0.13260891087869545 
13 13 13 | -0.12601330822721302 -0.0027370217332278583 -0.021468106275870428 0.02462621476026496 -0.0014867498334638076 0.16761604906178587 0.14734492444992292 -0.03047417978563659 0.008419163667910243 
14 14 14 | -0.20439356785415352 -0.007868114951171007 0.010713585558334507 0.014010594089404128 0.09729637462755872 0.10267330150104034 0.08387848507446237 -0.05352550711230379 0.1453981966638896 
15 15 15 | 0.1296880370856831 -0.03791337576586402 0.010701641733114185 0.03842224364221989 -0.008103961938656023 -0.008791918319978137 3.13445195480481e-05 0.008182615045191606 -0.013155460676253073 
16 16 16 | 0.1351284990911844 -0.030359586519459747 0.04533474974631327 -0.001058560996424736 -0.004764343837506534 0.00041188819115261355 -0.014058736553215592 -0.008865536680617953 -0.009269950047034074 
17 17 17 | 0.1395785408896043 -0.004890405366250518 -0.0299865783836864 0.04153868129438295 0.0062034580533383765 -0.015228535241324342 -0.012151880243645533 9.343792878455631e-05 0.007225334884106495 
18 18 18 | 0.1357658438677083 0.008484693007156617 0.03912760887276542 -0.03753797084035081 0.004183905763916688 -0.01398019341525958 -0.010901726529624288 0.003847014604318269 0.004117017364638837 
19 19 19 | 0.14779794136795565 -0.0006600681717437166 -0.008077010540987854 -0.04695312259704939 0.0021719620087416957 -0.0011277045899854192 0.010702639203991112 0.01022951269469025 -0.009073705734813572 
20 20 20 | 0.14931293424484438 -0.030866374524529002 -0.028721315250474718 0.020921036681297307 0.006497601303801717 -0.010173521343119744 0.004268546337896506 0.002159808532855305 0.01187837254975473 
21 21 21 | 0.1412278255468502 0.03633181759281461 -0.006036370715757662 -0.036445536793253554 -0.008645128679955863 -0.00737501166711077 0.0027156280054163144 0.008105074884237382 -0.016559512972612614 
22 22 22 | 0.15596566112475618 0.03940874876214624 0.018316769960535634 0.02145609961272477 -0.010895766884955286 -0.0020401903786825453 -0.005896524884849997 0.009022330827034039 0.002427929708221368 
