-4.8332990210494815	0.518537478410919
-4.5687112055634485	0.5099871188429359
-4.2254820264861666	0.49171881061145795
-4.501244424473525	0.5088055927683952
-4.554925360019962	0.5080066687912244
-4.511328518085313	0.508347168160287
-4.480033783911579	0.5070609467410868
-0.8691991252436018	0.3815820622796701
-0.8633912961774867	0.37977384986391693
-0.8689837326981699	0.3837604320035811
-0.8523278360429964	0.38186222838489126
-0.841274806266618	0.3733400888177157
-0.8483202625639574	0.3766694222595904
-0.8461497719477178	0.3752489353029901
-0.8203794047968154	0.3770112792797611
-4.565370311867099	0.5057570701171118
-3.397937561972009	0.45417758065517705
-5.971245683208356	0.44776931628866834
-6.279057147414093	0.4560635966192757
-6.292372968055048	0.45750399072350556
-0.6077713543062597	0.34290896238119517
-0.5561696991073757	0.3307472734557463
-0.5566447436636014	0.32967799798194664
-0.5592879274802098	0.33391446911723033
-0.5518427025359155	0.32850255988279875
-0.863400704717423	0.37952871222700496
-0.8633104827540943	0.38021120023111704
-0.8249262304158895	0.3740683072229848
