-4.82430740954695	0.5199833525180396
-4.504925348465233	0.508671777502979
-4.279053248677345	0.49711102529741774
-4.706478179211466	0.5185196754422944
-3.9494361724192366	0.485039864809276
-4.51505672566288	0.5089728203582041
-4.6469797626375575	0.513217604706424
-6.973108016066615	0.39825608208757174
-0.855582871796208	0.37815210039319896
-0.8405726811858002	0.37816602620068934
-0.850227717383541	0.38143837521384755
-0.8523013330250273	0.3817383728042268
-0.8472965793154225	0.37590838026865697
-0.5533832546079777	0.3473563664376694
-0.8277433463682915	0.3738207022617962
-0.8450381017296722	0.38263179770459704
-4.355925669367175	0.4964567406384079
-4.8744409345496305	0.5148179464429791
-4.610995377068281	0.5072221969509506
-5.006359238012572	0.5260785938914766
-3.6399542810901995	0.4721521994547344
-6.98681983379186	0.40240589265374643
-5.695731002235232	0.4386412294611376
-0.9169832381252535	0.3864173574456008
-0.8730410205565428	0.3749431355158628
-0.8688143226721307	0.3887723860002925
-0.8581299468090392	0.38430528923621543
-0.8860812108183004	0.3888160117363248
-0.8270722330809317	0.37751416963500084
-0.7897415313762297	0.34848947113148404
-0.843076667193286	0.35457667586452923
-0.8953110644739075	0.3928300965724086
-0.8039090258439984	0.37516088752199306
-0.8247381165836403	0.3811575008812013
