number of atoms: 27
number of fields: 9
Multipoles
---
0 0 0 | -0.42080578114891765 -0.036380123221747024 0.04754897683135046 0.0681587075577983 0.02128762516303787 0.04808267997120663 0.06158935536571146 0.03650754558430521 -0.07111002893200297 
1 1 1 | 0.26397314536193583 0.05654537907190988 0.04848017118706136 0.01851643237207952 -0.06170733927222693 0.017402367415640795 0.14027669563821352 0.028474748130538442 -0.12716374285224585 
2 2 2 | -0.04828541718198931 -0.002446309283431578 -0.025488925834064098 -0.021700762667196772 -0.0916328421003382 -0.13250171068215252 0.03397343925693884 -0.03760569843340867 -0.16528580137296708 
3 3 3 | -0.01840056967384207 0.007448191946393326 -0.06658656855674296 -0.07104163712437826 -0.04822946806003929 -0.05737391326499691 0.07629632779843142 -0.005922102371202836 -0.15635195818532382 
4 4 4 | -0.09689224111101868 -0.06072869336445304 0.058784025154508965 0.07969205612617222 -0.0134948597456531 -0.11922785871067988 -0.06372327643126144 -0.055815480590056143 -0.08967575354829257 
5 5 5 | -0.11604314421586004 0.03463939445877804 -0.0006731384789755979 -0.020663785809143097 0.011296557074340673 -0.09834943334300011 0.02279157318771891 -0.03619464734266989 -0.18275694733238756 
6 6 6 | -0.29247445765752733 -0.012544156869310279 -0.010228782598520798 -0.002498244915971449 -0.1250779153963633 -0.09636662415607324 0.06665039638406849 -0.009275791638173584 -0.09543743935492259 
7 7 7 | -0.1853252972832342 0.015330383519281813 0.02998521683297312 0.016570540496207077 -0.05380136989513374 0.005803572199632714 0.15186274631381283 0.03129565201183365 -0.15246604712179535 
8 8 8 | -0.15321093784716133 0.013134064689048923 0.021636386780363174 0.011556188719768 -0.11527889405888794 -0.10751152100666676 0.0485794130622286 -0.031421220427071545 -0.115932150677691 
9 9 9 | -0.4312392574699233 0.007617609324254721 -0.04907771156636831 -0.04945474460766809 0.0392730385229195 -0.018562841737046178 -0.02514689487480706 -0.013739619079583102 -0.05134312943966398 
10 10 10 | 0.132481924825804 -0.051597196761235205 -0.0006913956532068915 0.021158296401645425 -0.0031137828121081605 0.009069891394317355 0.004315276937042095 0.002536374972110054 0.01926067016380391 
11 11 11 | 0.1554808818859197 -0.013824616786589493 0.030943901727954408 0.03665757637103763 0.016362686989479285 0.009800516597216721 -0.0062104225956092895 0.0007909247070016791 0.000557780966002612 
12 12 12 | 0.13697419167902403 -0.03723963244047065 -0.03449424094732751 -0.01687505930345791 0.0030838000388944686 -0.005810455712247171 -0.015730764280979196 -0.0041859024312423335 0.014257749649396419 
13 13 13 | 0.13364645557432175 0.007745786816877854 -0.03618954559672372 -0.03802835955911684 0.014799984637997716 0.017606728853299097 -0.00010106008919601011 0.0028284180486158094 0.0026334211739252695 
14 14 14 | 0.3582187036319151 0.004851814007718013 0.028449566118255706 0.02382152516819115 0.018756204749489018 0.0096139941171727 -0.013845445419846922 0.0002892718420337414 0.010550300613981383 
15 15 15 | 0.14857790799323378 0.05866666610407471 0.017117320641295546 -0.012802523664648888 0.001505071694248375 -0.003007095717991274 -0.01712840806371928 -0.003049539058357886 0.02414795790091023 
16 16 16 | 0.1433669003391388 -0.010394884178408536 0.03552345811956736 -0.03481968330246538 0.005332536974731394 -0.006980097833280664 0.003351815840019781 0.010873737627339664 0.008199842085002712 
17 17 17 | 0.14488181875175432 -0.03600977039200618 -0.033526334623068046 0.0034792407590468134 0.005050119222207677 -0.01247502809057839 -0.00982535442014687 -0.010009097201202969 -0.004015460794721187 
18 18 18 | 0.14653613088718287 0.04323716052546385 -0.009808607618343814 0.023065336348194798 -0.013165889308030962 0.0012290512564413218 -0.002462459665641492 -0.0024101331540459215 0.006327967246716061 
19 19 19 | -0.37692830621909934 -0.04331008143948736 -0.08816337643002317 -0.03307544630112543 0.05215618324465073 -0.07503487400750801 -0.005677260778164637 -0.0477725248125637 -0.06701247259843267 
20 20 20 | -0.38576434553632666 0.03785026534960331 0.08500052300563228 0.050863813760186984 0.02288700131061662 -0.08012733225090347 -0.037992266704216085 -0.053929921456360996 -0.06479540260728389 
21 21 21 | 0.1290419412956585 0.0009921433409444088 -0.016261634994841435 0.048152285970362654 0.004221516597219631 0.007707058319654278 0.0030572688151430973 0.012780023335335854 -0.0011378268732081833 
22 22 22 | 0.13237862647994025 0.04500744486441888 -0.010040459584126134 -0.021522369087024998 -0.009617997622525862 -0.0038010925802532576 0.008493078260032698 0.003580612735455588 0.009552702812998968 
23 23 23 | 0.1195644191561569 -0.03463190752210615 0.030726807622098683 -0.02083913144661809 0.005115060980296455 0.013019371971150419 0.006504249439809839 -0.007321542626885714 0.00749597930482593 
24 24 24 | 0.12984418097159878 0.0358909469663513 -0.030858585238710323 0.02090653821016684 0.005547683076104338 0.009529574661922287 0.004007696708379907 -0.006693676587310674 0.006915943288573201 
25 25 25 | 0.12378743602311926 0.014808177340834729 0.017444017256945766 -0.045290781051406465 0.00504025042482937 0.007934294568204308 -0.0018716485769110583 0.0169770590569726 -0.0014939934649555334 
26 26 26 | 0.12433653409011025 -0.04665955445498416 0.004519882876209833 0.017914457322348636 -0.013369296947422797 -0.00010231978336285708 0.0040840619942267425 0.004097863714142329 0.010061459948177118 
