-4.304695441549284	0.5007603023450803
-4.810975205409821	0.5188921187515116
-4.825228028341559	0.522463779647098
-4.825317160407682	0.5213802176613362
-0.9369152875242999	0.3863605092293311
-0.8600271215216144	0.38255249132689567
-0.8478042061378517	0.37980733021922025
-0.8313991429113214	0.37703996871845386
-0.8837619065602373	0.38639937694480797
-0.8606609604681954	0.3837788177383796
-0.8569359672972995	0.38260609662634293
-0.881921640517875	0.38536835080721055
-0.8304938944513549	0.37640651092536503
-0.8534428449758814	0.3830630573261891
-4.5496874165481405	0.5039398673136036
-3.4114201246003213	0.45811199989593726
-5.968100361340892	0.4480554831745408
-6.283366450169371	0.4579668937532331
-6.292158027504213	0.45889902143419736
-0.5980261395518588	0.3404204407696896
-0.553753335012606	0.3304413018082769
-0.553519792771849	0.32979127325575763
-0.5603488508190042	0.3362955868438176
-0.5514877109456433	0.3296099296764964
-0.8608374321721847	0.38016379270825146
-0.8649397380429997	0.3797879954396067
-0.8306729728898162	0.3739016623252507
