-5.079849294773316	0.5382027331880227
-3.3592439141303005	0.46728314287942263
-7.226901525235567	0.4169902834882282
-7.1160012888179685	0.4121480610737492
-0.8159783170559416	0.3780304356484133
-0.8312098390100994	0.3821781273588164
-0.8623421329234982	0.39045876947702435
-4.538302533698003	0.5057779792871023
-3.394742318739542	0.4554447102258912
-6.310913435841406	0.4595311959060571
-5.992554515776467	0.4493380435198612
-6.286504319729426	0.45831654829802443
-0.571033603251028	0.3339877709664531
-0.505454105459144	0.33117673769633665
-0.6167162144112668	0.3427558228287461
-0.5743224397657906	0.3370610228554632
-0.5361323889826161	0.3268302276007087
-0.8466922473085888	0.3765498764073815
-0.890556061933357	0.3857701513981038
-0.8624870405061376	0.38125763007968383
