number of atoms: 21
number of fields: 9
Multipoles
---
0 0 0 | -0.4152491612986644 -0.03357806859570121 -0.08379351001076664 0.07332733071344909 -0.1523635591639535 0.09782686387724039 0.03699566402708899 -0.19582857183997524 0.12202910198823382 
1 1 1 | -0.4013859012655958 0.0012867085910083233 0.10355852928280698 -0.04579695425507413 -0.01578891043560117 -0.01594973976809425 0.09924674687201077 -0.026244694162275702 0.03978650010343324 
2 2 2 | 0.8651655772605276 -0.06291463019922315 0.04622702339447468 -0.009343187905291815 -0.12389697230674938 0.06080423577033021 0.09520758926435198 -0.05318899863435418 0.12277348635004143 
3 3 3 | -0.7306483018634715 -0.05230865270568216 0.007234632137736973 0.009124054129661479 -0.050677909379330255 0.050396701708276676 0.022087099982764723 -0.014999637043575046 0.06620582767912375 
4 4 4 | -0.8301729648268896 -0.08364902383197233 0.05407314138263315 -0.0071281970459251475 -0.0879355259899869 0.010825292973734895 0.01543345498387462 -0.049315398899320316 0.043390455819250946 
5 5 5 | 0.09504216150538247 0.008305676357092109 0.0160134279877 0.04357186802871119 -0.0330050367514741 -0.012369222371966318 -0.020248662633525222 -0.005136102691089012 -0.012543667758066498 
6 6 6 | 0.12005655770545598 -0.009859245314412922 -0.019141593709617395 -0.04348267489855276 -0.004775068576919907 0.009966682441940482 0.005996319763787505 0.0056333614873829456 -0.008480603387492566 
7 7 7 | 0.15562768049819653 -0.02670394978999373 0.02493581233447558 0.03538311411163979 -0.006225324003829491 0.01236768409212666 0.00919929141115705 0.014329190552053842 -0.0017606728346276194 
8 8 8 | 0.07819859928200779 0.04140174682501922 -0.008283105356069678 0.013337913943510318 -0.01565903732976886 0.023411073665737053 -0.004959046789868873 0.0009762145386830539 -0.00033715328999670127 
9 9 9 | 0.1366339869397497 -0.03072598006693426 -0.020027313022262874 -0.03155787898148789 -0.004294423419505868 -0.0004896310896981519 -0.0039741745513301 0.0006702770166648325 -0.020959077875482908 
10 10 10 | -0.041185534889041975 0.11945469642984333 0.015477382900541408 -0.007290025288699379 0.10253963735342368 0.12258339613130376 0.17097697969919765 0.02074877819276562 -0.019382001414230424 
11 11 11 | -0.482505946944074 -0.028706755245910112 0.014800196527993338 0.0268069108394748 -0.03629393375436484 -0.003338059882534553 -0.007277330743964343 0.043269545760453755 -0.016075517585087372 
12 12 12 | -0.6160518554507703 -0.11802035170192396 -0.030678203619932853 -0.08404811454863154 -0.07983988786342999 -0.04163156847739203 -0.04126147681016607 0.0380680598662529 -0.012050632731840948 
13 13 13 | 0.18347704879695081 -0.05077947031712629 0.04281093461181304 -0.016040773319487715 -0.0011901185783347386 0.014567152267482142 0.021785813557273607 -0.007428828825628706 -0.0029583517893378678 
14 14 14 | 0.15605911652354976 -0.024455741908522774 -0.0565934321437126 0.009009035709061147 0.005884197204425734 -0.0012917448059656667 0.020813340785641447 -0.0024115802615075925 0.014573145635152662 
15 15 15 | 0.14313304034292673 0.01933659305429474 -0.04445805307903938 0.0030127233061174674 -0.010893311446196425 0.007247737664947126 -0.0054595069227353086 -0.010725327905405741 0.003187480803489338 
16 16 16 | 0.1406835468480302 0.01868735594501408 0.036519550395610834 -0.024872876641256668 -0.010837004974586218 -0.010371726909045169 0.0016854501332878007 -0.004778393372992362 0.010276048729656307 
17 17 17 | 0.40455912525276316 0.007213565438142562 0.02865474914837326 -0.020585131512724574 -0.0003117435675086837 -0.005085506046753382 0.004900426655146278 -0.00048531591930784285 0.001464805532910643 
18 18 18 | 0.419278830860368 -0.016119840218108174 0.009178907164858155 0.030348866857049024 0.0037311535215031944 -0.0006648972784878389 0.005382144697344739 0.006067720961354803 9.671758825934895e-05 
19 19 19 | 0.40640139697668265 0.015413263903709689 -0.031632330835398785 -0.003253626449076072 -0.0008053310602053095 0.006307774263210586 0.002017789941020217 -0.0016036836386569043 0.0004581793673047381 
20 20 20 | 0.2110806316867605 -0.04600820985973707 -0.006017034456881476 -0.02212052331218434 -0.003145601325433598 -0.003250651552503817 -0.007494038683648548 -0.004140942007151668 0.002767016672452434 
