-4.866537202997233	0.5216070481326823
-4.05669232311493	0.4863404970158751
-4.200639899291929	0.5020768274604064
-4.625885422526083	0.5235489653723834
-5.758228435008758	0.4485214407182808
-5.727287184439736	0.44456004787281517
-0.866731663459207	0.38287108680816656
-0.8742591026515798	0.38537890899406757
-0.7906602179898488	0.374087624072544
-0.674529939031201	0.3578993076304999
-0.8555184332618122	0.38426000495441737
-0.862341569398091	0.3877217016520451
-5.132596013505044	0.5476091887513621
-3.3393099975973923	0.4650236585108542
-7.14960653499906	0.4127584403429618
-7.19257907207465	0.4183887247626363
-0.8405165386069265	0.38365125567638636
-0.8286246817281689	0.3824953845290855
-0.8441886928560016	0.38745757464004926
