number of atoms: 25
number of fields: 9
Multipoles
---
0 0 0 | -0.6645471105509815 0.005332686170661472 0.027297187017656176 -0.002470203366999588 0.11895457752869149 -0.037990893700546195 0.03962152294387993 0.02475655232969555 -0.03357216100313329 
1 1 1 | 0.8661393381679439 -0.0023361518565337787 -0.038654208989320656 -0.04387251796044865 0.1454521579507111 -0.1161230057841976 0.09762290257483859 0.025460014193648624 -0.05196853985802191 
2 2 2 | -0.6499525604864935 0.032082803303587114 0.027344261635685704 -0.07354916696289741 0.11195961369403062 -0.07155476109430849 0.044904436736497785 -0.008399535779307138 -0.0864138227695058 
3 3 3 | -0.961886185357999 0.014661725493331775 -0.0008028065083590111 -0.005245396036760909 -0.03494838591186014 -0.01687455323226792 -0.03393059649118899 -0.04258804659520733 0.01452093305129692 
4 4 4 | 0.4503676653257851 0.004622078103592496 -0.013471120235363464 -0.022336580492381203 -0.003367269728494491 0.005477114609538166 -0.009539724597259724 0.0007867410501956588 -0.006966722507507255 
5 5 5 | 0.39995877359859267 -0.00958671973898614 -0.003448079041123654 0.02358064164426695 -0.012130488776031855 0.009729390569068805 -0.0006677260952773782 0.0068019861974127184 0.012813197058216623 
6 6 6 | 0.18098866604394404 0.03364133001897783 -0.014752808339506969 0.024170675650323232 7.021424552799045e-05 -0.0015584229557271444 -0.008644055307138014 0.007319744619709773 0.006027339534754347 
7 7 7 | 0.15986515926669687 -0.04068279766335136 -0.0011521637389393792 0.011659265113662288 -0.007236918721257165 -0.001286105328225113 0.011874418291781407 0.0058845844296189775 0.006896862608837158 
8 8 8 | 0.20356325146091558 0.007086190465783438 0.040280332494313745 -0.015652824095045422 0.003586472749327301 -0.0047756423932299955 -3.490777510884867e-06 -0.009216983747994218 0.004459560909127496 
9 9 9 | -0.46982247821422973 -0.024021550594225553 0.02467929468215559 0.0574611428601834 0.0028149757349590905 -0.013658015603680166 0.061048731608794045 0.039678410322732255 -0.08496076883083008 
10 10 10 | 0.3787820330053453 -0.049224673951679926 0.04959820387494597 0.12018513022766768 -0.12214934819813053 -0.17273611802736116 -0.008646817330925639 -0.05261492623796779 -0.04470560089408864 
11 11 11 | -0.33888280748569066 0.008115452738434675 -0.027065069736831707 -0.0493446123858352 0.02542296495562747 -0.07123523398260753 0.099461658513314 0.11126680753817465 -0.18013165055519897 
12 12 12 | -0.2744661785957918 0.020971795972122575 0.005818170334850999 -0.02609120427608405 -0.08407663341159433 -0.1051644418354305 0.11323818643131603 0.06301853077353607 -0.07073051946851298 
13 13 13 | -0.13257462007822074 -0.007797056363706829 0.005213878363738853 0.026751147867137788 -0.06749212983029379 -0.12084924256945956 0.11872628393758583 0.06346024093500273 -0.06971775607048868 
14 14 14 | -0.15004875023351083 -0.013836797189020643 0.009932361431555917 0.020679195970389523 0.004609340549021863 -0.10960121704814926 0.056127297973074766 0.09192644369142511 -0.15476943991212744 
15 15 15 | 0.09059060979852429 0.01868198344666207 -0.006076319040893021 -0.037592178801180556 -0.06814954225761191 -0.18886043849276896 0.042917757882229506 0.029573511355489756 -0.15839780312759902 
16 16 16 | -0.6021455614087525 0.10466232838423675 0.015258539515476474 -0.04679202364755348 0.06412343052022541 0.061191141649970054 -0.0824364560728675 -0.021016044258454557 0.04607716005526003 
17 17 17 | 0.44731100275231406 -0.019878555442064863 -0.009223739713380717 0.004970162778274843 -0.0032438112394401913 0.001919045050087756 -0.007660765726616761 -0.008395216559224193 0.012361300632717875 
18 18 18 | 0.1508019183875795 -0.04175378321230697 -0.026933300005773615 -0.0012651400848264147 -0.008127015375941774 0.004909336140969745 0.0071941375189222825 -0.0013070169233687235 0.014391325351939441 
19 19 19 | 0.17413863940133956 0.023584373327670147 0.030248848471778302 0.034359737141283354 0.008597168046918164 0.005369460663120486 -0.01354399659494952 -0.006490254223012286 0.0005599758122809928 
20 20 20 | 0.14065790874762962 -0.0218866346207467 -0.035613839914361706 -0.03322587737245609 0.009713730875328865 0.004574523871591993 -0.019417127613003876 -0.007481730479413727 0.0004261624707959962 
21 21 21 | 0.14666250169254713 0.04847309468985193 0.022793633234730534 -0.009118231534224662 -0.00876496401743039 0.0030603050533152057 0.0018472175304229117 -0.0058720476068610935 0.016496817425133675 
22 22 22 | 0.14986964014960136 0.03246854949393802 0.03299110720059652 -0.001408147859404243 -0.010843297875079842 -0.012908741465839388 -0.0004606910648013172 -0.006337658429615829 0.004430458712289663 
23 23 23 | 0.15008243637361696 -0.03757615145470719 0.012330529865959106 -0.028607866561444092 0.004820964212155952 -0.005005922573254226 -0.01392053704288644 0.005940449256902251 -0.0020716182765533587 
24 24 24 | 0.15292006560838667 0.011390609354593783 -0.044836445325381884 0.016679256601080383 0.0012966001211066498 0.00594833248853722 -0.004446870980004134 -0.013295501153839744 -0.006490552225429326 
