number of atoms: 25
number of fields: 9
Multipoles
---
0 0 0 | -0.1251374123606439 0.041862494160998305 0.012638386018946568 0.0798865706025117 -0.0031533890805594328 -0.08939659048970776 -0.005058823848268389 0.06684774431300722 -0.012110428540712592 
1 1 1 | -0.4494902300635024 0.047672279702930816 0.014009001315549075 -0.06248779125350233 0.06629837231515208 -0.006323753189788743 0.042731358002865746 0.07239556312749797 0.019754218975591473 
2 2 2 | -0.4420224148817926 -0.06446755661052127 -0.04706915802760872 0.0075657396299858536 -0.06359072373893565 -0.08565008779181095 -0.05769381593379519 -0.010439204430556102 -0.022678451084910834 
3 3 3 | 0.10186264948058332 0.013494297936921428 -0.042842982677305415 -0.03074046637307728 0.01027868231064315 0.01096542532916844 -0.013354762233116803 -0.006105953535916182 -0.0038136720101251773 
4 4 4 | 0.09235119891810273 -0.028253529236783266 0.04038964044304798 -0.01541916153536626 0.0026490476745453543 0.01937122918650041 -0.025245584765747522 0.004486078636365051 0.00365416407334946 
5 5 5 | 0.13641591714812928 -0.014947103359676235 0.04516297618360691 0.0036745837926312184 0.0006197872282501012 0.00789107881250894 -0.001680476999797815 -0.007754074052498481 -0.015615669610762502 
6 6 6 | 0.13003457548393427 0.026293650235886843 -0.03667935819789876 0.014756657821423248 -0.006426155584587347 0.014149283973786881 -0.007869948903769719 0.009013457459764963 0.0024715726309205606 
7 7 7 | 0.1353977084617768 0.0017448261283568422 0.010824780114559673 -0.0471540135791053 0.006123685069618573 0.0025906514285789174 0.010525432278186963 0.004849040994310675 0.009119013539855602 
8 8 8 | 0.14132140754902134 -0.020222528141057055 0.028555552105751125 0.03077468979689994 0.01406457586750293 0.006953714278128228 -0.00248684332387495 -0.0009510579534486007 -0.01253912441382413 
9 9 9 | 0.1377377009338432 -0.03295688858909219 -0.03208668611211472 -0.01705492269925477 -0.00675683057064852 -0.00909170310226934 -0.0009625839907718296 -0.011706450391560411 0.0010075154728963693 
10 10 10 | 0.13742356336520922 0.03915112925313053 -0.009662498867632402 0.02478157011479735 0.0030794903222011684 0.0054815079363322375 -0.018583675314601752 -0.00026149543801219226 0.002259729948920224 
11 11 11 | 0.0594207235001587 0.03978392874379212 -0.03272534901326508 -0.013333167325018987 0.013118045690931307 -0.04186376403042868 -0.03462106380380189 0.021920233432296574 0.021168222124256456 
12 12 12 | -0.458848975191831 0.026967449467332785 0.043279357909902345 0.05403142503275928 0.025310071127780227 -0.024974657471425497 -0.011475906492934226 -0.05722753681240608 -0.08518359999330907 
13 13 13 | -0.45707840720113335 -0.0236332961423536 0.005569758057158656 -0.06377125014893097 0.012198113332770745 0.06001936216752373 -0.07154774300785031 0.05223778377892538 0.044899000244798266 
14 14 14 | -0.4645933812071732 -0.03115831621952891 -0.041617238112182105 0.037939014424718025 -0.044172654335625554 -0.0553022040651486 0.06531700657030377 0.045967108204667984 0.025441161157768736 
15 15 15 | 0.11369722952663364 -0.0417334598012289 0.027706995089487825 0.022956461589394874 -0.00896998529044058 0.01374555306905738 0.0005098194364900286 -0.004349222183392986 0.0029421959281448404 
16 16 16 | 0.13245727612323455 0.03884023921205045 -0.021764098843482266 -0.0003298340867454057 -0.004167128803808026 0.01980141416292534 0.005886335215366527 -0.0040178444825711215 0.005099950844835115 
17 17 17 | 0.12832391746654614 -0.0038397258548443615 0.02659072464326413 -0.037866531985474954 0.004079646606516197 0.007064650042943185 -0.0055306466380969765 0.01792153754334804 0.007941274237345013 
18 18 18 | 0.13470772318662017 0.023845169089506638 -0.032249120087956204 -0.017968636521740793 -0.004433700309849631 0.011705930235436257 0.008640595719797573 -0.014084021879181733 -0.004682373099895873 
19 19 19 | 0.12968493551192162 0.019638261162198647 0.04001021164515556 0.006775942170140025 -0.0023403223186050292 -0.013204898319428882 -0.0012867479082664269 -0.008332421062182516 -0.013612835855891575 
20 20 20 | 0.1333754935836411 -0.03850628816453439 -0.010082480115350408 0.024048881322809423 0.004419509768428629 -0.005290900386710393 0.016606680666541793 0.0007981231322279314 0.005654668180977595 
21 21 21 | 0.13128372609479877 -0.030172622370111434 0.011774920721119646 -0.03269947698043038 0.008040124000624399 0.007237179145498168 -0.010428378613537282 0.009682540684195183 0.002088279110269767 
22 22 22 | 0.1379467715313457 0.009539485291694677 0.03374633545074361 0.0292668568632864 0.0009660704637448849 -0.00629690386781987 -0.012358124824690744 -0.0033209813606834915 -0.011814238563716663 
23 23 23 | 0.1441389307383999 0.028804676107248756 -0.03299523154900424 -0.006999768413859078 -0.006685798128411258 0.015980514650774748 0.00036400973911928535 -0.000701530592409879 -0.010931274562817344 
24 24 24 | 0.13733152518785807 -0.03942797602362704 -0.020192287566809533 0.01674112093421888 -0.007241694522054325 -0.0036399078904717826 0.007345363442805316 -0.0002432372149830869 0.013555122178388022 
