number of atoms: 16
number of fields: 9
Multipoles
---
0 0 0 | -0.3694868696195899 -0.049652845063210084 0.03960922267774599 -0.07937814434585502 0.020876946413115997 0.0427822480766214 -0.08390939564968926 0.02930406107412185 0.08552039185875243 
1 1 1 | -0.3848848395379525 0.054390896093601995 -0.05210969639467913 0.0672971763181314 0.015663685295835998 0.04442512497249246 -0.07441566455005337 0.044259300755411526 0.07593786493500693 
2 2 2 | 0.1275471338517843 0.04526281751994628 0.014809916472373081 -0.01626471535724823 -0.012246297412742847 -0.006561707446404666 0.0037441762477576964 -0.0003698211780025009 -0.0076638158487368855 
3 3 3 | 0.11831724843466274 -0.023143946696724402 0.025926768065787576 0.036093620324111515 0.005701071302777307 -0.007444700987667002 0.008149043999004254 0.010636047411051149 -0.01029610880640386 
4 4 4 | 0.12547040674112042 -0.018039851377468843 -0.04540082814714211 -0.009857708088081962 0.006377263472630576 -0.0026562617211635543 0.008445585974029097 -0.013991752224044718 0.0002945630423364397 
5 5 5 | 0.12496663542369935 -0.042908661056886586 -0.01207176393029973 0.022813078828212735 -0.017603472350957047 -0.002816677653764065 0.0017943464620170004 -0.003391618841928899 -0.007960285842275035 
6 6 6 | 0.12954617946811364 0.01819674377482391 -0.02835927417178283 -0.0377636613728516 0.004989989000542307 -0.007331007526348588 0.008146229122898831 0.00981544801041791 -0.009331387243842087 
7 7 7 | 0.12588524830403436 0.016061871475291253 0.04505722831395339 0.016553504348995867 0.005386457676614898 -0.004949933694126563 0.009573136393279964 -0.014991863586616036 0.0009117359487852857 
8 8 8 | -0.3711450831523768 0.09082645084390453 -0.03391565143526295 0.010138197967936486 -0.11221934983842734 0.02641593846122926 -0.011476096603015011 0.0016835876968025023 0.0044109385326005154 
9 9 9 | -0.3838100505512374 -0.10119683412892526 0.012958700772616386 0.0018217954907703581 -0.10321409481382197 0.06655415307999256 -0.012191749616284896 -0.014217210325706423 -0.002843870026416637 
10 10 10 | 0.1261884575450657 -0.013676314983053859 -0.020643136916527083 0.044805694518718284 0.001482549746525381 -0.013313105865451392 0.010957200214830758 0.0027020890967190707 0.0012798255999268095 
11 11 11 | 0.12672848365341516 0.01245783282111652 0.04881999968484616 -0.0007647514540415046 0.016666508371691747 0.0005998712172077512 0.0023522586869710186 -0.006288088380666371 -0.00033608423400632604 
12 12 12 | 0.12494072230127007 -0.007215422184720169 -0.02293085120483811 -0.044384032349658376 0.00707920516873149 -0.010324646269406188 -0.01204008717585751 0.006327968745193903 -0.0018107211328395542 
13 13 13 | 0.1267558187881166 0.0072112444259907794 0.01702419393848283 0.04617389659082687 0.008561496781378877 -0.008639390088724828 -0.01139109606480542 0.008169998904011136 -4.259898850348591e-05 
14 14 14 | 0.12345481543094516 0.006182100592599321 0.03624131609239842 -0.03660509928693217 0.0005313352944879992 -0.012170179380920512 0.015468951068332465 0.0034963504156071087 0.002188146577191512 
15 15 15 | 0.12795685386931988 -0.0037346763631737755 -0.049082441282654196 -0.00995664223007303 0.014782276896323457 0.004595035700347795 0.0035190318291689992 -0.0071256854266838945 -0.001733236027465158 
