number of atoms: 25
number of fields: 9
Multipoles
---
0 0 0 | -0.07760788370118998 -0.035718227587047 0.06812678349813857 0.1711778258331214 -0.05852048249933308 -0.007078564448477518 -0.09617300688972824 -0.11694160685875948 0.03648758932954692 
1 1 1 | -0.6085032485455972 -0.049622732600667956 -0.1278948442469873 -0.07651448196460477 -0.04180236635923032 0.13051301829581852 -0.07098869422614203 0.05482690743395664 0.10364766887144605 
2 2 2 | 0.42929031171390986 0.015129875778661558 0.020257328626333563 0.00043088617039997647 -0.008464487699638626 0.009104549716017315 -0.01366894694739795 -0.008096235301173142 0.00901598159613467 
3 3 3 | 0.08441251356627888 0.03969316480176432 0.0366757916406736 -0.03556722744503774 -0.011875937322324216 0.0022624921637022515 0.0016305848693790855 -0.00295250226299819 0.017930517501610555 
4 4 4 | 0.10235255860963 0.02226027396465525 -0.05455523596677561 0.023849726500659495 -0.01330745644255191 0.00020218988257771395 0.0007038377801069206 -0.022504220925313994 0.011163422665167417 
5 5 5 | 0.10312269015161069 -0.061037408402341196 0.00479554981269771 -0.018586472091486318 -0.00934740934301468 -0.009898268749905494 -0.012043180841846367 -0.00908128430714748 0.017493117323503348 
6 6 6 | -0.40961832651716445 0.08255453619680488 0.04988361134736979 -0.010833209720384446 -0.06450304239888834 -0.09141271771745824 0.06052252213848217 0.00017744634671108833 0.04472748999079288 
7 7 7 | -0.08848158519610383 0.0926105051341616 0.05727601272520787 -0.03836951187726986 -0.038916032896536404 0.12104195596813777 0.043500432671985084 -0.06932472342640573 -0.040364438336097416 
8 8 8 | 0.25755601577183107 0.043105600047976346 -0.05666495296208514 -0.012234881602590307 -0.041624929312833396 -0.09979017965718712 0.10834896601510359 -0.11818901465252064 0.06289182903062103 
9 9 9 | -0.025436845299898536 -0.08658855030557701 -0.0052265866302198885 0.04132941080184527 -0.06952119205707467 -0.0039049321849835396 0.10636569620210667 -0.13295378458613272 0.014681496148865322 
10 10 10 | -0.0465432570774702 -0.03150814871046111 0.004168538964098053 0.016441010303143714 -0.050463224912160175 0.08750201437279263 0.12261036824892474 -0.17274300417734564 -0.009759375240000945 
11 11 11 | -0.2856221630309479 -0.009417894372099186 0.01189143251972049 0.0052045159430104725 0.01588890340712568 0.03027459742904279 0.076397147257935 -0.17021645791148377 0.014946710609031752 
12 12 12 | -0.1291502666142108 -0.01592684463268155 -0.037900628548091966 0.010545585984877539 -0.1033436871747701 0.06936169183086116 0.12778542457241934 -0.07611290658089163 -0.01411305019535803 
13 13 13 | -0.15752461898852577 0.024802726015208824 -0.013167073702534208 -0.005658119712027698 -0.011869525479421342 0.05218706797016563 0.07862540534693573 -0.16556631973534797 -0.0044494430729045305 
14 14 14 | -0.19958038627298258 0.033882517626870924 -0.022536245058334948 -0.011502982007325727 -0.05103852006476843 -0.10222144625787492 0.111494779489191 -0.10603319201836243 0.062177022168586005 
15 15 15 | -0.4359779502625898 -0.06848043269663506 -0.009683110926347528 0.026620883370091296 -0.07236931377881291 0.019877558258851475 0.024765810321735134 -0.002205329359228657 0.0029569363847421703 
16 16 16 | 0.382988752301351 0.0312768458326591 -0.007738581195291389 -0.0162419541652471 -0.007004439877243044 0.004371469589712718 -0.0022556535466574158 0.022107673002998783 -0.000775564741052061 
17 17 17 | 0.14502327567961504 0.0035703478329880017 -0.06182606698878995 0.0013957508040783144 0.01381429524867467 0.012003745336517385 -0.020833795995643924 0.011452342763483059 -0.007149650883789942 
18 18 18 | 0.14423210161892985 0.04276556842200885 0.013579544613490402 -0.018576263790060495 -0.010613008684129122 -0.0027444818316459817 0.0008195905585182181 0.020622685080087418 -0.002331522579400272 
19 19 19 | 0.13327608613642417 0.0034816640101036278 -0.026861386625714655 -0.042368310000032966 0.00853555640974888 -0.005208916917352278 -0.007860789547606571 -0.009126930360122373 -0.010373702243395597 
20 20 20 | 0.1394302415688271 -0.02674539484741515 0.04060831042746171 -0.006230215945872845 -0.0072850852518056945 0.018524630229777347 0.00010127647734052385 9.348404872153836e-05 -0.006108257530645251 
21 21 21 | 0.13196718867681745 0.014783401105988867 0.05223592247585488 -0.00925837491534967 0.014853627943236166 -0.010314055671388999 -0.014709131642824648 0.004546996912348383 0.003526475880071604 
22 22 22 | 0.13435313024652695 -0.04769617887938367 -0.00782848146603309 0.02220793618556292 -0.007956387988552005 -0.012744782869440441 -0.0034908120997656387 0.017732469680966968 0.0005651187321910385 
23 23 23 | 0.13913355920438053 -0.032062895853565046 0.04133513621682117 0.011464727866630194 0.006179604778508518 0.014833777243692219 -0.011842725786896284 0.008582819686437893 -0.00787056150438091 
24 24 24 | 0.13454920074526922 0.008628501412082353 -0.01860149396971173 0.044543330408836505 0.013278852586575218 0.0057146889373308266 0.0021213680232300735 0.005817368412432532 0.007732505799453634 
