number of atoms: 27
number of fields: 9
Multipoles
---
0 0 0 | -0.4770964705949581 -0.004440429656739565 0.05620193857078428 0.02844489195765982 0.015048583822135942 0.022322710804956875 -0.019246079774312058 -0.08246905609739824 -0.05715465751800884 
1 1 1 | -0.21333054624372938 0.013878321373404057 0.020474710851786395 0.0014311642618547692 -0.023283780693881487 0.14808238592571832 -0.08164322541224155 -0.12589532998796005 -0.1007643442993496 
2 2 2 | 0.1472669926268706 0.004509848241501821 -0.03019610043042993 -0.01567745567090887 -0.13626903044224198 0.06181861639134289 -0.16762349828107379 -0.08950043994833681 -0.10823121316025201 
3 3 3 | -0.14549586967205475 0.03854542484933956 -0.013262353989157386 -0.016416021828648493 -0.016302853903244933 -0.03496118852411926 -0.11615345738075834 -0.09625801131236027 -0.16042770465156708 
4 4 4 | -0.1550519815308613 0.005290656728272541 -0.030043620788358497 -0.02080211496180524 -0.1474062301429645 0.049701570874288205 -0.1425695416567227 -0.05520284827271495 -0.06037181108066879 
5 5 5 | -0.1995288994176292 -0.010775492573372989 0.010452177506287231 0.004851081255008465 -0.041292156242120126 -0.026991782939389256 -0.130982390564381 -0.08335495996950759 -0.15475580630760583 
6 6 6 | -0.12789199742228874 -0.02391937120463403 -0.012057182326909508 -0.020248712489144748 -0.022451335378618032 0.12290729609062905 -0.06232837385013021 -0.15301740819431836 -0.1025254846209838 
7 7 7 | 0.15132157065565266 -0.04252326629346506 -0.017017536078730834 -0.026943201849270765 0.006139063852467659 -0.009780342075713199 -0.0029376458315467442 0.012980465772298878 0.0014529494778358274 
8 8 8 | 0.13728938952876313 -0.04124678445370805 0.034950389554641643 -0.012923135610732916 -0.006544500756994351 0.006266214327776683 0.009856106806186525 0.009026462463918484 0.013034529493869601 
9 9 9 | 0.15063023410774734 0.044767377817852685 0.005625575294041033 -0.016058298945694854 -0.01198574010347509 0.011344888720665823 0.004385860597618227 0.0026980342033454787 0.0022927029715110563 
10 10 10 | 0.14792558597028482 -0.028243096462055455 0.007847523574871725 -0.03617264493596072 -0.0076567431559237155 -0.004758682787996228 -0.01251129279677676 0.009440825315437613 -0.0002656815651165657 
11 11 11 | 0.14099019366698406 -0.0018442502008789202 0.05187567217379098 0.019219432636239833 0.01380022739777849 -0.004258472127087855 0.013426656038183207 0.00047938657157446543 0.0017049631853358095 
12 12 12 | 0.1474083086810487 0.043964742877436375 -0.02798320233642494 0.007886910723822443 -0.0020101579494630336 0.011482672298399308 0.009992019362914197 0.0062121454885477895 0.012065509757734327 
13 13 13 | 0.1399935586379587 0.043498068886310595 0.021507129720491 0.028465623927934027 -0.0008786169102598064 -0.012844421588547915 0.0006831675211224347 0.012103334961552215 0.0055490917975700525 
14 14 14 | 0.15520645718016224 -0.012584366185429534 -0.030464251927046614 0.03515518147124712 -0.0019951636552486365 -0.0031127131687470103 0.0004282174010877753 -0.004211228637892798 0.013767725172882278 
15 15 15 | 0.30149076907081174 -0.07626275277821536 0.05428241177246943 0.08860909920617005 0.006275963232703819 -0.06803037586542861 -0.08310776591603161 -0.04844417843617751 0.11704525605449337 
16 16 16 | -0.5239116920387286 0.00013480106092760472 0.04679368248007054 -0.009060161471308226 -0.02849519991137095 -0.08308446784936287 0.020547369795099326 -0.02650343747556703 0.059468379327085416 
17 17 17 | -0.5608840090106426 -0.01046143951303092 -0.017929131185430578 0.03436662177946264 -0.046672193447537424 0.0446691407542655 -0.07304657666217486 0.030128128666491238 0.0028981298124819556 
18 18 18 | -0.6106006815194149 -0.11262254778043172 -0.08929519750685495 -0.031886840246095546 0.009354820002363946 0.1788678353207478 -0.021695136360031824 0.07389392148261101 0.08481341162513181 
19 19 19 | 0.063595636364848 0.06386504221015518 -0.015454689477076018 -0.01826826929305477 -0.01425625539411633 -0.0006088584697124869 0.004059119704247804 -0.0010432797088656997 0.002600975650651667 
20 20 20 | 0.16261827450451904 -0.03742122109043811 0.020806635962147286 0.012402614906004741 -0.016497430706267885 0.0029018223552952603 0.005702081721020349 0.00786764840700325 -0.0026569519185490405 
21 21 21 | 0.1685794322189088 -0.03830698347003551 0.0015604389182817843 0.01807484302851845 -0.016594732373612753 0.00012211726310207 0.005314663851325949 -0.00383162573283546 -0.00711212329194144 
22 22 22 | 0.14521624882890105 0.018320195804725197 0.038535089320062006 -0.0051525520840434305 0.009316148664686672 -0.00487798254133242 0.005174202492720203 -0.010973637102419238 -0.0002608688788577958 
23 23 23 | 0.14066531345671984 0.006855152157850796 -0.030567708724737745 -0.028910435311956872 0.0028625080953506715 -0.003974556397315241 0.006387272193853977 0.004465226142998443 -0.01587122042059006 
24 24 24 | 0.4157283059222183 0.021314665122382476 0.010751071927699939 -0.007228937338585815 0.002641339170357539 0.0032049531783845276 -0.010918645836000843 -0.005277570576065351 0.011932398818062719 
25 25 25 | 0.14815394304777918 0.030333030227396796 -0.00898049437242068 0.03343640825971151 0.004673414544868064 0.009609316552697814 -0.008216192276475374 0.008606932576673903 0.006846544923928696 
26 26 26 | 0.14717048414598888 0.00013130543835541253 -0.027058197210656228 -0.0356444501627567 0.0012468067226159055 0.0028495007775648055 -0.0030393588830021413 0.004043876119621631 -0.0162870036760475 
