-4.742515741930796	0.5165739150542193
-4.740395214514366	0.5204712164680088
-0.8529976580578245	0.38086974642748767
-0.8777167665773821	0.3847628138292539
-0.8578121958851402	0.3805823199549303
-0.885991470062036	0.38761062437847527
-0.880008222909443	0.3887020096864429
-0.8880925889120591	0.39054994153323774
-4.749812320218051	0.5208248136016267
-4.763485154773974	0.5274489199454393
-3.431011803655673	0.47292441694828274
-7.1542317029129	0.41536215818300937
-7.169638434411964	0.4168963995695485
-0.8852513159402878	0.3880768699440344
-0.8794985273986283	0.3864052651956276
-0.8667055824747096	0.38959210306317726
-0.871552096282138	0.3857333910928438
-0.9140169540107473	0.39875298412961685
