-4.838896517632764	0.5201574933255098
-4.47731098823248	0.5077081277608302
-4.520698510504633	0.5091043006649029
-4.569947378546799	0.512631622873694
-4.215774609878819	0.4915803510620087
-4.4776509500777335	0.5085531941494785
-4.56110956354916	0.5108795920212359
-0.8580477565082719	0.37152576757702904
-0.8568197590031044	0.3787507556496637
-0.8555443941506795	0.38000601266721756
-0.8633455160255115	0.37918124058050595
-0.8444447496521932	0.38083069002893877
-0.8513871267999721	0.3815125692701575
-0.8580217219797714	0.37805768523129807
-0.8427876209186259	0.382482482599864
-4.742570703878329	0.5175996472631444
-4.754223329398846	0.5199618337684729
-0.8684461915297891	0.3840339184050207
-0.8725965779263491	0.37926342845703087
-0.8755064059445882	0.3857886513353089
-0.8665086001144506	0.3831235709289007
-0.867996608597615	0.3857055044832364
-0.8663002402157601	0.38583211761168457
