-4.875442957688538	0.5208025057411305
-4.590931196056383	0.5165381432609671
-4.042653331864725	0.48411724293728203
-4.120646178017171	0.49483333874745866
-5.741805882741718	0.44302500148660606
-5.901726984598106	0.459243393355083
-0.8381058395781931	0.3796969830136921
-0.64311090401889	0.34994031867066544
-0.8372491710504072	0.37961524390429263
-0.8316706032901046	0.3785995729084744
-0.8800023130023178	0.38074912204660616
-0.8449575381821286	0.3823973050208058
-4.8375213690052625	0.5199988623632489
-4.483944311764642	0.5077295442923271
-4.499070624193754	0.5063808067922683
-4.568068869910321	0.5108368006435856
-4.215509714169473	0.49084256559420275
-4.484674675525047	0.5075184922099717
-4.557237125538829	0.5086982792654098
-0.8697672997641749	0.3803784315003289
-0.8464811382805686	0.37424367661111735
-0.8643422420460435	0.380620525825579
-0.8638639089417026	0.37944033136734356
-0.8537560192392253	0.38230221324623803
-0.850676229912736	0.3815841494554424
-0.8602311868186931	0.37891075439631206
-0.8464319735967288	0.38336727022165756
