-3.932077986271637	0.4867042014060345
-4.9346036676451455	0.5329413036590622
-4.962994692187247	0.532519380125141
-7.134611131723932	0.40711825223141807
-0.9907041171624457	0.3964677673623059
-0.8857890784524214	0.3910751249483824
-0.8147568897484604	0.3749034010190275
-0.8407841808197651	0.3815500614910527
-0.885322255218151	0.39165666367635127
-0.4590003756742989	0.33085352895260706
-0.8144889632645351	0.3780496061547542
-0.8643527127284538	0.3886024580759454
-5.095178667411931	0.5408071563182645
-3.376541818183043	0.4649029532264869
-7.159432314752637	0.4072597484498139
-7.135521021126223	0.41137811311312134
-0.8322880677588274	0.38196014684393526
-0.8406246406008151	0.3848283657491148
-0.8376590497734371	0.38422846116929443
