-5.0898982017406444	0.5383544851819554
-3.3274396443308483	0.46482865065718953
-7.231913399858034	0.41831508159360303
-7.165649467134124	0.4158722832989831
-0.8328096400839953	0.3818273468235217
-0.8323203218028014	0.38251349006026214
-0.8272018679509061	0.3813047038906403
-4.540999792431166	0.5048026247279986
-3.3950368371491613	0.45422041479221514
-6.307443142552826	0.45974451123101184
-5.985829575297686	0.4474051662401859
-6.298677493741313	0.45809875688261353
-0.5176388122409256	0.32889559145889186
-0.5462370771403807	0.32779201608885267
-0.5951351555522467	0.33668813946119036
-0.5708041760235028	0.3346079679600763
-0.556028585578267	0.32990386552173023
-0.8828717064213731	0.38350635216087464
-0.8760540640487605	0.38098516853354575
-0.8345542201358102	0.3756970234656906
