-5.056906943506889	0.5327796254317565
-3.377061089105183	0.4668173431968269
-7.17591205593358	0.4133115810842618
-7.165483851395038	0.41082743387898957
-0.8300946374635922	0.3806289223864645
-0.823523756927704	0.38000501386266977
-0.8277190829903449	0.38108938063135434
-4.5298774398620125	0.506686550225548
-3.4039114653621088	0.4561166869557164
-6.308996116222805	0.4598176741789083
-5.973754151307227	0.4471177468517004
-6.313350960565775	0.4604774376204801
-0.5295754666714565	0.33712589972095325
-0.5837502634963136	0.3373803442301997
-0.5683454038794648	0.3470825835578824
-0.5746409826677206	0.33627082758925714
-0.5767825730515299	0.33587674394386086
-0.9072759140653677	0.3891275778571296
-0.8453422992117771	0.3756271844802905
-0.8669577971970587	0.382479404339617
