number of atoms: 19
number of fields: 9
Multipoles
---
0 0 0 | -0.3766014328329428 0.07775590085639916 -0.05332438667695863 0.029215430892684614 -0.04640616321679676 0.07230641975749472 -0.05546205098190685 -0.0156081767451602 0.03251670055959843 
1 1 1 | -0.37734153743601784 -0.06991638546261447 0.06404319957568314 -0.03756824994144225 -0.04897498590429634 0.08615897379123541 -0.04839453242588221 -0.023435450015191206 0.03419376420576361 
2 2 2 | 0.13274410591569497 0.01757322158490747 0.008053110124873239 -0.04766674643029238 0.0075498631278441836 -0.011175462954469969 -8.08408407581719e-05 0.009648754666426866 -0.0005939747131686229 
3 3 3 | 0.12524937627647703 -0.03443570184420522 -0.035886981818744494 0.00837081015817922 -0.010320573045923789 -0.013119249476090075 0.002347014800684823 0.0036147705377553496 -0.00547532893427655 
4 4 4 | 0.12704290561786424 0.0050068607418201514 0.03365748341296786 0.03823663657467807 0.008809284047340982 -0.005943833800698641 0.009258554117804369 -0.005139725254933548 -0.008249568897303277 
5 5 5 | 0.12364225684228336 -0.013040129817201445 -0.03904224318684219 -0.029138010808414605 0.010370202823581866 -0.0012657653258745622 0.009448874771688556 -0.007626794472586182 -0.009822389176554147 
6 6 6 | 0.12374378981104395 -0.019688393648124653 -0.002771831296257058 0.046464987932823436 0.012475202114191968 -0.007856551091137365 -0.0012003914502412413 0.010790470888983984 0.004756671350598234 
7 7 7 | 0.12581560623450228 0.04043106776724812 0.028591652553375407 -0.010020134418226937 -0.0082433032406351 -0.013059078170956667 0.005116296497310841 0.00405470458363048 -0.005842480677325555 
8 8 8 | -0.13643640208903118 -0.0750432511913914 -0.014909319267080784 -0.033954265226346335 -0.08752393354874394 -0.025598897124700218 -0.03949054970399691 0.07819883074756799 -0.054516449523866826 
9 9 9 | -0.4366492182121391 0.016099088056071555 0.024660621331463923 0.07453153708321054 0.024310453967031263 -0.0007573878858985018 -0.059713086649407124 0.06527708977233715 -0.056451991824107435 
10 10 10 | -0.43836985047109067 0.06464436212576867 -0.01019728315704924 -0.04200170631553226 -0.09137332732136616 0.007650138957658292 0.051784110311262635 0.02197409770026585 -0.004371349336765598 
11 11 11 | 0.1074753533676317 0.019680332060580112 -0.04600314647336058 0.019557635649243864 -0.002861746961885876 0.003884748344371996 -0.015238892342627097 -0.006913961396494768 0.010490461084054634 
12 12 12 | 0.1011924483180654 0.011185075373710548 0.05010199353936898 -0.0084884516004348 -0.004400279872611062 -0.017866399487442723 -0.011367597198742167 -0.01862357718518374 0.003729464572969086 
13 13 13 | 0.13149081464460566 -0.02495289510692731 0.03891848981437947 -0.006428070547633376 -0.008208035766683486 0.010397845237709605 -0.007392405126496281 -0.005216205362503741 0.014868719421052584 
14 14 14 | 0.13168668936829708 -0.023461941388495132 -0.037802217937767106 0.014405700642146493 -0.007277365664862576 -0.009975441375455052 -0.0003249858646951555 -0.017042568701064586 -0.0004678206046050232 
15 15 15 | 0.13351213343962776 -0.01526700813609252 0.030321628880622398 -0.03146628510740001 0.0015059591693722162 0.010534434254339187 -0.01727857036438507 -0.0034943672077836435 0.005797479354455427 
16 16 16 | 0.13470700771510602 -0.011485526888044837 -0.04499736578563503 -0.005729843669954023 0.004189598870414918 -0.016613091311702532 -0.008062936757670518 -0.007273678113433673 0.002754975222462353 
17 17 17 | 0.1317179129008006 0.042263767352404835 -0.004583699501946147 -0.022248233327998527 -0.005070222989344179 0.005723600670809799 0.015122680633547296 -0.0033536396876554684 0.002536471691527867 
18 18 18 | 0.1332267297969606 0.01720407275498849 0.016725858137476672 0.04193073636504397 0.014388322540157853 0.000472693242518165 -0.002484391833691225 0.007862842054653459 -0.005548770371341145 
