number of atoms: 30
number of fields: 9
Multipoles
---
0 0 0 | -0.13538564050870594 0.006721567726758919 0.031136024701603277 -0.09394553508766769 -0.013885366584657027 -0.07977435122079737 -0.03295091814442366 0.08386442015640551 0.07016775383052479 
1 1 1 | -0.4335846469893694 -0.07116839544230111 -0.04322502734517193 0.01958208562019107 -0.017540027381880003 -0.07239463191442906 0.07534489184606971 0.017377973583376338 0.05848740701265868 
2 2 2 | -0.44192660170276543 0.06511093566021148 0.015162001455837128 0.048092419466563965 0.0024943945184094456 -0.004382880795771148 -0.09492290407936231 0.06796417061137969 0.009368228216244737 
3 3 3 | 0.09393331025428442 0.020001763814640753 -0.048878881102115544 0.002771371283015845 0.01878810040617666 0.016945559245167052 0.0026083907926705676 -0.005280020029363808 0.01327605565933052 
4 4 4 | 0.11641976186363745 -0.02791736125615921 0.03812845150030023 0.032549483705803725 0.012668564817038083 0.007613804370176232 0.001323757265959701 0.004808320238125359 -0.001925244161062113 
5 5 5 | 0.13472197399667396 -0.02672052468655241 0.03300010970112455 -0.02034939690074742 0.014171100128136592 0.009689476857303668 -0.007088401254237874 -0.0006373761481167272 0.011073365260202247 
6 6 6 | 0.13145262378359213 0.030245347985867664 -0.017751897321516767 -0.031210112953792776 0.014550713392621562 0.0034287377149790446 0.012715291819598636 0.00785086749023765 -0.007703243969762672 
7 7 7 | 0.13182942349014415 0.01842271984016209 -0.036832838352827205 -0.02594011615232248 0.0008043239845207656 0.014280060211352629 0.005342958855968633 0.008448657533866403 -0.007012165437520043 
8 8 8 | 0.12986572872432034 0.015462685350239204 0.018183377783813643 0.042867067607632266 -0.0018912892145622401 -0.0013088136361294237 -0.0153360069833998 0.0016841444490149388 -0.007960029121563267 
9 9 9 | 0.13174990787008023 -0.026686516406677532 -0.03199411571927713 0.024115891677400744 -0.0052736576666001945 -0.008915659958606362 0.012057163074795985 -0.007058959114317534 0.0014905621209057402 
10 10 10 | 0.13756792210239677 -0.012002548632741847 0.04687791800713938 -0.0028168952663202122 0.003733726812188438 0.010973845761048436 0.0056160680049234975 -0.005856729165277499 0.01292570608266148 
11 11 11 | -0.4230237221622879 0.08401424163594454 -0.029913015148393788 0.01009688296105585 -0.10608768608745137 -0.005865228163941454 -0.048848303207468025 0.008403371580098453 -0.009138112604669422 
12 12 12 | 0.26015835306415624 0.021253807713058407 0.07155935622931499 0.012429529140431456 -0.12612411727855435 0.09346837321576223 -0.09548467515644879 -0.09431034654344407 3.496526106294261e-05 
13 13 13 | -0.04374165683299491 -0.034056345295233895 -0.013736975656257365 -0.014567651943867667 -0.012123922798240568 -0.03511362622771731 -0.09031001113606683 -0.1992118763738912 -0.06418247811792022 
14 14 14 | -0.015129619068884104 -0.0878063444996004 -0.027469077054024075 -0.03106372408658308 -0.08020258652105282 0.020626369587241865 -0.09503878932471346 -0.14126177107245105 -0.034495080228820106 
15 15 15 | -0.10020099035955177 0.11715321005668336 -0.02862593638047334 0.03167308662211064 0.015703513379562772 -0.08008551483915709 -0.05025152643862416 -0.11107658364901313 -0.054543548404035885 
16 16 16 | -0.12071161881483317 -0.023866544582450286 0.03272554442984405 -0.0073728924985702144 -0.06825180636743872 -0.09384691267395014 -0.11250359397218077 -0.13502190005389433 -0.06224412729119495 
17 17 17 | -0.2842735456195191 -0.0035899658010358085 -0.016680888012064993 -0.005851874192380064 -0.005474734965727034 0.03962713009125443 -0.0693403868947432 -0.1841262875123033 -0.03397350224809115 
18 18 18 | -0.19340685678124991 0.022968441030344764 0.030784899011024436 0.005186757781940842 -0.14425324999979505 0.09178448264520057 -0.10793721740032365 -0.10454047237345886 0.016472941637519504 
19 19 19 | -0.1562099386117186 0.015935598132478555 0.025148147813817037 0.006865148067251775 0.0006251143978904525 -0.0049844506366575215 -0.06778855039374353 -0.16964965947633054 -0.04249172060178667 
20 20 20 | -0.42514346533844627 -0.06688177364919347 -0.01213535719404563 -0.023113908343798017 -0.03872754907946861 -0.05839884170442414 -0.019438938802975186 -0.006502233907046645 -0.013430295970103978 
21 21 21 | 0.1323558433631602 0.03433734435735677 -0.043644316562633914 0.009529290178636168 0.011333318143735982 0.012685995152617252 0.008686619592021615 0.009751513423225713 0.00491282704506657 
22 22 22 | 0.15220914825187914 0.04774611692610642 0.0014481837648279965 0.014759665426137334 -0.005949758614627224 -0.009076480188185864 0.000992047922618307 0.01733148167524299 0.0013076970460377557 
23 23 23 | 0.14205540138336903 -0.01808123492677091 -0.04989103625214407 -0.010323635423692459 0.013885513956259586 -0.009726483694920225 0.008201639763299502 0.004210016833264508 0.000665170976206729 
24 24 24 | 0.14114105820041645 -0.051358096527735694 -0.011395717061530305 -0.012048755405496811 -0.007064669687348147 -0.0036742484576072023 0.0003781912682200431 0.021831209375621503 0.004839351023388712 
25 25 25 | 0.35626654735556107 0.03065119686733812 0.015531010745140985 0.015540760488781138 0.0010946302586810385 -0.012447782226525242 0.008808782333225402 0.022750918728974244 0.003301062067420747 
26 26 26 | 0.14866398140102755 -0.017822315949174865 0.0598778451593761 0.0017683763934418708 0.019735793487640603 -0.0034889881076286414 0.01437681038960393 0.01099900643854143 0.0022729426860926922 
27 27 27 | 0.14222565971770673 0.008669113755069274 0.04707304678099473 -0.001434607454206374 0.012822020667953455 0.004574228548784093 0.004775482012098123 -0.012326755043336796 0.0013118085652705498 
28 28 28 | 0.1417996661107489 -0.015833319299185668 -0.01844396412268006 0.04442401127851348 -0.00603824136206794 -0.010695313859232489 0.014720039208854048 0.00024444845052944754 -0.00031793084539452263 
29 29 29 | 0.145839733261089 -0.005861829809197758 -0.02291882381911155 -0.04289225248442073 0.009966667927875554 -0.01146596487541687 -0.005814412154033252 0.004781573809174268 -0.007042233326656738 
