-4.508169242942038	0.5061821466510147
-4.780889010500865	0.5207753870880423
-4.7940469548719395	0.5218754723799949
-0.9110625612687567	0.387952754522692
-0.8664080874180337	0.37632091878959706
-0.8680517865456853	0.3835309440837597
-0.8595994863985323	0.38270663237734975
-0.8700961064139161	0.38511348724768496
-0.8675348529969615	0.38654335361323133
-0.8747032802643997	0.38807277779411437
-0.8741074095978897	0.38884914964077477
-5.0243135347939045	0.5250513689169544
-3.4805879153200547	0.4632206233584297
-7.0120815261435085	0.40260028669479203
-6.308480895572194	0.46433032121156237
-0.845939671068338	0.3810922945797949
-0.8059198715544627	0.3746523800743621
-0.5754798036120697	0.3387799562690914
-0.5968053085372407	0.3426610270021699
-0.7969709758076181	0.37447167169746276
