number of atoms: 34
number of fields: 9
Multipoles
---
0 0 0 | -0.2273633399451045 -0.06510909044064238 0.05049595096338117 0.0033181681340227723 -0.04990807727027913 0.00980984123238192 0.06247142057520531 -0.040600736280935384 0.04693005404611783 
1 1 1 | -0.42119019458103146 0.07978721041128184 0.0024116235446322745 -0.028295440386341957 -0.06793595228988746 0.045781608281868724 0.031196899447352662 0.01384682620604282 -0.021546920388786066 
2 2 2 | 0.10060253585983059 -0.0364061398495507 0.00613479469915087 0.013288770151536664 0.17285419410840838 -0.17761448557696158 -0.1006567666655541 0.07098199268081933 -0.029793095401897413 
3 3 3 | -0.21004474332900713 -0.003851170333103421 0.01351195642986086 -0.016371944800113593 0.11266091529992124 -0.18377499908406938 -0.029895668428121545 -0.046301224682609464 0.005931716546370511 
4 4 4 | -0.18787430146088635 0.005715980914580844 0.018580270684833738 0.005261400069538973 0.14725287724057753 -0.13280898563377885 -0.0071985513104249835 0.1059052683115943 0.09027390753784098 
5 5 5 | -0.12294877541496163 -0.027767206066559996 -0.02179148486434691 -0.013505930302811388 0.1441579759183358 -0.11949119237032416 0.027582068088091324 0.08191328981071166 0.09196827900344168 
6 6 6 | -0.12917675154011654 -0.004121088858508522 0.006683877470135529 0.035076201690916686 0.09177213875005377 -0.21294294186122179 -0.0008713406679288806 -0.04150860196648788 0.015996949906856194 
7 7 7 | -0.17162079980806055 -0.012922979313789062 -0.025126673595224986 0.016890010914631087 0.11578972862981608 -0.1322513807605341 -0.06923362502394298 0.09230341402889265 -0.0706573734906344 
8 8 8 | 0.11771759471413856 0.022393509930095423 -5.463971465072936e-05 0.043607110579617164 0.0072701653867129 0.005561286241933008 -0.0190880991566305 0.007734859353393445 0.0009854466266240294 
9 9 9 | 0.12680804062689022 -0.0033312511996262555 -0.035632039260890896 -0.034319697056743224 0.013736287612089695 0.0024223924723957035 -0.008825607437054628 -0.003166336650772907 -0.015025867311821256 
10 10 10 | 0.14427580241882165 0.009826669083566743 0.03832938278479244 0.027869244133004942 0.014898185919892417 0.002653096673991889 -0.0017292334245781642 -0.0009209325365863383 -0.009165100249020165 
11 11 11 | 0.14614987284380554 0.003945389437511224 0.0006595776371193023 0.052037782515125384 -0.001623189253174562 0.01806032915391453 0.002320869743028182 0.01018011730394907 0.0016931138193508357 
12 12 12 | 0.14144456858142718 -0.025121925392764026 -0.03692508408962751 -0.026687277292421704 -0.010013094865650836 0.004360668978045755 -0.00551945485391153 -0.013715313967090116 -0.009997940253452776 
13 13 13 | 0.13907787203661737 0.025666638016407853 0.04313059442977702 0.02607081701848856 -0.010434006706798695 0.005536278049084742 -0.004946185380831865 -0.008325385926911266 -0.011403023964374067 
14 14 14 | 0.13408328488715793 -0.007541728149526456 0.0011987891992135508 -0.05504326178478017 -0.0034173722779225414 0.017117688140584304 0.0009514243681984832 0.009506224271097876 -0.002144700595836917 
15 15 15 | 0.14555892133278758 0.022306468906330475 0.04168306024855796 -0.029634278662902466 -0.008527305120543146 0.008139999016841482 0.007646908726493722 -0.008573670962001635 0.009681663996978698 
16 16 16 | 0.13555764012322047 -0.004875418363943977 -0.04735566358244215 0.01428850031930983 0.007703627980409332 -0.01381578259932031 0.002647395305897042 -0.0007500192447387093 0.009183538168632393 
17 17 17 | 0.1364263324816819 -0.016450103248243756 0.008875162707960911 -0.044591723664436256 0.0037504925704039483 0.0025181898287672286 -0.01823393114927871 0.0025544250243639396 0.005101001998046869 
18 18 18 | -0.4600589198637808 0.02822732633617726 -0.0025015979467846975 -0.0673976459707246 0.06401393686436792 0.037941860479671394 0.053471802081428134 0.07809146812137448 -0.016907679713557635 
19 19 19 | -0.14000724957927346 0.019341736821452307 -0.002607356502043429 -0.02935334585932986 0.11182649166512768 0.09147356464604486 0.054300538234345094 0.06361297219798813 0.10965740024725446 
20 20 20 | 0.06577552891076 -0.013012005324989985 0.00024014059489915347 0.041049693855712416 0.08242458597094067 0.21315070326902927 0.049668656519369164 -0.015927209146443397 0.07132377694807422 
21 21 21 | -0.35367744393708644 -0.023865359066423408 0.02996420222718282 0.04831755261398831 0.08728226150920977 0.1324731831602929 0.1406447692446003 0.10004607206972904 0.011403116795334947 
22 22 22 | 0.4002106352070465 0.05740668040124962 -0.01743394131683885 -0.11823409017973048 0.058045805754891495 0.16822553020702533 -0.04418664408887915 -0.07853695501274001 0.1142699884604316 
23 23 23 | -0.1525395946981858 0.01677992693093998 0.007887546329275163 -0.023056032035481615 0.049826274933574215 0.14743097646776104 0.1203219194682367 0.043089925347019095 0.013894926054331307 
24 24 24 | -0.2896341342758024 0.003356456766980876 -0.010180816443992576 0.03577534402540562 0.08343071249783375 0.10897106451568352 0.04034793496227954 0.05682973886463469 0.10362084804370228 
25 25 25 | -0.5962192903354016 0.016725818640388076 -0.06423935711932252 0.09317591224189521 -0.062416591059690295 -0.03848857776632981 0.016811120465930796 -0.01878053954418944 -0.10773439894844332 
26 26 26 | 0.1685323897429154 -0.03622282947175407 0.042569207463727866 0.0162971569981933 -0.006251168802472684 -0.0050481099372954655 -0.004515362185072992 -0.006960272395363999 -0.012803303216162843 
27 27 27 | 0.16100731156616999 -0.020701541682633103 0.042122709229701086 -0.018878329769977734 0.0008485671015783497 -0.010753529496816742 -0.008008745987865178 0.004111115749676493 0.008936826359393881 
28 28 28 | 0.14724919044653484 0.008953170989745447 -0.04461681274020994 0.009558117292625446 0.00372382821876957 0.005793135733632014 -0.0070736928572684345 -0.010804804821466984 0.011562601885529223 
29 29 29 | 0.14115632383615173 -0.04624854514900066 0.005149338641965519 -0.014200174189464128 -0.011882077865283416 0.006031452788379861 0.005924334432086199 -0.005169546342427009 -0.004456942242252389 
30 30 30 | 0.1425412054398617 0.01248862446704407 -0.04229321513689892 0.03024860266153502 -0.0005647245835808145 -0.010280256100064477 -0.014803197844267625 -0.0032644115405918825 0.009738097901072041 
31 31 31 | 0.4464320072642003 -0.005329468735180616 0.015569119856837028 -0.014901964832230125 -0.004116304443841673 -0.006260216550697878 -0.011822311965246031 -0.009332814283858583 0.0010422038172000286 
32 32 32 | 0.1689545043634848 0.03665819590442778 -0.022109375756608218 -0.026338587580567806 -0.008193909420712306 -0.0007467288116817717 -0.0012273718582445953 -0.011754333703446031 -0.013651019102933103 
33 33 33 | 0.15001512215482005 0.02974551624275807 0.03659977179902036 0.01509881145321613 0.0035382430345948603 0.0011860390191796655 -0.00942278305557665 -0.0015974068500065096 -0.013704875734190183 
