-4.487641497627079	0.5053590867883585
-4.787347072678228	0.5206913095382748
-4.794834465375052	0.5213821883827028
-0.896562383472435	0.3842884599102309
-0.8926283889028709	0.38167215459946674
-0.8677087626223418	0.3837270927535915
-0.8670465251136037	0.38256033100981207
-0.8710301221599023	0.38732131420598914
-0.866163376081069	0.3859994387396619
-0.8671173741947552	0.38664655832967176
-0.8705674724388767	0.3872677768630265
-4.834777955687117	0.5184380492100896
-4.509986328483685	0.5073901878771406
-4.479170071670707	0.5063108305931355
-4.482968332139484	0.5067484846349105
-4.562312038528385	0.507661033400757
-4.558291727889298	0.5088818127841553
-4.212371793156376	0.48931656210615315
-0.8665353249096189	0.3809565144476292
-0.8704224391067459	0.3793936235194593
-0.8625785580246763	0.3790574185655653
-0.8583990716512647	0.37825125507720164
-0.86585351722758	0.3798989919422916
-0.848431634596085	0.37719282940172916
-0.8533015310107697	0.38246438934661364
-0.8503450887923069	0.3843413323178808
