number of atoms: 16
number of fields: 9
Multipoles
---
0 0 0 | -0.378444535218037 0.031018926547913578 -0.08911572361961483 -0.035696312770862444 0.04964354408083361 0.052260177121032335 0.02435113868545725 -0.06013961508979777 -0.06808152503766964 
1 1 1 | -0.38211165258435464 -0.032078677162052496 0.09004155324378195 0.03376692500674899 0.04749938113631077 0.06490276478684222 0.019791115435150008 -0.06045901201980365 -0.060759970082165125 
2 2 2 | 0.12395209415266928 0.02468859363113791 0.02546758180641024 -0.035461182742373594 0.0018763083183125672 -0.010279148417165224 -0.0034213976885342796 -0.0014950028511358945 0.014189173179261695 
3 3 3 | 0.12910919284864486 -0.049264430611494325 -0.011779662485400865 -0.006328778149373907 -0.014287105962194445 0.004824798469941497 0.004592311708430745 0.005925920902486722 0.004198041881627021 
4 4 4 | 0.12623323426427935 0.021906907173961897 -0.006441652481509793 0.04489310373275927 0.0011419522947249661 -0.00836339579570031 -0.004658717201701342 0.014075230089108935 -0.0038931621854655005 
5 5 5 | 0.12809754097989368 -0.023411436408492005 -0.02528334615993928 0.03594846571288644 0.0022815146457964963 -0.008808259526854578 -0.00265685826935912 -0.002775650575118156 0.015468716601546004 
6 6 6 | 0.12613986987584247 0.04929760953294869 0.01421868706035236 0.004894366468643669 -0.015057252239960451 0.0063628628863095695 0.0030388733288953486 0.006671713731314809 0.005973049074916192 
7 7 7 | 0.12479466430126607 -0.026317699817008357 0.0010886342532606347 -0.042813978982575406 0.0017663199901634835 -0.008504542299289493 -0.005256081712947066 0.015040275254572133 -0.002619012200721811 
8 8 8 | -0.3722953181388515 -0.0031048680606452542 0.07724821872900674 -0.06183992382197692 0.06374042410671327 -0.01387246637299241 0.016316091474290556 0.002565560690407222 0.10412433288010864 
9 9 9 | -0.3805252497491205 0.0013216281517744216 -0.06516703157747893 0.07779782299928803 0.06346079684471144 -0.0018553690651916053 -0.0068089441817062385 -0.01876321686866141 0.10553965336206049 
10 10 10 | 0.12261822939425604 -0.04058281161871349 0.016622320162170696 0.02512859536954057 -0.004807658328933165 -0.005656516600958491 0.011330289568228983 0.010505028501587474 -0.005480732085519616 
11 11 11 | 0.12406897386885929 -0.007372819973637013 -0.03506238184675799 -0.03505045209365292 -0.000528405292652816 -0.0030478726359128507 0.001426178845907226 -0.012695909807082607 -0.013779763695530968 
12 12 12 | 0.13010283543155587 0.047172607132847814 0.009044711601096185 0.01564228100751311 -0.009939616602963917 0.0028772973832806516 -0.008347148194997555 0.006365936776468654 -0.010520145923667016 
13 13 13 | 0.12364891068516959 -0.04809278823713306 -0.010515944812059844 -0.011053273048154958 -0.010641364736830071 0.00907685413992084 -0.011949054987839342 0.0054591672131406406 -0.005198886346202839 
14 14 14 | 0.12517733169466694 0.033334285461391965 -0.027162547481476396 -0.027449126281747525 -0.005115581902546254 -0.004284634166519331 0.012294904199808117 0.011762634337773838 -0.006463851616129324 
15 15 15 | 0.1278971245876508 0.012257002841947407 0.03968002310975556 0.02833728658265381 -0.002330143632445637 -0.004223984825478135 0.0005521587583850031 -0.011243862213158862 -0.012814239856212209 
