-4.8379246477548525	0.5196100427651296
-4.558167154084769	0.5082086400981767
-4.212487633609564	0.4907361352955014
-4.481861246368941	0.506919289174334
-4.563939902481776	0.509434708287879
-4.509590988504586	0.5076095301327347
-4.4916604570535945	0.5082502439812923
-0.8597389090873571	0.3789165668554497
-0.8654108093392183	0.3789491233759437
-0.8462469821316176	0.38010577550638136
-0.851985709587472	0.38316057044000684
-0.8560745048933568	0.37552667420321967
-0.8638540123548512	0.3797827501338289
-0.8627043222549663	0.37921459780983574
-0.8476422196054043	0.38281802945354104
-4.747005807368004	0.5167597105554431
-4.739942494456032	0.5185963114361098
-0.870403345208168	0.3833262791906577
-0.8815535804627908	0.3865048714623163
-0.84516461028236	0.3762696711022447
-0.8773569784192884	0.38613391775451655
-0.8764428084024019	0.3855277434987825
-0.8745461745617213	0.38738906442096654
