number of atoms: 20
number of fields: 9
Multipoles
---
0 0 0 | -0.18138226161736526 -0.001465311078453154 -0.01703734764433172 -0.15895021153899921 -0.11526892640736035 0.0389660990701595 -0.04892856158389665 -0.052308297317338104 0.0006354281681390868 
1 1 1 | 0.9547835844024384 0.027153482513272872 -0.014744694267593717 -0.007767715901248083 -0.015281896745791593 0.1112749197548988 -0.002406196545663168 0.056520036673468096 -0.013344314779704481 
2 2 2 | -0.5890274719729769 -0.014742458137475234 0.04617200982364925 0.15113522745319308 -0.03341672371846634 0.05406371054808766 -0.01745094228747556 0.036318031997919546 -0.026936710992302604 
3 3 3 | -0.934949259044652 0.004225368383393656 0.007982949324104727 -0.0017707101267135815 -0.0052692363003419744 -0.05407810929166335 -0.0021419210094663728 -0.03968196171932214 0.021494898006719367 
4 4 4 | -0.934546054985292 0.007358454672737932 0.004778326502185791 -0.015205014070275384 -0.01824682232141827 -0.01976287413193491 0.005011747307668458 -0.04253806442557929 0.0059370223241736984 
5 5 5 | 0.43900124431456533 -0.014699878741794594 0.022217999588670316 -0.014182406012188873 -0.010253337305495632 -0.0022396212104348607 -0.018180909388007607 -0.004402935542174736 0.008073982556536125 
6 6 6 | 0.1268918056871311 0.037384493221771606 0.050617629359405496 0.0036435110561664494 -0.012813299860845877 0.004782000387664652 -0.014027616842679462 -0.013786903568606564 -0.0037441342968525157 
7 7 7 | 0.10111059077073892 -0.002506911956868556 -0.05282062953453464 0.02772254661654386 -0.019201965992647528 0.00615410978656473 -0.005969858683682857 -0.018107513133585697 0.013168218973353567 
8 8 8 | 0.434980486267476 -0.0006872466603559074 0.003884987243836794 0.02686757698643944 0.005282360646260184 -0.017167320791592014 0.005805577073538865 0.0005953347070989405 -0.0014791038180452046 
9 9 9 | 0.4267730383296606 0.019678624601331737 -0.014842947409532783 -0.011775151732292643 -0.002689409336410112 -0.009656768119208018 0.00915929411866308 -0.012430213909452313 -0.004832943929002486 
10 10 10 | 0.46560153169138185 -0.017455264507513005 0.013996071611065159 -0.014559811503899048 -0.006890751959433512 -0.0021477501460889776 -0.007101881246269036 -0.011045365021204793 0.007499303882194603 
11 11 11 | 0.4217728149568921 0.01765839307921971 -0.014317718622486271 -0.015314687246186268 -0.005466072661909956 -0.008769005570773506 0.007708288183783187 -0.0153248814132131 -0.003034097139937599 
12 12 12 | 0.17086337176415822 -0.05798447872435149 0.021911723611433707 0.0040314896843269945 -0.008572995225581498 0.0002869627597059478 1.756302736474551e-05 -0.015484911916337786 0.005813078975280367 
13 13 13 | -0.7437550747687283 -0.014253823689240828 -0.0036686772695013426 0.011342889625134052 -0.08658332414743367 -0.09072923342436026 -0.042258213284801685 -0.11481527053829596 0.04873175548109964 
14 14 14 | 0.9756827062662188 0.0667375201284759 0.025806987137574913 0.0186748528531632 -0.06870518104498811 -0.07117238999280576 -0.07817064824989699 -0.11014406854208028 0.1101573726662701 
15 15 15 | -0.8843847621443803 0.027231711247779473 0.05725597064697857 0.006469163571997839 -0.04995422552695395 -0.07994763823966021 0.0075377713058024445 -0.08737932561013909 0.035143008262817806 
16 16 16 | -0.7612024806365536 0.021396534768679764 0.06720370199064743 -0.0316471802373382 -0.11144000256637546 -0.056279089536250534 -0.05434561483208821 -0.04714532962643882 0.05859707666784128 
17 17 17 | 0.17452902030227102 0.0037167696243292896 -0.01228853233006596 -0.03631969524545138 0.008644915668275487 -0.0007347554929597882 -0.006170455122747748 0.00033424940592258526 -0.017288316303065925 
18 18 18 | 0.1862354981394191 -0.02148916993368699 0.034794113423375544 -0.002208440736157633 -0.013418183923590529 0.012301091540304924 -0.0025918289283793174 -0.00330703008690395 0.00043773639209177375 
19 19 19 | 0.14961929802360008 0.00026177962483408775 -0.018546648994209484 0.030155780945486772 0.011487624567756543 -0.0024387608066105716 0.0029429935599064824 -0.0025222836965873474 0.01941637250018991 
