number of atoms: 34
number of fields: 9
Multipoles
---
0 0 0 | -0.48220128494996395 -0.04148882639857084 0.04065271459470558 0.022248806557618604 -0.007924405388332348 0.06470996184343972 -0.012577784523478483 -0.05947973517730682 -0.052668457095831886 
1 1 1 | -0.13642891118581613 0.03253747979768394 -0.02056929287462677 0.02261749128851178 0.006661938660504093 0.04354685181974857 -0.03676856201265651 -0.10416074026877443 -0.19688911594604097 
2 2 2 | -0.17672758625527063 0.014510037377489153 -0.031410514266158346 0.0010006440069369861 -0.1378845648839675 -0.019304589334624197 -0.13166797996523144 -0.04209004324311743 -0.1272279000118039 
3 3 3 | -0.21530396242894057 -0.006959195945635477 0.0062191816021423705 0.020262249508521853 -0.131393876592003 0.09537605902441479 -0.045984620690933814 -0.06962074988471227 -0.1178190202385629 
4 4 4 | 0.15416337135035452 0.011615626598003128 -0.035142225732702044 0.00013323245191645315 -0.1433254634798058 0.0017553614950110454 -0.13509723823923922 -0.08288707801056928 -0.15610158307634914 
5 5 5 | -0.10777154573428316 -0.01507053572389709 -0.02254004127867996 -0.015758152156617633 -0.12894257293778053 0.13257481879635663 -0.036090367729546644 -0.0730647422684027 -0.1311904212175161 
6 6 6 | -0.20716713079788818 -0.011810953368888094 0.0059742463734066805 0.0009772479384446663 -0.010122438104673925 0.00852062100194066 -0.06319796568798922 -0.08336897487933005 -0.20098176237142173 
7 7 7 | 0.1354155258817863 -0.05506160188514048 0.005509351195014609 -0.009935189559808778 -0.006142507526870592 -0.0006221241983042467 0.0010632407789081864 0.0072110890849803365 0.018126598264122915 
8 8 8 | 0.13788338354114504 -0.026311986281141155 0.042715383782293066 0.022433905296713443 0.012662799869072875 0.008270306081289638 0.01102820730199442 0.0009918966113845532 0.010615459374415 
9 9 9 | 0.14908411405231825 -0.027908371292259943 -0.033256326767239816 -0.028984638954894462 0.014913950782912248 -0.013204521990007403 0.0016260722602690718 0.003157800782992665 0.0016250832291828305 
10 10 10 | 0.13897873494432011 0.026439707616770378 0.03995280857797421 0.03010904160241094 0.010881557067367226 -0.012472846050572077 -0.0021597268374095348 0.005095783680364091 0.004525779993530337 
11 11 11 | 0.15219807761700255 0.03521068653022715 0.026543771062619216 -0.018841605113071157 -0.012268091512694236 -0.0028285190989133886 0.0054432991033390495 0.007731646832781429 0.003770668464448155 
12 12 12 | 0.1525631387323355 -0.03121199079958146 -0.016323256261784953 -0.029506381339603472 0.0005492854993016156 -0.013045597744465226 -0.010123902525702257 0.002475041477105609 -0.005931010652302597 
13 13 13 | 0.14967527896392108 0.050630833279665347 -0.006128757275543768 0.009818969871296566 -0.008638340545263266 0.0015424682826100764 0.0017085723537952763 0.010321905627749267 0.0159799932270327 
14 14 14 | 0.15570791516815663 0.011689797546151308 -0.0220525948990679 0.041187808296342616 -0.0007541876605534186 0.00010885337111981607 -0.007298814088358489 -0.0025437186842658787 0.01412315562833433 
15 15 15 | -0.421224073867398 -0.03581014690528158 0.0555318212700755 0.06343171522265839 -0.02054237214708321 0.03257400199842621 0.08892880234385467 0.0502181434729853 -0.04998790182034703 
16 16 16 | -0.08950837853848714 -0.06513102324615691 0.06629591880166232 0.08837436941249416 0.014983109918429178 -0.06855295371166037 0.12237668623810975 -0.04539451082745533 0.07791166130052253 
17 17 17 | -0.025445468016783934 0.07138176396583225 0.0026197702829777654 -0.07323725113026132 0.07617152477172591 0.027248037281639617 0.15334180043748916 -0.06645815344085414 0.005770480039888496 
18 18 18 | 0.2673319952757174 -0.02115931725805497 -0.05848697505141474 0.042240244336855054 0.02688221413559553 0.10142206185557064 0.15592202549330458 -0.07169144648273011 -0.05972998251586297 
19 19 19 | -0.047674018879245494 0.035270550376109454 0.0010304281577976475 -0.02283559476346529 0.07404489164984314 -0.02498867279319531 0.15608694319577704 -0.10271048479647625 0.09713074473751702 
20 20 20 | -0.29015229850219804 0.011924549027119473 0.015014414534663437 -0.005874005201632699 0.07996003553385905 0.020036943737947333 0.10343909796435102 -0.13338224461595075 0.044366812112932155 
21 21 21 | -0.15876685030123028 -0.018290377261931622 -0.014555754294176052 0.021708225334016704 0.08012236561091968 -0.007098391393013922 0.10689213783818896 -0.09659587863471929 0.07301377222791328 
22 22 22 | -0.12163412654125771 0.015075908633516351 -0.03887274789143734 -0.009609638088463763 0.024517475994702193 -0.027145082541117197 0.1816216918803 -0.001672159197235392 0.07000487815978268 
23 23 23 | -0.20150107654895066 -0.014915597106326804 -0.02047525252893681 0.02784983667274892 0.024626104139201507 0.09993034302467586 0.15376650514770188 -0.056211483188235996 -0.05756986789662091 
24 24 24 | -0.42592695329821684 0.05496146773541459 -0.007835552813191675 -0.04615443320479679 0.015861080769463635 -0.024808937640122455 0.05788075075637171 0.043676125480672894 0.02222423665959864 
25 25 25 | 0.16485536492838349 -1.9781612739989582e-05 -0.06332724012185328 0.010226783267214613 -0.006561586909915358 -0.008108184262179751 -0.01973157984652875 0.0014653958945156581 -0.0012560029245031006 
26 26 26 | 0.3513441671958103 -0.029357629255484772 -0.007698467066277568 0.021823555947470593 -0.008285331473936518 -0.007210535500897746 -0.011604433562383724 0.020481035102974478 -0.0016654917298275158 
27 27 27 | 0.14197418162957376 -0.027859393143776633 0.019340774005779143 -0.03755701290320851 0.008081219007701082 -0.006714027254194164 -0.002216036364461207 0.014880033567064336 0.006825312345847579 
28 28 28 | 0.14291625883458037 -0.016232460472895328 -0.0424630035083132 0.01628241828675163 0.006184666240508122 -0.0040857849264495155 -0.005876673799325347 -0.013729029723642013 0.005769004017696121 
29 29 29 | 0.15211444023041598 -0.03222040325684226 0.013138566258468435 0.03542460922339326 -0.011529309452765885 -0.0035662782166480875 -0.001817506575313796 0.01689408653429206 -0.004231338362629987 
30 30 30 | 0.14002612508101964 0.03564495662296958 -0.009567698022005489 -0.0401229818940369 -0.012553898580766191 8.676510945601249e-05 -0.0042530660346641455 0.018242571980184957 -0.00931223603929706 
31 31 31 | 0.13302951141407393 -0.017905368137431953 0.05208840127505925 0.008944348181077573 -0.0007647473610492419 0.006174896209130755 -0.01971231622588429 -0.003986146792761316 -0.01003199313303571 
32 32 32 | 0.14518942129599266 0.018601593518349602 0.041845566334046444 -0.02852778688428088 -0.0010722518999977176 -0.012142961360443946 -0.014969212939879909 0.003726401563642629 0.009637222118223368 
33 33 33 | 0.14068053337046416 0.046592020140178984 0.01400394117351148 0.009041544740301312 -0.014455697984771934 -0.005144259034371644 0.0003770484055867873 0.0009735797605396824 0.008897741205361902 
