number of atoms: 27
number of fields: 9
Multipoles
---
0 0 0 | -0.47026973832255603 0.0677916820015312 0.016521910973537394 0.0018000379560893004 -0.03666035054234074 -0.06859618009755877 -0.06256562561683829 -0.009816763419559204 -0.0033239185778977417 
1 1 1 | -0.3537918908233113 -0.04963011006797691 -0.007784224744312623 -0.02394334963973219 -0.1439318100173554 -0.08468982515958552 -0.15115942361780907 -0.044639964550891795 0.10161188399165452 
2 2 2 | -0.12027402531302211 0.02601708826641609 0.008278874380668709 0.005810501911319717 -0.05162546298173747 -0.11270487012018315 -0.05524237849337972 -0.08606375623118437 0.1516085314342365 
3 3 3 | 0.40103789301250536 0.12257761428400998 0.03829930626421824 0.03586014254528845 0.08051600353803706 -0.00022036187401998746 -0.030410291810644186 -0.06590202294724119 0.19749361385664516 
4 4 4 | 0.0806904378889417 -0.03289464758384932 -0.024858158121395822 -0.015430212305151614 -0.01917053600508315 -0.03621951772709468 -0.11803845510120735 -0.05733753417687866 0.2085049860517463 
5 5 5 | -0.2883627463749576 -0.01541740826211537 -0.021094054567411747 -0.0002552167149646581 -0.023402088483181992 -0.1066251326878801 -0.050308611998841415 -0.07267275518744806 0.14120238456737644 
6 6 6 | -0.16011476491162124 0.026674902730074865 0.004823680251188503 -0.009286002478230743 -0.10970645912029257 -0.03640269421005607 -0.12780029907950674 -0.022228566180512454 0.124985095626696 
7 7 7 | -0.5909559889770204 -0.051009490391280304 -0.08998093745878652 0.046342086224248 -0.017099751810867807 0.08867840246326153 -0.011060595383319114 0.057852510662034146 -0.08738039537789877 
8 8 8 | 0.15363967549136637 -0.000657377388082903 0.040882967385458616 -0.02800120750306827 0.006647929434878984 -0.007888715557069183 0.014330201048610798 -0.003922412153323403 -0.005033630569025188 
9 9 9 | 0.13727317181107512 -0.035058287270209695 0.024748630409775894 -0.03280676238837879 0.0018498444142665852 0.0184764396341991 -0.0016206368390837232 0.011196100457994875 -0.006703600325270471 
10 10 10 | 0.44434506531519924 0.007821858831521474 0.018447210240070268 -0.010559241003091054 0.01174524216637946 0.008076519719152464 0.009530033167971094 0.00038128584778467317 -0.0031160552394832327 
11 11 11 | 0.16977469841707826 0.03392931098980758 -0.02246804667331483 0.030385192140527786 0.002413583136842237 0.015157728785426585 -0.0025205424986300246 0.009002015328086236 -0.007150811103665319 
12 12 12 | 0.14618939036271716 -0.02211433070684979 0.04210849880472472 0.003984591364483932 -0.0016808460320804556 0.01659031148277792 -0.003884323212141533 -0.00018299341060333516 0.0031576954374840215 
13 13 13 | 0.14806954563830277 -0.003233547497018852 -0.022192875547884777 0.04082995387016655 0.012100971452338988 -0.00033794625225542384 0.005500445149731116 -0.0016959675571647614 0.01167866091950125 
14 14 14 | 0.14381770118412418 -0.01031948450361986 -0.04564167054268656 0.024881820232306086 0.011890766287622248 -0.0009619068636163999 0.017288338594828027 -0.003935930573293427 -0.0024435185123822933 
15 15 15 | 0.152409204797196 0.004890356778882145 -0.02284611206234218 -0.04171420573501846 0.012322459929055575 0.001963407237972496 -0.007294781761918033 0.0020291305133451456 -0.0077387499613381676 
16 16 16 | -0.13176695729792698 0.002215999647948748 -0.08166053557380219 0.05446794472659165 0.006962100084920935 -0.05534847012294959 -0.08306918386968819 -0.04336037711381397 0.0952974947913845 
17 17 17 | -0.4493928128171305 0.062277590164779344 0.05301621178014307 0.012767554963493482 -0.010620523961391178 -0.10453575780902283 0.016881304995474376 -0.06363634111052496 0.03960749608203841 
18 18 18 | -0.43723851182799844 -0.06631213866659781 0.0032312097749558504 -0.052431663365354465 -0.018015368244414725 0.04660998072883049 -0.0875378776728314 0.03851306590320291 0.06823359771242508 
19 19 19 | 0.10796691342204368 0.02673087336248548 -0.011525078909756981 -0.04711292056245714 0.012700723337486508 0.004000812108938971 0.013952429661896618 0.002882535489203145 0.011291922015259654 
20 20 20 | 0.09160929024069542 -0.027661956210590446 0.03624722036065008 0.02617473644523302 0.014359965362429181 0.0186240146772562 0.011353226809142757 -0.014684841762833018 0.0016025474185797693 
21 21 21 | 0.1618423653355684 0.03259428936228685 -0.03565416704526444 -0.0179921139162215 0.006707387536368549 0.009199008023511188 0.0017382516971260027 -0.003104633798540991 0.005503385039245519 
22 22 22 | 0.12751575908304935 -0.02843404738821854 -0.008305758477883812 0.03519200493119459 0.011593709201475478 -0.00491096554609077 0.014975982681613837 0.00645029938283861 0.006786119299482165 
23 23 23 | 0.14506457184302812 0.019041423397493328 -0.038210799873201605 -0.026022615405402686 0.0007528260901769357 0.00579145943515417 0.005316443895581763 -0.010039346508785837 0.002185915102144119 
24 24 24 | 0.13269318972495003 -0.023671390001818955 0.025947892655530977 -0.03342750338422647 -0.00831024447192097 0.007479355928170167 -0.011109210029739063 0.008724545202950618 0.00030116618602097576 
25 25 25 | 0.12720359910165224 -0.007352661151013881 -0.0008079748160090778 0.04631484867798492 0.004565409361401731 0.005561103693009721 0.012430040564126941 0.010905442647138717 0.009486730084201795 
26 26 26 | 0.12849127999480148 0.019620109143848843 0.04424094968607146 0.0008371260846804742 -0.0028979576382153214 -0.013787460176381525 0.0038937429491394037 -0.006337769202396351 -0.007695594294036076 
