-4.738603133641771	0.5140778317053031
-4.745506706586004	0.5166972461052718
-0.8753725583595122	0.38421023969610596
-0.8827150541141241	0.3865121596905868
-0.8645401513058627	0.37520077598895946
-0.8698572486438207	0.38227087019056516
-0.87126619837631	0.3847369114434053
-0.8712136755012291	0.3864099107157396
-4.502363221972088	0.5047212653902724
-4.793206738420327	0.5214174201197465
-4.7930542596481285	0.5205878795173338
-0.8871286074905889	0.3780191016432286
-0.8979451206164148	0.3853929527305995
-0.8623870234908066	0.38358554442942494
-0.869389119670618	0.3855633073845639
-0.8667534463221856	0.3837279868801952
-0.8651709088314922	0.3847323111989143
-0.8702515908242298	0.3873762786079548
-0.8703205023365455	0.3869447535179172
