number of atoms: 31
number of fields: 9
Multipoles
---
0 0 0 | -0.24317506965497415 0.03751052384717657 -0.06158040631408084 -0.05996634354131874 0.04681525105587316 0.11749728446230087 0.03000161105225757 0.06799843569886964 0.033474958733785525 
1 1 1 | -0.4223267822023704 -0.03364474923139826 0.0006451810400215242 0.08580994788297425 0.0180481243504245 0.01440302482635352 0.03843408561288676 0.06380759900369783 -0.06398330149096032 
2 2 2 | 0.27384591989206175 -0.060508998585432246 -0.0733795531599035 -0.07416552776554147 0.07135848638666302 -0.026590017144648592 -0.15587841321763787 -0.02015260700286458 0.07564995235839023 
3 3 3 | -0.2451221654924325 0.03027525857129967 -0.10419142321981845 0.10089427219280803 0.009311847727115187 -0.07339186616310653 -0.0888225781225762 0.06670275616582261 -0.04676981085886589 
4 4 4 | 0.195259007434748 0.010632159822129594 0.08616949389668141 -0.03620112399866373 0.0978011629866627 -0.00363407906423477 -0.060029501559430314 -0.004281927827781755 0.07390637336064591 
5 5 5 | -0.5076977971952132 0.047024697289690845 0.08560206276724294 0.05114882405470041 0.12181215236740933 -0.18627028052424313 -0.26742422539910293 0.0071313432412658 -0.15214659549254878 
6 6 6 | -0.358030586453979 -0.0010896467250459496 0.0626491366559455 -0.06401885070853379 0.02621548799711209 -0.013369372164161899 -0.05028083804201194 0.0006577111454547128 0.016219667785469884 
7 7 7 | 0.11643074943738418 0.028766614495071348 0.03817773160604736 0.011666124264078473 0.0010810157252653767 -0.00739394100274486 -0.004993410192700512 -0.0205311316449126 -0.016041573130378933 
8 8 8 | 0.1508536948341076 -0.052987872162155815 -0.010318033570146204 -0.006557670752240208 -0.011207588486558397 0.005664804863147414 -0.007107950311989432 -0.005897078787376421 -0.002523145355049552 
9 9 9 | 0.1362573305528919 0.04351905699999538 -0.013434492878400164 0.01767308398062772 -0.01656672022164868 0.005190684817052687 -0.0005459281428506809 -0.007482198626491412 0.0012027377563159994 
10 10 10 | 0.15840198668418537 0.02152444111181409 0.05507073037743237 0.006517102572434618 -0.015789308320219964 0.002050908873640659 0.014696993026367365 0.0022385722235590457 -0.01799760753637863 
11 11 11 | 0.119300855356543 -0.023601134608116286 -0.07333131651886125 0.00861425534659032 -0.013438139560714043 0.017565361151503096 0.03031650587958817 -0.0031271634809052007 0.0003707223659592632 
12 12 12 | 0.3580840347354519 0.017252894032022615 -0.006583900324635936 0.03252443043704052 -0.010972655591609102 0.012966890553368773 0.0081308386086264 0.013583336539459966 -0.004705002168554627 
13 13 13 | 0.1303218286192379 -0.008531028876629999 0.04558559141909185 -0.016249608828875904 0.0039459117784284275 -0.0029324599052604067 -0.006922118243838671 -0.00467991664200798 0.01567967344625111 
14 14 14 | 0.14733763878424633 -0.030605686727475268 -0.03964334980594356 -0.008739742873533652 0.0024406103141337873 -0.003621207845065382 -0.012071328190060984 -0.0077331946031388345 -0.008570678097157539 
15 15 15 | -0.4636385460013477 -0.04420774082189809 -0.057133615952601906 -0.016489633976996838 0.035022845795564334 -0.043600851361549925 -0.03572245557082776 -0.07673232341381993 -0.034929593790334924 
16 16 16 | 0.07797525203980182 0.013151046138550742 0.03905320217234511 0.014131519940397496 0.05969992119370236 0.014464843797408204 -0.21906324563427443 -0.048762624022301596 0.08432702635904625 
17 17 17 | -0.14345547602176367 -0.01240240186186615 -0.026194867462107283 0.00103517443326293 0.0026415863523791866 -0.06633681723350456 -0.17422213790377147 -0.029130125840186784 0.0022182033842125925 
18 18 18 | -0.1377981060168203 0.010077817747702852 -0.022510641263834303 -0.027374860691973882 0.10917321211686822 -0.058029428954373956 -0.15828975544837387 -0.1350689974314283 0.06400754348519302 
19 19 19 | -0.34437476513029175 0.018823260489055974 0.05184514757514124 -0.009050606179683519 0.0691148517425218 -0.09313001698004167 -0.13517991526498035 -0.16497427960947408 0.023554107269108816 
20 20 20 | -0.2681447874254257 0.03462820117506169 0.006055327399397444 -0.009125171803152553 0.017451883867449166 -0.04545120019614603 -0.20968444788563634 -0.019321150748970006 0.012270990421607132 
21 21 21 | 0.39138118797252464 -0.03249037739280416 -0.12196348116633832 -0.03449744355302652 -0.01743541955015541 0.05003348725556065 -0.1840082758614462 0.04123448550374938 0.10598829177930259 
22 22 22 | -0.5804799182739906 0.10458957310293726 0.013536646415872359 0.05525233698312382 0.0715251675947464 0.024488058403902745 0.12579801457335502 0.009450323201619898 0.015499625822019384 
23 23 23 | 0.1407101170345938 0.020193383758372502 0.008872648315937669 -0.042763944703484255 -0.00041047330149470844 -0.0030629391537805913 0.01020592937920212 -0.0003840584412424504 0.01344183284590781 
24 24 24 | 0.1409417860065325 0.02763812909478882 -0.021687664597902265 0.029072598547149366 -0.0052935302919880365 0.008756275063186306 -0.011564429291660756 0.00983128414432396 0.007289350324179481 
25 25 25 | 0.13760392546224687 -0.012054773575780242 0.04545230396813188 -0.023968652591851703 0.0009140748886720135 0.013549667890951328 0.01860591809114794 -0.0014284202943433495 0.010978072694006793 
26 26 26 | 0.13924784413283842 0.04290766894638439 -0.006211726327420593 0.030516213726556888 -0.002422526455307189 -0.0028186742102307 -0.002899805087697025 0.016691820946642625 -0.0013824365942546057 
27 27 27 | 0.15325945917019712 -0.028774743289492262 0.01375351912187441 -0.03732114991541925 -0.010699263599879487 -0.004084057481111617 0.0002309165311812384 0.011762117821705269 -0.008062394272954928 
28 28 28 | 0.16252482966890136 0.016525472495435227 -0.044926459140384185 0.013569140613410377 0.003362022349226839 0.008537199556180923 0.011505177322365959 -0.0012512022400097422 0.009880119016434527 
29 29 29 | 0.4334181256559887 -0.01956485630443825 0.002690113944784876 -0.011725050085942565 -0.003342137918722719 0.004692745303611189 0.00598363541407407 0.015796526073455438 0.0023883374047649563 
30 30 30 | 0.1481979698005541 -0.034794601282845804 0.025954903148990342 0.020726262137680716 0.005349375912092853 0.014141590174227245 0.005731058335866663 -0.0018120138675026007 -0.0013418849512336275 
