number of atoms: 18
number of fields: 9
Multipoles
---
0 0 0 | -0.09342988042253975 0.015297149175367461 -0.08533183016179943 -0.050633549742888626 0.11289114183522007 -0.0005048256819334253 -0.013720403892516393 -0.06513368121441866 -0.04268776759182331 
1 1 1 | -0.4558037268160069 0.02067375841076968 -0.016411637539274732 0.09865973389678043 0.10019998535850043 0.017932203606081117 0.027956651785773754 0.13586288265834398 -0.03712092549812649 
2 2 2 | -0.4430811025038697 -0.009058212679435837 0.09586360785446488 -0.03315020218063494 -0.007738681039197767 0.05638684291586196 0.010115368363785468 -0.1230414182444702 0.05388739900154711 
3 3 3 | 0.15330931205306475 0.05409264672669893 0.021295031871349145 0.01918093799866267 -0.006880060259193774 -0.0035699461065873198 -0.0020901014638780194 -0.01226197646212009 -0.015679924629096353 
4 4 4 | 0.051072321734874304 -0.04475097387739201 0.005065935335187044 0.015417966393071757 -0.025006549462047778 0.013832184166032907 0.015508825592328572 -0.009220837597301681 -0.02213695770569081 
5 5 5 | 0.11823212221964619 0.0006637991335317821 0.047032092964045195 0.006871687443930107 0.00659467428832263 0.006237651736937626 -0.0016560286280978768 -0.012211335620117272 0.017888262325015586 
6 6 6 | 0.0938280639283372 -0.010318988982354602 -0.017303438400885766 -0.03610596246334785 -0.005143269665549187 -0.012744116242370256 -0.007652117773168909 0.0028491723424389674 -0.02877357863091348 
7 7 7 | 0.1723321603440392 0.05104577160983226 0.011355637680342812 0.005886877975147539 -0.013627477573773663 0.0103763103115742 -0.002583708820941374 0.0009016298269665021 -0.002866886991987643 
8 8 8 | 0.1020240645098699 -0.0346519188901731 -0.029064386808378345 0.0012268150290578408 -0.007643174158155411 -0.010039134945691953 -0.017337811621650344 -0.009613823613666634 -0.014120809183615628 
9 9 9 | 0.13881257116763912 0.04418347530737506 -0.01917905324018566 -0.0005146673666506897 -0.006855304319063801 0.006785423411339344 0.018624425208529645 -0.0030459656440996463 -0.011253206110766058 
10 10 10 | 0.11753851682800831 -0.020287093369981357 0.008404433084349353 0.04088116750672166 -0.004483752300861147 -0.00893511671204044 0.01170269448125146 0.01496124168381029 0.00937574932268711 
11 11 11 | -0.7852345001903709 -0.03629622176024361 0.0188858416092272 -0.015376163881159068 0.05288051023536349 -0.235434445337813 -0.09613250570619325 0.021590496326725033 -0.002766033719713393 
12 12 12 | 0.9785029761921997 -0.03808954785074701 -0.038722320916766584 -0.01951530415818701 0.07107999611092719 -0.1377803413932016 -0.042744910414782296 0.0491434578681906 0.032436525087949516 
13 13 13 | -0.7985061807588618 -0.05282441757120836 -0.03219135307800365 -0.04764782147862684 0.1311230512352489 -0.04062651506356434 0.08455513846111753 0.004741014347404733 0.06473856989436422 
14 14 14 | -0.8432395859934587 -0.04346566039590979 -0.046074204461833926 -0.0006766343387680057 0.09780504542950218 0.0041269765786871755 -0.008687369604539162 0.05929830447696691 -0.004833551853818326 
15 15 15 | 0.16145445336528697 0.02390471041395724 -0.026385851525362127 -0.006891741712939924 -0.028805370483505087 0.008499132895187497 -0.0028740286972839518 0.0010685415326802295 0.001384548311549114 
16 16 16 | 0.1663289008523916 -0.016352491571446727 -0.008873519556140682 0.032686665544499095 0.012145751619602572 -0.0017947695933192415 0.0009373771963086497 0.020050371150184 -0.010186220437681645 
17 17 17 | 0.1643318048208834 -0.0034291095066702852 0.023076338845179012 -0.025298293944299097 0.011220938715760206 -0.00631134433958271 0.0024440498114209953 -0.013222462139293185 0.017151867704572093 
