number of atoms: 18
number of fields: 9
Multipoles
---
0 0 0 | -0.776297039189279 -0.011086267286639155 0.019061033323381237 -0.0217455541559691 0.007378963889549455 -0.14685521697691986 0.05934254115633287 0.11517346127778955 0.175595164516876 
1 1 1 | 0.9823182865023705 0.02558677739022154 0.028144462191626342 -0.03824018630388777 -0.026709602127657533 -0.1263046184457933 -0.019540945881751693 0.10253584929913116 0.0937329624750632 
2 2 2 | -0.8053110868008062 -0.023286117866183013 0.017164722780775746 -0.06849270033319692 -0.03850899405485575 -0.08224567591227618 0.12691497592258352 0.004570209717002952 0.053816424279421037 
3 3 3 | -0.8476906248838851 0.03676815785118897 0.02551024736173838 -0.019916767805591647 0.007917184395344662 -0.05974777640384021 -0.029283302072397877 0.1114366203156682 0.06068484988571888 
4 4 4 | 0.16362510922153528 0.013174219951975978 0.027993710139322434 0.020726451295401693 0.013554126428616668 -0.0025572791272070465 -0.0035519014691063997 0.019241794565127826 -0.011689658266260217 
5 5 5 | 0.16529516511929232 0.024265379190393874 -0.026713893742946117 -0.0092910879442166 0.01168438466358095 0.010377947882968874 -0.0049652325150829285 -0.017574105607904587 0.014640327406334643 
6 6 6 | 0.15763104285796048 -0.0313747655914013 0.0027180820387874634 -0.017622649829596677 -0.024293350553890182 -0.011768570969855329 -0.0007120698547725728 -0.0002879611915795733 0.0031635601354805644 
7 7 7 | -0.11044428168759257 -0.09147222671822124 0.03973369289880806 0.04577781026577226 -0.08931205520859123 0.04433186045641842 0.06094415401584843 -0.0793119445573966 0.017431733375899094 
8 8 8 | -0.46350148919347856 0.061927164889936104 0.07142001070653818 -0.02387972815145191 -0.05109998032206392 -0.12148187439264516 0.0915294401530826 0.019078887416198904 0.02827685309489275 
9 9 9 | -0.4389069059491515 0.029497719240063714 -0.09774026738666967 0.010973786091587322 0.027369292470305912 0.08984995954621115 0.05580932443030815 -0.07481791180008572 -0.04954335320812611 
10 10 10 | 0.1573823563110064 0.0412343879900644 -0.0027904291499257 0.04518226031386145 -0.01603995240960139 0.010858354164837146 -0.0030332861216413173 0.011208271253882235 -0.001161656694607 
11 11 11 | 0.051806373819627494 -0.004707082096170942 -0.003704526013106476 -0.04692792139267994 0.0022779343099016873 0.012975947417167006 0.009234365090630293 0.03529551656632021 -0.016067200899352454 
12 12 12 | 0.15225093077077334 0.012359723630028517 0.019750559432474352 0.04401345717741493 0.005491644233779032 0.004108348326882836 0.007241736786986684 0.01677623884054013 -0.00296785070481114 
13 13 13 | 0.09369230235394221 -0.031378162120772705 -0.004956272619643315 -0.029661221590059853 -0.018224400247102108 0.004894907043170957 -0.013375282230493734 0.013615813464040739 0.00808282372910596 
14 14 14 | 0.15147168813605072 1.0510068467452806e-05 -0.006599470748617019 0.049443219146043424 4.458957994090397e-05 0.0032695336732782706 0.010341200510057096 0.016510564271360332 -0.010238374513480565 
15 15 15 | 0.1249355882580373 0.0317163511258619 -0.033604894371281474 -0.011424474135422576 0.014789187987537844 0.0040551415632034985 -0.001916948310207435 -0.015350079296773646 -0.007221012277580162 
16 16 16 | 0.10886668280893774 -0.028785039997973404 0.025713937350621746 -0.022750591586234825 -0.01927646998501234 0.008837698226886402 -0.016307574216317015 0.006847543614786507 -0.0036174992630758035 
17 17 17 | 0.13091348743174613 0.044048736497872464 0.016693680609717942 -0.008500033396161125 0.00014596065682923485 -0.01852305986023035 0.004885653199429077 -0.000821398335801744 0.009105553129430278 
