number of atoms: 22
number of fields: 9
Multipoles
---
0 0 0 | 0.05658633507550981 0.04965888603847143 0.010208446236996061 -0.017501757357246118 0.04328991451235925 0.012270182157681124 -0.028465657735319876 -0.0072390716959368 0.0025887427012858616 
1 1 1 | -0.4721875579210728 -0.002447995966074139 -0.06286094312265225 -0.005317115646443249 0.03440827616751983 -0.05465259417351027 0.0025399244851395837 -0.08089714731203854 -0.005540729214446647 
2 2 2 | -0.4590485022928572 0.007821489381138545 0.02173934533813825 0.06550097688043008 0.03879501794852855 0.010840900857001044 0.052705537389024455 0.07735633326548415 -0.034949290942678596 
3 3 3 | -0.46470005239811485 -0.029352907288768278 0.03599308912970025 -0.051539196935004826 -0.058493383536796305 0.05101524813020501 -0.06556119264258699 -0.007029432535352655 0.03990249606300588 
4 4 4 | 0.10169294568025722 -0.04901034639422508 -0.00924939665660716 0.016502018213100468 -0.01733161048662398 -0.008558042064952847 0.013723857264273161 0.0006634787847447089 0.005029032196751424 
5 5 5 | 0.1410735693875097 0.04163175169139757 -0.007660487615681667 -0.01424214505548712 -0.017159718946289437 -0.007972808607431844 0.007963122864962981 0.007012535577614318 0.004091866261647732 
6 6 6 | 0.13813170064318092 0.04197082085047948 0.014186794139376367 -0.006090264690963421 -0.014583384180969798 -0.0042522984985619745 0.009548268650881873 -0.006376143609327767 0.007519740248061339 
7 7 7 | 0.13428315870491814 -0.009466134755241785 -0.04488819236606728 0.0047097138042176585 0.002607562869741278 -0.0003019120210302278 -0.0002005389635597842 -0.01841451493010096 -0.005312478087940538 
8 8 8 | 0.13098944753604025 -0.03671031661900451 0.020720433560990147 -0.01843250948212775 -0.0037269327020581955 0.006217428169953497 -0.01042946907227525 -0.004179227988218626 0.01323099884981911 
9 9 9 | 0.1421173501393369 0.037062979663512616 0.012137882872873445 -0.02175092880629571 -0.012325590200865153 -0.00877571510206232 0.012021039609410675 -0.000650227264793317 -0.005177324144094301 
10 10 10 | 0.13483733136752263 -0.015219374045654448 0.02100195287847172 0.038285479201138214 0.008969973349180713 -0.0069980582007305656 -0.0009815056095807205 0.01385085975186875 -0.010385003640880809 
11 11 11 | 0.13850203572834396 -0.006515701738414003 0.0038168422457138047 0.04535291534035635 0.0028218435695999988 0.0026273311405182634 -0.0008965814848697438 0.015084403231309365 -0.009823869678264992 
12 12 12 | 0.14020205005689879 -0.03183252609923788 0.010241376210318363 -0.03207777478687616 -0.002867608895478884 0.01140967445509539 -0.006977452290200968 0.004424460280404787 0.013175325799019005 
13 13 13 | 0.1332903993386737 -0.017931254781183927 -0.04273770296397405 -0.00221586308672906 0.009556267254017486 -0.004044356851620896 0.006904435059744898 -0.013327633865214749 -0.004915279509562295 
14 14 14 | -0.3731667757231101 -0.09160245189469711 0.005288036776767156 0.03606362600330095 -0.09433167069869101 0.008217814382719743 0.06937549453035437 0.016957404791316574 -0.00703715976846996 
15 15 15 | -0.3832059834425765 0.09567114222892832 0.0027415816388964053 -0.030486490876413197 -0.10213679952998973 0.005643062008072979 0.07003898980599209 0.015354083446002482 -0.005246518412932956 
16 16 16 | 0.12483272802196965 0.01688497509019218 -0.02406380181910193 0.04174277347504333 0.0033554815263553955 0.005318188080528322 -0.0162960813640971 -0.002884103969300688 0.0004983974108921116 
17 17 17 | 0.12443991441029412 -0.012483979239524672 -0.028130381822308995 -0.03959360292800168 0.015549003767054344 0.004967423511363116 0.002534622735052665 0.0042154048147194445 -0.00806244732553053 
18 18 18 | 0.1275419227792729 0.0036268925004631384 0.04990136827662539 -0.007739659586395939 0.012221173675596475 -0.009898256447013868 -0.004283978361967259 -0.0021370779836568494 0.00642102085053391 
19 19 19 | 0.12887341738133362 -0.01444278628547486 0.02749637048541911 -0.03990027007462838 0.0007618066717035552 0.008782055225429719 -0.015748197561976353 -0.0034769735600994815 0.0033636120258347937 
20 20 20 | 0.12713503711959107 0.010399617904654991 0.021447791306723356 0.04406260874837758 0.015778101034058193 0.0035232172609058646 0.0013157083146305443 0.0055726791566785795 -0.006822362939925278 
21 21 21 | 0.1254920437452436 -0.0012421665086692739 -0.051010821745181296 -0.003563127182118511 0.007281506397410294 -0.015389395246219774 -0.0035541655176451778 -0.007009774907309026 0.005048036527748227 
