number of atoms: 20
number of fields: 9
Multipoles
---
0 0 0 | -0.7299105246920581 -0.02147128472172936 -0.00905816270015334 0.0015463102923931873 0.13420041642532735 -0.021124872676953354 -0.062068652242210476 -0.009191937028337363 -0.09869722093791533 
1 1 1 | 0.962885208691147 -0.01752875331184333 0.05724644230171131 0.038264052269036626 0.1530351333899003 0.039879295508791504 -0.1197460131232772 -0.011795964157981405 -0.061431747197359124 
2 2 2 | -0.8655348614560072 -0.04088159914093493 0.014842742061526698 0.04214522635964137 0.07687729892025268 0.0557432207792203 -0.0642614320667596 0.034501875849216906 -0.0834097246720841 
3 3 3 | -0.7754585603257098 0.01987014899955031 -0.02048755696076313 0.06959128335470537 0.10591777776110013 0.007722775594170067 -0.07118513957996031 -0.06325796653805968 -0.07423582982006452 
4 4 4 | 0.1863660365591533 -0.013231173108394513 -0.02585917128041876 0.02759067360701616 0.005161573570321768 -0.008365147916856337 0.0027790952783764895 -0.013312783538015533 0.0073999239754519355 
5 5 5 | 0.1716075103348469 0.03882708611611022 -0.005285828553917972 -0.0048743105596304095 -0.005812744930300281 0.010336728259320634 0.014643587180638976 0.0017213994323330062 -0.004537894236142872 
6 6 6 | 0.14819370509124496 -0.024479341728380323 0.016434879549494567 -0.021848577650520912 0.002447853976334138 0.0032078958881322645 -0.017423367079547565 0.014133777105497796 0.006055469343959795 
7 7 7 | -0.16856118361186123 0.10979004098552728 0.1071366958226405 0.017532830161192916 0.02675333841459746 0.12989552682856728 -0.0010258520694404662 0.045142941359749805 0.03919904707583033 
8 8 8 | 0.9480731059508738 0.011802938017756595 -0.00212288915446609 0.010951320675765524 0.02345292665057417 -0.015158619567029134 -0.10623782988970865 -0.011554933478493052 0.08816886482950378 
9 9 9 | -0.9021303960824776 0.005570022174872485 -0.025127976977916657 0.011894215694152109 0.021183939498657954 -0.04325607752906779 0.012080112241860277 0.001932112203223155 0.008899597824780925 
10 10 10 | -0.5918116806051641 -0.1084064716505449 -0.11442235206360755 -0.012687644255006868 -0.03761768059663821 -0.03049609402180814 -0.013847550760317755 0.003594262523833111 -0.029662751716792456 
11 11 11 | -0.95412550676126 0.012758769441221618 -0.0006220865985204527 0.012581757645223478 -0.018264570881702705 0.014199512020788466 0.022407635434913024 0.033433546976600954 -0.03201856923784834 
12 12 12 | 0.48494758078431466 -0.017453895538025815 -0.016933928227735043 0.005569192268997915 0.00427603273933021 -0.008833042231044917 0.008012134223677659 -0.0051275625464088665 -0.006672711136267986 
13 13 13 | 0.43154731243336664 0.018737802917993533 -0.007152636428520576 0.019495990665853922 -0.005004820556493772 0.005523500131504404 0.0018164482833930016 0.007644449543166824 -0.011789302843570045 
14 14 14 | 0.3687642871389638 -0.010471529890658958 0.02378931765306873 -0.023248549940697142 0.009323213926232409 0.012550747455482096 0.01995400118303916 -0.00014486262774498788 -0.00035367746326591336 
15 15 15 | 0.42163844806281325 -0.0036180044429904345 0.022475794716490353 -0.01520996442059873 0.004502287947766194 0.013331012518184304 0.01132097759980643 0.005369912030752028 0.00031465365803982854 
16 16 16 | 0.4414920279280412 0.020790237492737597 0.0011280127073313986 0.017353072260582383 -0.004592089661027423 0.009423105791979747 0.003500463585322164 0.010183731155435147 -0.00872397630524377 
17 17 17 | 0.1282489741701146 -0.04926230936648945 0.02075888539361479 0.02984708689512632 -0.004119306352093601 0.019103844493869176 0.0001791676588991834 0.011701715274080492 0.010240826516835427 
18 18 18 | 0.16738342494958303 0.009122852018559856 -0.05118514036613798 0.031181207332913657 0.010715029945534438 0.020964369010004053 0.0018703397190556533 0.0055047793311349385 0.013328628147015704 
19 19 19 | 0.12481661374686903 -0.010715518004820486 -0.022955649159360162 -0.05696641806403817 0.006561092087098475 0.026053125305301666 -0.004313359928254318 0.008685081491670826 0.00037644005504304827 
