number of atoms: 20
number of fields: 9
Multipoles
---
0 0 0 | -0.16298218120324304 -0.12183050921337206 0.06152115068816218 -0.0876203927265665 0.03135837208652145 -0.012502169594845864 0.1051643492432717 0.0012512566620099554 -0.030764352633819703 
1 1 1 | 0.9505641264119653 0.0074136147279027405 0.031602118840601275 -0.012298652704807612 -0.012554830416282024 -0.036541603903128585 -0.06511053117735341 -0.08260811362104636 0.05909852081327384 
2 2 2 | -0.5919609889331996 0.11653426953673593 -0.07834157184104651 0.07968610032988258 -0.01780028243201341 -0.009040991560259823 -0.026988479964993775 -0.03499735647569733 0.019886860520788616 
3 3 3 | -0.9371547258668853 0.0006078437820243272 0.004088323789449096 -0.02025367815177617 0.004168811434569258 -0.007236695799554903 0.04226380326149073 0.011481441314573258 0.0046418032198903125 
4 4 4 | -0.9382902947200664 -0.0022576036426833644 -0.007812497099430453 -0.005858551212409168 0.017743131363361732 -0.008355048325320583 0.0501480518748354 0.03724458477191015 -0.03532238816374404 
5 5 5 | 0.4510129420538096 -0.015500367948837341 -0.025348571893211973 -0.00474714471905218 -0.009236999337445104 -0.013462604582538508 0.006299351632113536 0.0042473321089849 -0.013849054695089942 
6 6 6 | 0.14487919353599377 -0.03830009470424045 -0.02426368091769697 0.04296455704350847 0.015137579053775892 -0.0082416916640082 0.009970975803244611 0.001602518131245808 -0.004138895511023083 
7 7 7 | 0.09162717393262754 0.039959446463200175 0.034161423656193006 0.0246109309157601 0.008167759217663374 -0.017815277701477963 0.023392510570789962 -0.002718770183824608 -0.010288425701031086 
8 8 8 | 0.46800449487503104 -0.019372401384378284 -0.01854626209489522 -0.0053151453031501615 -0.00047837758373285604 -0.009562766098393946 0.009232098322796494 0.0027229288805646554 -0.0072113351493572776 
9 9 9 | 0.42317810695130575 -0.005600529375067059 0.024807774681228207 -0.010364102589818796 0.011810181297702163 0.004059401508596345 0.0155273078466341 0.003045347081306584 -0.0023743768584257225 
10 10 10 | 0.4278292268821188 0.02226573125351901 -0.008018415539277157 0.012506164471090268 0.0003723854962288931 0.012255671409665476 0.0035581274085387366 0.012717719485871203 -0.0015150566642625493 
11 11 11 | 0.42415867289907583 -0.0009430808317743044 0.02618964706963903 -0.00841632600558925 0.011353945944397684 0.007739245611052752 0.013459347603984236 0.004861897562271794 -0.0011277910735316234 
12 12 12 | 0.14465047195730818 0.015395460517506307 -0.050370697825302596 -0.036061377987920064 0.0007309929021889166 -0.007380418340340263 0.017310562927793163 -0.007817359131985068 -0.006036580191601195 
13 13 13 | -0.7197365545153707 0.0005263071937647167 -0.0018097519537007012 -0.006385018132622795 0.005617938316926382 0.09594054417195907 -0.004202033133245493 -0.0021852011369335625 -0.13951950148612674 
14 14 14 | 0.9618583829713279 -0.011311972759102026 0.019001046670126743 0.06356264522900347 -0.03891200596673972 0.10059661684796567 -0.029587322079330486 0.019165181726536886 -0.18151545027879107 
15 15 15 | -0.862033976857818 0.004670827980214451 -0.04655688330099315 0.04394369058513657 -0.016596539659219704 0.13254522481307246 0.038459684990746465 0.03316213685584156 -0.06485744359923624 
16 16 16 | -0.7893728441750412 -0.08466302993983696 -0.010414822271898697 0.007301703551967523 0.027530448093766386 0.04231769630011286 -0.029194787308040628 0.04323680028947434 -0.1628949296241319 
17 17 17 | 0.17844797678610436 -0.03325506791876081 0.006529008825109689 -0.02250257874775843 0.00027138205203938037 -0.0014913369338986889 -0.01589963863109201 0.00914162905430198 -0.003251413227063731 
18 18 18 | 0.1761938190712229 -0.004646918594379768 -0.03176694704468153 0.023641613367522372 0.007336455911274871 0.005966619374779149 -0.003004071199493993 -0.016535341941299603 0.006456466374010354 
19 19 19 | 0.1572365465416916 0.03336397279535814 0.012747519440470643 -0.010985486521103618 -0.016531011246367595 -0.0018450995294550868 0.011070816213333771 0.0009248624937319409 0.003701661602393545 
