number of atoms: 19
number of fields: 9
Multipoles
---
0 0 0 | -0.3724848917707675 0.01350169937540575 0.09331577206677634 0.03190739057456509 0.05222779608052584 0.018210715207120722 0.0037612559545903822 -0.06906823455463447 -0.08044688089346766 
1 1 1 | -0.38067510408456684 -0.0029286962213064243 -0.09069838096055138 -0.04330690136299996 0.06133947086773776 -0.02039250846737289 -0.013452772177910721 -0.0756703035018024 -0.06568697915434543 
2 2 2 | 0.12356249466707281 0.043042034666558114 0.0006742702910959735 -0.026201385795361475 -0.003804786157742632 0.012239302737650124 0.008078368147847943 0.007894551801143937 -0.0014774397211964301 
3 3 3 | 0.12956147957013664 -0.003213781205861764 -0.0219678960144798 0.046008799319086496 -0.002486060039696098 0.006372373834453972 0.0001495874617365211 0.0020005899232791928 0.0161441390234539 
4 4 4 | 0.12753807050000643 -0.04304487307343694 0.010325671763713897 -0.024948115845426274 -0.011381313715262815 -0.0050285426787395225 -0.004721497519451398 0.011871296842454995 0.004500564343112119 
5 5 5 | 0.12741615934289796 -0.044482734907691134 -0.004687956397401386 0.023845980107040515 -0.006892312531686465 0.01142489041394555 0.009175063349169647 0.009467575093240862 -0.0007900120136463094 
6 6 6 | 0.12590550774203124 0.003465524072010117 0.024913436674770816 -0.043688121182579476 -0.0007702577260608912 -0.00020000004936710771 0.0009540128820522527 -0.0008240678545756623 0.018401962710992963 
7 7 7 | 0.12367004836043283 0.04234374285328839 -0.010196272216697631 0.02581205661373268 -0.008886789013512156 -0.007784713543219832 -0.00965526929038079 0.01160926972830922 0.0008070003912181568 
8 8 8 | -0.13542711406109476 0.07769879571340055 -0.027475657149495014 -0.013697491437627123 -0.07739841399378308 0.08257220701758203 0.03283801006216629 0.0547779513597264 0.032888117812960596 
9 9 9 | -0.43193243278351723 -0.04044647712695548 -0.006239954579829135 0.07032406267166433 -0.011250378137449602 0.015185871725944867 0.09977665119112225 0.059590141257083715 -0.0007000269305878894 
10 10 10 | -0.4445333021706741 -0.03330125698417869 0.028296308870555186 -0.06502487801804817 -0.011980979334527197 0.06479372539300599 -0.07274715629458617 0.014538465056580345 0.033981900605438674 
11 11 11 | 0.10324144332828333 0.0020258498224202605 0.050130229686616755 0.015165349133951995 -0.003472141416743066 0.00637382875398006 0.0035422690063813536 -0.019989133532723254 -0.011783336881199449 
12 12 12 | 0.10233711205923113 -0.03158738578586265 -0.040903725227051074 -0.00810643638631008 -0.021588501173369246 -0.011239776430529846 -0.0025788444955829855 -0.012254679643815975 -0.008422200294479891 
13 13 13 | 0.13080422409100567 0.009168169343005529 -0.045249373050680504 0.00213440923216495 0.0008604064770010044 0.012622925267770384 -0.004314251140758544 -0.014593948527219507 -0.009939997243142254 
14 14 14 | 0.13411683055020673 0.03273947267217503 0.029505905879813134 0.018228164470845843 -0.012831715118607602 -0.006736388860105169 -0.005618861260390559 -0.01049276336479327 0.003474363349416172 
15 15 15 | 0.1374703412127165 0.004311321354907219 -0.040115416643682754 -0.022440196585499096 0.00336403651136854 0.006306980142761719 0.011635987865841385 -0.012652778037637608 -0.008266829818937636 
16 16 16 | 0.13552114924732483 0.03420446058484513 0.031743731055734914 -0.0049391689709758334 -0.011261440414287597 -0.01073799717138473 0.0012706957281326194 -0.0029685585206241363 -0.010496328720998222 
17 17 17 | 0.12938348813103262 -0.03211086059526132 0.015428111053597924 -0.03222765934696199 0.006203198755997878 0.0015842086100919628 -0.015340082781013896 0.0008456396351294162 0.005992470838576579 
18 18 18 | 0.13258196965641844 -0.035714283387988106 0.004680226772080989 0.03302534362385182 0.00837421714686791 -0.006364419268777661 0.01152879001103209 0.009730756972499671 -0.00032677471665054256 
