-4.832243515415499	0.5194234488371178
-4.513136338015262	0.5081623163966906
-4.484498206024731	0.5075662923233201
-4.479935909004033	0.5076379871279689
-4.557293751764892	0.5092677497756731
-4.559268630794987	0.5095558282707584
-4.217508051513874	0.49149499950858155
-0.8597156199725287	0.37878832962927367
-0.8635167187234131	0.37886106990142654
-0.8656907750046295	0.38004656581732277
-0.8578278535986469	0.37778713146249593
-0.8583716630616188	0.37903804795318985
-0.8548294904661158	0.38293710215154353
-0.8520975868255798	0.3798008050580522
-0.8462323425942173	0.3834329129931021
-4.739538445148064	0.5168310224706041
-4.741233950738501	0.5178942186566001
-0.8816353743860512	0.38682530359839606
-0.8749313715199821	0.3852556084561536
-0.8609042897800747	0.38086311233253983
-0.8751252680356217	0.3855348792482779
-0.8722646976759616	0.3844446104176347
-0.8707988492566147	0.38655970069729867
