number of atoms: 24
number of fields: 9
Multipoles
---
0 0 0 | -0.3771686001541621 -0.05937788270513461 0.026467498627151195 -0.0880570247308753 -0.0020410580963706694 0.08082270547854568 -0.09055830190237862 0.08121367619953515 0.04942291554086422 
1 1 1 | -0.3794855085957707 0.07002047312552585 -0.02379315972628746 0.07287034528745913 -0.002911446266838601 0.030495580468845658 -0.09471046463945632 0.056008174638525365 0.0359944626192648 
2 2 2 | 0.13127818344458375 0.04211688295099127 -7.561212856795853e-05 -0.028680584246563633 -0.009084778313868289 0.006124781332372724 0.010024366407214306 -0.007975652639517225 -0.0035153569799833114 
3 3 3 | 0.13480265365790922 -0.004055004305873279 0.04551097209444882 0.025585178078912967 0.005264965871995298 -0.001779476156660559 0.011813055922794264 0.0045288064926032635 -0.005960800812706161 
4 4 4 | 0.11296398073540037 -0.025843113600947112 -0.039200909769415086 0.017976314118121204 0.010757444108660889 -0.000792539436300869 0.010445066160625745 -0.00672821966122137 0.007074365506403315 
5 5 5 | 0.1264839753778899 -0.03824041952248245 0.002243748963877079 0.03387933071537437 -0.014528548821737836 0.0016009418530432047 0.008457275217029872 -0.0071237232165175905 -0.0038312716657453224 
6 6 6 | 0.12446754500255341 0.008635516859996742 -0.04252466363663346 -0.02616281127757265 0.006680190120832958 -0.008303448223649007 0.0050891493044634955 0.0016786178721069982 -0.01448838483513 
7 7 7 | 0.13049458266879077 0.02382263867805466 0.04353198136154913 -0.012564542900447437 0.009164714942184961 -0.0009174280533303631 0.01139381909620064 -0.007080107258744945 0.00882914127865846 
8 8 8 | -0.4626812852183173 -0.05064833797878312 -0.0021422408187819135 0.04758255604181314 -0.05443783434393589 -0.002883034905678495 0.09886429545159223 -0.013372483045882833 0.014833133178250066 
9 9 9 | -0.3432931474175076 0.045073012536942896 -0.02067684576986436 -0.03341443907101466 -0.04577192964013954 0.06818319882884355 0.2317857403928759 -0.04145547459414057 0.0013371250395488924 
10 10 10 | -0.13908858532368829 -0.020330364737903464 0.001500670040582914 0.023966227410130523 0.03673408808541266 -0.030793916416975757 0.1675598475855248 -0.08247571644107352 0.06265952165846074 
11 11 11 | 0.38568466637642285 -0.10213509587465408 0.01704889373088165 0.08316780246932245 0.09653321313045236 -0.010207291879726023 0.032743753223325546 -0.187986484670121 0.05906752572147816 
12 12 12 | 0.08675984787124591 0.03372111158326342 0.005679800507179532 -0.022536484862929324 0.05639816316642263 0.04650383458261036 0.15894605812613208 -0.18188650678547297 0.033401486552048845 
13 13 13 | -0.27877191524726896 0.012296137834031474 0.011211573814231516 -0.010824393750711174 0.030408388136149215 -0.03359189830528895 0.1464504789083507 -0.10189161204135404 0.07416552757101572 
14 14 14 | -0.15726027134654075 -0.011661396002175655 -0.005513332801940622 0.017716289971637145 0.006352302147656477 0.07955467724201523 0.18784567036466837 -0.07392914315752874 -0.00958006568950036 
15 15 15 | -0.5896672673814791 0.05167948509999145 0.0924439315644337 -0.0478121856166265 -0.024175777418513986 0.0621672598768676 -0.07412002121128121 0.07001942504652502 -0.07976717261967477 
16 16 16 | 0.15752741815799975 -0.004125667184497637 -0.048859621834256635 0.009324256558164323 0.0009901797863063019 -0.010269972699041043 -0.00434391254936476 0.005509191377626112 0.010361755230208712 
17 17 17 | 0.1396496065339482 0.028008726522319678 -0.04403574557592575 -0.013329161369333202 0.0017701705744901902 0.01199790506134411 -0.014263147890919816 0.0034640099873968606 -0.012836869413428612 
18 18 18 | 0.443245463410218 -0.007541376911134216 -0.019631414169279562 0.008731093195429841 0.005468155307334245 -0.0030237361566866636 -0.016583022387681116 0.00046943233070308974 0.0009997485504499213 
19 19 19 | 0.16886383273059213 -0.024101322362280308 0.041586883409025006 0.015879696697287372 -0.0009665195261000078 0.010586444295752706 -0.011914707802696635 0.002629371251492013 -0.010337112385549694 
20 20 20 | 0.1463035189391585 -0.01591857449418836 0.03762630258086392 -0.023252211988299354 0.010308470547796086 -0.002404566945045301 -0.004281490419288001 -0.009049742464966983 0.010726266100109162 
21 21 21 | 0.14391118423063298 -0.011577957340938333 -0.03946236979230942 -0.02456672176570463 0.008322752028655084 0.008856998097554856 -0.0007111525162726601 -0.005590737908152108 -0.012097625700764312 
22 22 22 | 0.14303058958924475 0.013741296773899354 0.04847214040557916 -0.016597454672213303 0.006516111893623935 -0.012369251714383158 -0.013414116770427663 0.001986683937109822 0.008184199126632893 
23 23 23 | 0.14954553804692328 0.037034830367224866 0.002421989335678812 0.03128388257384936 -0.011396909848099499 -0.0005657818917603924 -0.01025335062653901 -0.006626794954290901 -0.0015861285526778417 
