-5.028142179615755	0.5247677713357299
-3.4804738455264688	0.46236397609834573
-7.006359913659754	0.401707528503474
-6.31286881882529	0.46377510521187865
-0.8043526889223634	0.3744681685734514
-0.8473113067944541	0.38186066519334916
-0.5751714401604552	0.33741010534431803
-0.5947663846702572	0.3410095243117884
-0.7966887842734695	0.37382573056368024
-4.741231599701905	0.5177681181189796
-4.745347922447674	0.5211587403662188
-0.8663977557157604	0.383961368097486
-0.8850362089847225	0.3875098360586324
-0.8493369134110863	0.37814029891167417
-0.8768534245593511	0.3867635852696054
-0.877767903460647	0.3885823716620135
-0.8778102019217358	0.3880859824228025
