number of atoms: 15
number of fields: 9
Multipoles
---
0 0 0 | -0.22560900986880572 -0.12659155004707012 -0.03364564306654031 0.06987032448463974 0.09696201245931259 0.05376332659928136 -0.127664634424779 -0.021392219558660257 -0.023913532715854273 
1 1 1 | -0.5932770319289817 0.12048858338659871 0.004640173130618732 -0.08062581463066336 -0.017283654614695575 -0.03969052641709968 0.06381680610003819 -0.0725130175649238 0.013287759039293065 
2 2 2 | 0.43744575307417377 0.0048575069868486385 -0.02677998579402143 -0.0011588734584551063 0.010043516411662366 -0.009308330297452037 -0.0013418792986170719 -0.015757767500625266 0.002567629506256077 
3 3 3 | 0.39430336989227077 0.010170371594616796 0.008827451684165726 0.03281530165628051 0.007727550972213138 0.002079447431957983 -0.00024812369695069496 -0.0001815941814705851 -0.002155467828604828 
4 4 4 | 0.3947902588404014 -0.025692097081731667 0.011053608216547243 -0.021958527483372473 -0.002178379948804726 0.0024741540274923236 -0.004860978528888795 -0.0055318807147337916 -0.0014089374292556467 
5 5 5 | 0.1710096907039521 0.044509697555468554 -0.037365773597830734 0.024968137357217653 0.011190072023763653 0.002227313001419515 -0.017221025836287204 -0.0072903504041161 -0.007175533710004 
6 6 6 | 0.12785620470203007 0.01894871961388087 0.05968573725542273 -0.0005963918841483836 0.012584255441133143 0.0021181658378412716 -0.02142432050809175 -0.0017636481923587516 0.0011165758674193955 
7 7 7 | 0.16741297684331458 -0.00014788447858930478 -0.02280177641388803 -0.059706663413732375 0.01507196295168702 0.00784244700025292 -0.014469162511063179 -0.007256868072572107 0.0019294932430478902 
8 8 8 | -0.7087825263253285 -0.009612120354523497 -0.011880785671819983 -0.003466876908028533 -0.03559431442562849 0.05422576244819154 -0.021920665990037568 -0.14326070889416498 0.017913492171040404 
9 9 9 | 0.9687456354632547 -0.0009783338830656471 0.05980797732726054 -0.009005143047499432 -0.06220640323493425 0.05134513838027312 -0.01716536262339928 -0.19017219902121463 0.03517493894487886 
10 10 10 | -0.8589680832356095 0.032453853177932326 -0.0073839855090639585 -0.011151833652913189 -0.10277708018488199 0.02748603101046328 -0.022183557612897933 -0.00102635370282767 -0.02812507073357058 
11 11 11 | -0.7952650231822069 -0.08303040439114737 -0.01281623597271239 -0.0071673709797857605 0.02785938184808955 0.0045326968946553855 -0.0053428797800879994 -0.1752191567643418 0.030587877262214295 
12 12 12 | 0.17233146467369964 0.012303621525660002 0.0024951947104836607 0.0377539783665685 -0.00044756269801472245 0.003640554002194225 -0.012465898552307704 0.01001161473055635 0.008240872824895499 
13 13 13 | 0.16898701606118194 0.02460252939895415 0.0016121916577813212 -0.030980958106595638 -0.009686481623883086 0.0064458690997113545 0.013012873276356087 0.0055910063415259845 -0.005931862060148914 
14 14 14 | 0.17788445192913693 -0.03425201401630668 -0.020364754684653343 -0.006247293701565213 -0.0024808220729732895 -0.01588005806372179 -0.0016415535489611355 -0.008159611799372132 -0.0012957419452975787 
