-4.788724901083024	0.5182159809516349
-4.106078085654629	0.4852133599389513
-4.408191085964747	0.49722845208139643
-4.377150004096739	0.5000285006078082
-4.453060458959144	0.5121892129188568
-4.63265576056047	0.5127578880686293
-4.479576596025241	0.5085473363440498
-4.509102063686687	0.5081948073180239
-4.539812483357639	0.5117942192813241
-5.795490122093222	0.4450071695255034
-0.6446902803125084	0.35138027434377217
-0.8476955070883155	0.3775607949988444
-0.8504260966449294	0.380161280592253
-0.8657425748405174	0.3797752595048091
-0.8611749405434114	0.379232138322587
-0.8548140097716155	0.3825609927812952
-0.8539184687386563	0.3811666748613145
-0.8607896839682827	0.3797847000361031
-0.8539436219365478	0.3843059721868648
-4.741776461891546	0.5165482369026421
-4.736566870602533	0.5195184256560659
-0.8772641809851237	0.38588384108774226
-0.8585650008129057	0.38079601602699975
-0.8669011958743714	0.38282402624345435
-0.8914011312511508	0.3896504381732119
-0.8741880803910939	0.38692449955405117
-0.8700727764215874	0.38614478481893066
