-5.031620856065451	0.5252476315989909
-3.49359092374693	0.46467094331491454
-7.001128521066872	0.4025893744956824
-6.314483617805477	0.46357456391468926
-0.829616191717229	0.3797591839599537
-0.7936951045369779	0.37040950128441485
-0.5752451929238863	0.3374082769670179
-0.590928432178018	0.3398708217375784
-0.8170132379919511	0.37925947120420844
-4.751836480710051	0.5166274710076175
-4.741498172325992	0.5191721979920094
-0.8527576190943574	0.3758563707161325
-0.8734671005858526	0.3847038533969977
-0.8691784461799938	0.3842031664805724
-0.8703695799640406	0.3840914963300125
-0.8801514444301548	0.3886311401527952
-0.8792103699731174	0.3882406691470797
