-4.221250407318994	0.4986935984035818
-4.894845458776342	0.5250810806564106
-6.983745856975493	0.4006936501591715
-0.8932027531852156	0.37890962235964204
-0.9553091564530362	0.39345484788104407
-0.8501589373021546	0.38108154558165513
-0.5933525066766234	0.35926708799390883
-0.8627718931682926	0.38655248755718896
-0.8245636367628145	0.3790264884893134
-5.035536067179238	0.5269735632011925
-3.492519999438545	0.4639221017720933
-6.994343604357324	0.4007500123796513
-6.320151227365514	0.46413077890582966
-0.8276433332099035	0.37954877493149447
-0.8269816662719253	0.3795638629829062
-0.5633381823113999	0.33829940122799307
-0.5976004040158389	0.34171517683147695
-0.7948569501783719	0.3732399853422196
