-4.783056227458941	0.5207934215770997
-4.792379605070664	0.5305753522729663
-3.408839532156817	0.4691328822538142
-7.181694798585627	0.41797166922708423
-7.15734683732154	0.4150855858347686
-0.8845156430738715	0.3914029338079003
-0.8593358691981484	0.3755078317850055
-0.8560190653435775	0.38351326361242805
-0.9027302626897373	0.39684342496245256
-0.8581799754666516	0.3893855274176691
-4.836471605995008	0.5208559160442393
-4.55007760711472	0.5077762011302375
-4.215154959042756	0.4916590992505309
-4.46874964893315	0.5072581855982767
-4.516863388742818	0.5117113876073501
-4.572709189311348	0.5125608121290836
-4.493772717731423	0.5116883092543075
-0.8413577821031709	0.3738549917122277
-0.8433800589161793	0.37609233723099617
-0.845740614188608	0.38063704913616203
-0.8684557060022556	0.38625531938317326
-0.8635862565979782	0.38045764631405965
-0.8666559043221191	0.3808271763974306
-0.8734408336205687	0.3825027154881354
-0.8439905426271362	0.3827668775176746
