-4.752108531535072	0.5176876122438098
-4.738446131791967	0.5180280754562337
-0.8627947259396848	0.3807963198903963
-0.8591882235001072	0.38161551664199994
-0.884144570554842	0.38759079832665616
-0.8758085051089765	0.38567897700308795
-0.8741692333864848	0.38710617092616867
-0.868700878095375	0.38574357762248246
-4.864166168807582	0.5203960841455088
-4.124371146968065	0.49539785354479376
-4.043836560864512	0.4849982799645075
-4.587188246104549	0.5166573227786142
-5.903883125170173	0.4601548876761931
-5.742267709003671	0.4435262335432249
-0.874204195351728	0.38087424318958585
-0.6470078763801218	0.3517754715372615
-0.8358420009044331	0.37872170362508945
-0.8370367051904273	0.378872465975817
-0.8498780202126	0.3813800107039077
-0.8355565109160534	0.38100293925504514
