number of atoms: 22
number of fields: 9
Multipoles
---
0 0 0 | -0.8287709985986824 0.023764860471269984 -0.014870354515534574 -0.02297245568148342 0.0622242307121089 -0.2196641834116264 0.04321895979181897 0.06376703522666238 -0.17139406642164617 
1 1 1 | 0.9802590822301083 0.0010752491532861105 -0.03976063497182608 -0.047124814454242034 0.01933630595269223 -0.1391349669525392 0.07873687579527851 0.0754365272385144 -0.04952694665234303 
2 2 2 | -0.8404537732291182 -0.009888006419309973 -0.0628692943534044 -0.0489099746050957 -0.034753790132818034 -0.14523899255538994 0.03517099113093769 0.043259287488472416 0.031603854836712506 
3 3 3 | -0.7860545829562078 0.005624315879057932 -0.11017524146144683 -0.07418186675351991 -0.05136265939472845 -0.07148429048988728 0.11419520505729502 0.14871731635542293 0.05665453244313274 
4 4 4 | 0.17086261163914285 -0.003622730054629071 -0.02735321362068361 0.0216468021357737 0.013909217051501447 -0.002897694877890139 -0.0008704666340656997 0.01724953828300092 0.013940873664019842 
5 5 5 | 0.17345527535215333 -0.031467578221141775 0.014470337422451152 -0.0074518010124724025 0.0004761590972273349 0.0210429083787976 0.008588889168916623 -0.014127005969671846 -0.011181844504833408 
6 6 6 | 0.16373198852170667 0.029926276837669064 0.005379480831214851 -0.015973686850767898 -0.014690828745802322 -0.026216449202623653 0.0020657380539761223 -0.006886386474047478 -0.003095764202990793 
7 7 7 | -0.23991875414004404 -0.06275428372882648 -0.008395853977206895 0.08442094371903763 -0.003052755194170973 -0.1491293757563745 0.019903223265383737 0.09413504101945594 0.03789269731507144 
8 8 8 | -0.42550149478357646 -0.002665534886001108 0.010736425515483866 -0.1102891858237591 0.05171673209198842 0.04695458788802386 0.07009478219356832 0.11680174061196238 -0.019848508774391743 
9 9 9 | 0.2697658487350427 -0.0345237913613228 0.0913477862822007 0.04443820970089396 -0.08693159005205274 -0.023220800972293214 -0.08054455554716031 -0.10113298400555129 -0.10959072275008384 
10 10 10 | -0.30641326449736717 -0.12310681385709603 -0.040050515192306235 -0.04807115236422927 0.10432158359775283 0.010505337158287163 0.0516855681136018 -0.11881734915295081 -0.09616658038011786 
11 11 11 | 0.12117522945165327 0.07684357851664844 -0.0104885230667438 0.013696970804870028 -0.0974065878487466 -0.06219143652047188 -0.08851670139845184 -0.01617514332850972 -0.045049363467908866 
12 12 12 | -0.34363127586923436 0.04543940523101883 -0.029227309324345297 0.0025913987840367005 -0.016624040176573485 0.07781253866293908 -0.012945097546528232 -0.13754366691339703 -0.07993680638332051 
13 13 13 | -0.3429358304188721 0.08451801362964576 0.030828419480226594 0.03289583738084658 -0.00875413494200282 -0.0065329022771738994 -0.022612787398970356 -0.045368877678856334 -0.04788895398771492 
14 14 14 | 0.17382589325484865 -0.009057944472420025 0.056262696708019706 -0.008303439676886558 0.0004647818615022495 -0.010481184780209723 0.008294451743632499 -0.014039259036914303 0.0094813873372446 
15 15 15 | 0.08461284388688828 0.030755101711328163 -0.03278742458459394 -0.005354065964241512 -0.013981271149811918 0.022156487030926757 0.01868874408606984 -0.012986626799429572 -0.0011898966559298135 
16 16 16 | 0.1858047972951593 -0.03917107801105157 0.038638901237994266 -0.007099666712467738 -0.007259364927879119 0.009947732417898474 0.009536833112299423 -0.0012242475926569293 -0.007419110179888178 
17 17 17 | 0.14834510249696897 0.04651353013411668 -0.030746042125786643 0.0028908650753166117 0.02115334532223118 0.009365813391633221 0.02087162955537385 0.004365247656072812 0.011169009202234886 
18 18 18 | 0.11904017750312057 -0.06353829279268683 0.03569202184695448 -0.0034403691774363724 -0.003468633284751926 -0.007769944239117401 0.005554021300229421 0.025963366629868593 0.026444396970883684 
19 19 19 | 0.31140492969829103 -0.01762341770329497 -0.02454064043964097 -0.018794332822296513 0.023244829911335165 -0.020351860792212097 0.006517261914363494 0.00829442141356609 0.004441731876957949 
20 20 20 | 0.10677320301988014 0.04450990504425944 0.012187922506032862 0.004453590514316798 -0.012968581866819094 -0.0004784080670668443 -0.019646573728810793 -0.0024791939318274596 -0.005022226841972633 
21 21 21 | 0.10250993457219393 -0.019455843492612986 -0.04158514449806349 -0.0010188302504132584 0.004273079205100432 -0.005488060151118136 0.0032323749746797116 -0.01877260846687416 0.01688047367194081 
