-4.746150671014152	0.5175051896952002
-4.732379712623564	0.5206833827327699
-0.8323922699151277	0.37886749194674024
-0.8836084813712743	0.38736742215200326
-0.8754470330934764	0.386018274571188
-0.8951034870449375	0.39085778192266074
-0.8781978634498654	0.388268134760468
-0.8887561263637872	0.390839183772554
-4.747779397550723	0.5201962154124643
-4.78344770132971	0.5297952512738892
-3.4387745176587665	0.47351264367913526
-7.145980880342017	0.41437311431309837
-7.171866888220961	0.41620965988500846
-0.8724614603378635	0.3824625920148929
-0.8871187621991818	0.3901148808983583
-0.8580816697123802	0.38737967343048824
-0.8671695253296858	0.3882196238254679
-0.9078337707729938	0.39766998533694864
