-5.100256250064661	0.5418399859843817
-3.3639839306648747	0.46562132258190825
-7.173599855325178	0.4109355148904953
-7.152193697423762	0.4134219033415713
-0.8303222595596493	0.3821435907673554
-0.8348418968585289	0.38314165299710146
-0.8361380504120557	0.38421078322769975
-4.421899410122068	0.5173906429720436
-7.067140094884668	0.40600721661575245
-0.4876098201808614	0.34036478285371563
-0.9119112582858985	0.39232151683720323
-0.9408930945235403	0.3976168494647076
-0.9503321249244246	0.3991971266597271
