-4.775041179722285	0.5176125355762486
-4.409527439867318	0.4989226558312687
-4.3807302398556764	0.5015693619511987
-4.100658935464413	0.4859239965365249
-4.441257312027662	0.5109477125842313
-4.539810192389323	0.5117779081859214
-4.473002324231492	0.5090271358495106
-4.5092186948216435	0.5090364182198666
-4.641869043532779	0.5151690508753414
-5.8052739071634045	0.4460747650602701
-0.8588734520091724	0.3787681884136954
-0.866006601666742	0.3807943449050232
-0.8633333564209937	0.3804552643238423
-0.8455548515855601	0.3780774503851592
-0.8554659428927963	0.38159923410797414
-0.8585744511434864	0.3831895111339221
-0.8503591038639607	0.37677476332818816
-0.6406717068523803	0.35019237507842677
-0.8583575963110798	0.3853139672356582
-4.499834691819379	0.5061657418034489
-4.791817399554129	0.5215879366632998
-4.7856735460071915	0.5206373153113024
-0.8980213041684211	0.38465820898280545
-0.8865580641582297	0.3808951814723378
-0.8684389715259468	0.3850721266991855
-0.8690468679405244	0.38523255762330344
-0.8709830309732478	0.3842156022367994
-0.8743264905134377	0.38646392694836235
-0.8687691867460227	0.38693323830367565
-0.860420793251907	0.3847106966433861
