number of atoms: 16
number of fields: 9
Multipoles
---
0 0 0 | -0.3644832694873221 0.07234728017559897 -0.054673160384601946 -0.021069757240384627 -0.03934538032000031 0.07229000565542758 0.02872702723995309 -0.03465469605361987 -0.02600500849489722 
1 1 1 | -0.3887103800798224 -0.07267376256101514 0.05829396891180614 0.03187447031309364 -0.04400886032704468 0.09575081417314898 0.04241244985814194 -0.027466508562852234 -0.032438661569189176 
2 2 2 | 0.12589787211060355 0.029582709354036677 0.030458924793344555 0.026702473877875926 0.01507998729039572 -0.010269869320049727 -0.006183941193335191 -0.002891397210819263 -0.0053958032643978 
3 3 3 | 0.12417042011536572 -0.012833296359348875 0.011710937172705304 -0.0476800549723724 0.0018418071902778863 -0.004641399829709528 -0.01392804247024367 0.0015012655517276153 0.011956398366454051 
4 4 4 | 0.12672414383904207 -0.026186319706620588 -0.03637096590931929 0.023792994664327084 -0.0044281548378963176 -0.014395876495289325 0.0023571901011882994 0.007823360309282023 0.00606634512915304 
5 5 5 | 0.12884992130589668 -0.0324546281789458 -0.03275920608407042 -0.020297875228846195 0.013579824593822773 -0.008948603253593345 -0.003161527480608031 -0.0041559352244932134 -0.0077115897984892144 
6 6 6 | 0.12745852148336734 0.01820498947924628 -0.007301287246135542 0.04633710462632905 0.00017541149179997408 -0.0019554836516848637 -0.014695818158854138 0.002405541709922661 0.010934942795159216 
7 7 7 | 0.12574441826374083 0.01948161526365574 0.036629292817090105 -0.02931301371952125 -0.003634113687833698 -0.013223787179493254 0.0083205120295095 0.009236316087173445 0.005422634598381028 
8 8 8 | -0.3802210787210809 0.03923833021605097 0.09259177044948105 -0.029067253755395213 0.017880533385431004 -0.07115131707156286 0.03286231196662602 -0.06958906272004224 0.06174574440973892 
9 9 9 | -0.3798939765849214 -0.0465827062328955 -0.08562353971285515 0.034502550481897785 0.037463401072286275 -0.05765252870791307 0.021675700260560232 -0.0727596950581994 0.0478737297405086 
10 10 10 | 0.12366085994696097 -0.04608815535386754 0.018981689323024357 0.0026806138851125753 -0.01607059363906756 -0.00027062543823412426 0.004132543085968586 0.008117623510497206 -0.005513375037136602 
11 11 11 | 0.12728714300801447 0.013131261530439654 -0.024961573464845024 -0.04224973416230999 0.0020369673533123197 0.00640156150146916 -0.005428552712042298 -0.0015758187217328919 -0.013467035419120784 
12 12 12 | 0.12578733930806518 0.02858137435721497 -0.003782636381773023 0.04088159608551762 0.002186790069695643 0.012194784945302245 -0.003199276573487156 0.011214877542587593 0.005784837944974918 
13 13 13 | 0.12346024398211797 0.04627643069376492 -0.0187754604751833 0.0029646161489926357 -0.01603928386208634 0.0011728679507627064 -0.0008725526145439479 0.005964108614828707 -0.004523347845335197 
14 14 14 | 0.1276314167104815 -0.018587514001480253 0.027237131088259783 0.038617335702680944 0.002834653818415686 0.009548271867275646 -0.004583897042349462 -0.0035394916420637234 -0.014992494869603459 
15 15 15 | 0.125077435508528 -0.019530574630287394 -0.0035764912989117363 -0.04660730453141704 0.003776627447165437 0.011897434634055211 -0.0034390947080531246 0.012834127014953381 0.005525970365199698 
