number of atoms: 23
number of fields: 9
Multipoles
---
0 0 0 | -0.5004562809352349 0.05721030612227313 0.0032683999336178284 0.015246371604900413 -0.07132217776590805 0.07445858472947009 0.02717358441928305 -0.024603396205924118 0.03470427382525505 
1 1 1 | -0.20896906174716978 0.1410237136915144 -0.037516271751310414 0.013665433412543152 0.037739303096094357 0.07518225501459695 0.08561957353541473 0.06215089493809224 -0.09901913375080604 
2 2 2 | 0.30756071573573696 -0.023512190353519515 0.07267719921187492 0.09705472538839774 -0.08601692673479615 0.09776749974280877 0.005673299262373519 0.036356087365253385 -0.11350167844789207 
3 3 3 | 0.21930143261290258 -0.07822818146781238 -0.0010441994116689502 -0.05052984964098298 -0.1015838081191041 0.058462157179393674 -0.03479920716262439 0.03722322239335222 -0.04265958175474603 
4 4 4 | -0.3736548221998497 -0.08950511906825731 0.019009192298550887 -0.018723905260922283 -0.03010305677496672 0.027053109117603533 -0.009526897979980875 0.013574071475623012 -0.05057666270632298 
5 5 5 | -0.5534247685129499 -0.00432831461658691 -0.05262961035629262 -0.10848982827842787 0.08439766734081064 0.11795509636690908 0.05462604289008302 0.10831419899977889 -0.336971733602495 
6 6 6 | 0.15583991778595607 -0.026093138784399502 -0.017959564877104497 -0.0501459544431125 0.018334242990825145 -0.014375975099262596 0.006734146742118841 -0.0037207959956936354 0.0054422448908999395 
7 7 7 | 0.34947226530509223 0.029465151621495867 -0.020024640924303793 -0.012062946752507084 0.004467908472483601 -0.0012909714873470676 0.01685631003320294 -0.011389369597912417 0.013677340544951318 
8 8 8 | 0.16723142339927666 -0.011828893248522918 -0.0064518025123175855 0.04611538238207002 0.0038382034827147637 -0.0014038986603415202 0.014234257514133496 0.004729874517964748 -0.0024801435755510246 
9 9 9 | 0.1491820273770288 -0.011198388098258528 -0.03318737637408293 -0.03080428948772654 0.007315447254725665 -0.010973627894999798 -0.00873664544286354 0.0016108559616166802 -0.005460938051625282 
10 10 10 | 0.12440148461380962 0.05128589643493867 0.021008124113786053 0.05548413060162803 0.004578687599939985 -0.016571733159074807 0.0009464945581294379 -0.007439167092574428 0.030856505203979267 
11 11 11 | 0.16059600924027662 0.006375205893739518 0.04498470734786261 -0.014505309054391433 0.0112319007942962 0.009009844085718612 -0.0005132469374890699 -0.007168903129884512 0.005948361388308949 
12 12 12 | -0.13866080455746665 -0.008547006658427782 -0.07601781513674694 0.0032269077464348673 0.07349224646129639 -0.029119733467196447 -0.0667107295547934 -0.0833379622142365 0.0099994219232483 
13 13 13 | -0.4300819017265196 0.0369604600783845 0.059282306357492744 0.04277274814994717 0.050705548702911406 -0.06385656945954997 -0.061690441392917586 -0.009009069012349729 -0.052381366969316674 
14 14 14 | -0.45195264184926387 -0.030484597328405166 0.045053027500106896 -0.055535929085498315 0.03344289393925105 0.01299304871969107 -0.047750040789191366 -0.014113407118044697 0.05581448914320179 
15 15 15 | 0.10208335382136202 0.04451197633867945 0.010826520271993366 -0.027296719995064316 -0.007402839303216723 -0.0068347261644221375 0.015037011728629009 -0.0059807395382456404 0.00709724203738476 
16 16 16 | 0.11007178586678057 -0.04324769833475451 0.022104160532961676 0.025041072175929904 -0.0012491027283993322 0.011423067595406532 0.013633766507354515 -0.012365624071122544 -0.0054734623844379625 
17 17 17 | 0.12879554327964426 -0.03238812948943431 -0.011773555787759188 0.03251721433542114 -0.0073158604567112595 -0.0066529348930873715 0.0097242654318315 -0.007206873932489507 0.014943536394507297 
18 18 18 | 0.12948830752736618 0.03785540195829795 -0.027623851397724122 -0.0028122867276048247 0.003945401106447562 0.015234042557181962 0.01310499404882046 -0.009598291623397877 -0.0014360909065088037 
19 19 19 | 0.1367416413891348 -0.03906239386543177 -0.02355438382536086 0.004624226085353742 -0.0029018458278223178 -0.01765165544741459 0.009420213584063803 -0.006922291501637958 -0.002388106671211851 
20 20 20 | 0.1395378112230361 0.030478850389125282 -0.022067919599676973 -0.029014840346900474 -0.008662346699150428 0.005527922556468441 0.004372351314452646 -0.00766617929725634 -0.012766041576780861 
21 21 21 | 0.12920713631521874 -0.01854319765095153 0.019752898097641334 -0.0401619304758522 0.000572394311735024 0.009008583608370847 -0.0010151342001108806 0.007858932961606774 0.013085271065860994 
22 22 22 | 0.14572376162679956 0.004172135692115074 0.03521227181875765 0.036883216175123586 -0.0012266826764675163 -0.006516397247297148 -0.004273371298869165 0.008457573647793818 -0.0064941711390303376 
