-4.738516965635857	0.5163182238194796
-4.742302651974059	0.5189012927823049
-0.8792783835889735	0.3860907639819925
-0.8611413109836638	0.3809591913271139
-0.8708157220250938	0.38379444166403553
-0.8793064890070968	0.38659716968698266
-0.872009943250969	0.3865681690608085
-0.8744748419002836	0.38713746282935263
-4.837926291894575	0.520030087690801
-4.522309509058794	0.5091582932214841
-4.468522903531156	0.5057788687988648
-4.479290490032839	0.5074230677815104
-4.565800219100422	0.5094564052500054
-4.558645269257881	0.5090516039156974
-4.212271899839324	0.4907474045471898
-0.8620975141520478	0.379826840281559
-0.8671467312549707	0.37948260959643904
-0.8643250412226439	0.37953644039444057
-0.8562600582431672	0.37825303510998776
-0.8596720210211608	0.37932799368862885
-0.8514439213751506	0.3822451544504693
-0.8512873443462513	0.3818441229383405
-0.8451727897016191	0.38308622027486133
