number of atoms: 20
number of fields: 9
Multipoles
---
0 0 0 | -0.16623354317215178 -0.14769101077397231 0.032229471186180345 -0.05643785032495892 0.09831324662298543 -0.06594144036815673 0.03107529978639001 -0.04843159489282696 0.0008463572821642657 
1 1 1 | 0.9450338382258554 0.0035065471603729545 0.012624892604711776 -0.030670800603924533 -0.03966714757083189 -0.006924165600017803 0.012325801299764 0.04526316958307028 0.1134456312917968 
2 2 2 | -0.5712817661850638 0.13179317951193203 -0.05543144398588182 0.06977994502648341 -0.023186452807401454 0.011265292210803517 -0.005321253997651473 0.015119707351755152 0.04717620560482401 
3 3 3 | -0.9291379913142768 -0.000725561423115305 -0.008650654407377088 -0.003067493762774804 0.03238809243809209 0.007772893996234697 0.017947910182032463 -0.02620338192107548 -0.04913307650846562 
4 4 4 | -0.9312330766678514 -0.012713915673343014 -0.002862553440013046 -0.014460039553705388 0.032243090712237445 -0.021065250335198713 0.028517346823910834 -0.005806609917438556 -0.0030446959930614604 
5 5 5 | 0.42477743298955084 -0.018888170719869243 -0.012351081595973165 0.01999351885252566 -0.004281437718516038 -0.00860475792729043 0.019943636421971875 -0.0018495019659627242 -0.007601683656233023 
6 6 6 | 0.13745823741303198 0.0009682786900515932 0.03612488877321074 0.05219583525789624 0.012840006058024695 -0.01776108844819485 0.0037042600547085042 0.0015082469887384598 0.00020762305186543476 
7 7 7 | 0.09419406109617279 0.043139828921931744 -0.0015363342656713906 -0.038834332028940786 0.01976058269046457 -0.015062378903476094 0.019663308013767658 -0.005708578623950265 -0.0026885914322180857 
8 8 8 | 0.432109201192865 0.025784209506565514 -0.0033645375442634454 0.008227164696370077 0.0009252564596630298 0.006797088251527801 -0.008332702070242793 -0.00695802877968989 -0.01267566999709815 
9 9 9 | 0.4284158091672917 -0.00438568078083329 0.014770333399019273 -0.02297506084240259 0.015784369318222857 0.0040034897774604275 -0.004750737987849116 -0.003386615832383983 -0.007908041096679084 
10 10 10 | 0.465279065089658 -0.020956445577196503 -0.009460660231125684 0.013641534300279572 0.006340795244892585 -0.009622979975000168 0.012858378865935197 -0.0020713929549206088 -0.00463505565982553 
11 11 11 | 0.4245626514631332 -0.008437111827962378 0.01407200257643509 -0.022080822225197395 0.018220616781617415 0.0008226744016954977 -0.0015355433295598019 -0.003011923000999623 -0.0067809525407183475 
12 12 12 | 0.16763342534444126 -0.009444293135194352 -0.05986018349299114 0.021758285709918675 0.014401346020732004 1.3243929983213122e-05 0.014042364832995447 0.0014190458433833767 -0.0028268024240818033 
13 13 13 | -0.7097129509771838 -0.01134244823151892 -0.008259977132363382 -0.01068162252237644 0.1081432079340815 -0.025531124913490594 -0.08536346852552817 -0.033906794305557535 0.11032150064883307 
14 14 14 | 0.9579897801054056 -0.0176756757032243 0.053739546032589756 -0.015682248262756958 0.09916820288437427 -0.048109738902420124 -0.14164249809116133 -0.04301703020220416 0.11383864165175091 
15 15 15 | -0.8529816451911252 0.0032861303363729295 0.02430222117133674 0.06532034361753676 0.09243957359594221 0.04793790657012933 -0.14864833027676735 -0.03093622793702762 0.05410485978021898 
16 16 16 | -0.8163088895477593 -0.06629528795603656 -0.026123255237445662 -0.03134274864563239 0.090215722211996 -0.044062269520096536 -0.05938491627494183 -0.09661025150709589 0.0801467001192533 
17 17 17 | 0.17258543010625516 -0.018513152867842407 0.017448295077599804 0.03106611786959838 0.00687638463106923 -0.0019402540541721648 0.0075206447696685285 0.01766877155261116 2.4690366364229677e-05 
18 18 18 | 0.15766461251550423 0.038021403127173774 0.002319046678995843 0.00031599513175814087 -0.017119378719418973 0.008061154524728144 -0.007920518722581935 0.0016639215838444054 0.00027653698861480067 
19 19 19 | 0.16766652085812395 -0.020429519868196574 -0.02688754788223894 -0.019528036681093562 0.006283684647549295 -0.012305231276814666 -0.002129432870391242 -0.01164425241984597 -0.008869408541828097 
