-4.864468733618305	0.5231471319354031
-4.098497714247522	0.49163957531494185
-4.0415378380652776	0.48572114044337905
-4.624172676339843	0.5218881805764916
-5.919339141522204	0.4607448577571372
-5.73317040527154	0.44250567179802425
-0.8349662157003624	0.376247171373746
-0.6389809289587007	0.34921792080078795
-0.8504549960951528	0.38215464166046
-0.8394008799277685	0.38013645345938335
-0.8496898155604812	0.3826365606261152
-0.8607077401406725	0.3861387529461106
-5.117494504635223	0.544775461831053
-3.34083671294315	0.4653562845682343
-7.181577061678852	0.41535181589787723
-7.185501163672662	0.4163253163129163
-0.8348823431636131	0.3817847328641695
-0.8303971340328602	0.3825595002485525
-0.838984686044235	0.3856138999652909
