-4.728343315685925	0.5154271438271614
-4.7415999363386785	0.5179675643171097
-0.8739887544898237	0.38424181340056945
-0.877079992817131	0.3854955472346271
-0.8634850411923074	0.3812763797837363
-0.8805471221189142	0.38667634987582866
-0.8782438473799106	0.3852563683211048
-0.871871640093247	0.38707973223265085
-4.8396779569385275	0.5203404187085954
-4.55673419644262	0.5088988430509173
-4.218173683269109	0.4923479855699712
-4.476318631912012	0.5077463316446669
-4.520739471461028	0.510587489550844
-4.559049656043796	0.509947795053379
-4.479971115875356	0.5079934260876406
-0.8572266788452885	0.3772227904048222
-0.8655611112608966	0.37996817681333644
-0.8488160354385663	0.38128835189988036
-0.8523595720365498	0.3818478959709545
-0.860909353067033	0.3797243725816274
-0.8568517640020045	0.3784751780485322
-0.8619180715016022	0.3792344977449417
-0.8442245849884664	0.38303020039414204
