number of atoms: 27
number of fields: 9
Multipoles
---
0 0 0 | -0.4205809588953908 -0.086492123106338 0.008881497667974953 -0.026237147641258615 -0.1009608467630252 -0.04762886768501641 -0.03444088562911263 -0.005323156733518565 -0.015262319334637996 
1 1 1 | 0.24832332906751287 -0.020961168803250607 -0.04337064284751607 0.055605677053676195 -0.13395133161838133 -0.009086328074714184 -0.11036275464687002 0.05395507611179236 0.0768990271540073 
2 2 2 | -0.04607020006951679 0.031105674475068422 0.019894270483517294 -0.00604971656900475 -0.028600835251926814 -0.07121472382743436 0.010358055623798105 0.06427999840218257 0.20422584070239097 
3 3 3 | -0.01772849130938603 0.08951454585082261 0.03665890421564464 -0.009975323098956877 -0.09214420044449265 -0.056761666495669605 -0.04477198062116944 0.059795839790320396 0.1343540072738735 
4 4 4 | -0.10008330678045496 -0.11566648506265653 -0.009185952927881767 -0.03446867621121154 0.009435958327825357 -0.05577338380788341 0.07838511848117392 0.030010441237216173 0.12385887338002154 
5 5 5 | -0.2841492639689198 0.005944926811706256 0.008305935919056007 -0.015572865839580938 -0.014224294235678099 -0.016568242769339606 -0.04905414557720966 0.07569258150799063 0.1727097235611277 
6 6 6 | -0.12028535734449619 0.02738223020548565 -0.014488074912762114 0.027128230295169652 -0.08278916222987825 -0.11078218040284048 0.04365252730694538 0.031315358416682315 0.131770670047482 
7 7 7 | -0.1560120595532899 -0.01779447216612442 -0.012578162420729205 0.018482466524400006 -0.014776212803699226 -0.03226221859496936 -0.013763577600474936 0.058639423003066835 0.1759370109535282 
8 8 8 | -0.19512438760564432 -0.023498923767825232 -0.023855370713566002 0.0220616697621842 -0.148526194831451 -0.022226379448776146 -0.10874224301804448 0.05221750794786034 0.08052678636211306 
9 9 9 | -0.4151458593351629 0.06806090092153219 0.014004720356382509 -0.007207265884042249 -0.0378766943977988 -0.04898280683336054 0.03740789612685365 -0.0013348042646902489 0.015177434270566555 
10 10 10 | 0.3550189791406202 -0.033862425918903274 -0.011391395003863523 0.013056147954315922 0.0036285844843066957 -0.0027937739453804075 0.011167188277801016 -0.012247330565778366 -0.02107360789020284 
11 11 11 | 0.15325030403844353 -0.04910782039180426 -0.009904826612964645 -0.002227933910421053 -0.006032510936550402 -0.003926307428593574 0.008776055306345482 -0.008068062608538552 -0.01544868958489196 
12 12 12 | 0.1492593031600138 0.01817594217488435 -0.028716613922279206 0.052522064268472654 0.022130054755291784 0.009025228029223571 0.009490704297903996 -0.005844773383293269 -0.010339775032404977 
13 13 13 | 0.13525316765707973 -0.033610379495862944 0.02480894064436946 -0.03670671517488981 0.00923587597593092 0.013070556114804597 -0.009796634631562481 -8.728553987419335e-05 -0.012842505859002422 
14 14 14 | 0.13949784789655584 0.050261171198934376 0.0186796534014822 0.0021163240140224925 -0.009789132534901478 0.002506570348803441 0.004951789872786694 -0.009717590395487467 -0.018289709280056698 
15 15 15 | 0.14682070274064418 0.014914277451532235 -0.0017994092115455331 -0.04693016456708651 0.0019048586750724029 -0.0028642963963127284 0.01779131070061822 0.0025148459294825317 0.004140624877288032 
16 16 16 | 0.14029729902578247 -0.003370657500217161 -0.0438720246739032 0.0216747940949194 0.010794136839568513 0.00861742660934636 -0.005827289170068008 -0.00018172558144231808 0.01041863064641666 
17 17 17 | 0.1419275302136841 0.01938793376192269 0.03179078275341015 -0.03847899813785655 0.01718792099053011 0.0018174907740628032 0.012010230201721789 -0.004075057134286786 -0.004081982696043344 
18 18 18 | 0.14118039576051022 0.000444289870818004 0.040035227365830615 0.028980355821011966 0.01109440642185935 -0.011252307285694069 -0.002807478463915374 -0.002668422341468091 -0.006669300099319774 
19 19 19 | -0.37190568043794503 0.0017106525933413448 -0.06629515718297241 -0.07397898297436373 0.057996656613059916 0.008011080481927233 0.028539672428639206 0.023889220781606154 -0.10185040344204406 
20 20 20 | -0.38316003292002954 -0.00213590915444514 0.07397959890768098 0.0694605824781206 0.05811982344220567 0.004566541725532952 0.0003550308476417121 0.010247206831868184 -0.11110449902552512 
21 21 21 | 0.11536123109064611 -0.0492200246995476 0.0014440101268662186 -0.0008210359705569138 -0.011636058202370425 0.00930369104868612 0.011815454575228482 0.002996302179991769 0.005188027673469279 
22 22 22 | 0.11905878604353537 0.024423226238862814 -0.028188865185121936 0.03297482324963958 -0.0018505392611761647 -0.002250760537342524 -0.00717918186019209 0.014271059298180259 0.012228523553543926 
23 23 23 | 0.14808946520761246 0.02648120264639035 0.03822609044628021 -0.024007625175718108 -0.006924636229343106 -0.0036182309959596716 -0.002028025074457723 -0.003634525429975281 0.011018367002173575 
24 24 24 | 0.12301022644076265 -0.027358870917370954 -0.03116895130209557 0.028057750304921934 -0.003802833020129186 -0.011030867965656478 -0.002614900049430784 -0.01246271965692396 0.00902304762893682 
25 25 25 | 0.12796291061634968 -0.018741922387135002 0.03141654771571031 -0.03558822120554732 -0.0018555622443870282 -0.0020444258668909773 -0.007809018914791194 0.01361964717142962 0.010011203654944354 
26 26 26 | 0.12370181408718883 0.0494701916886466 -0.007243492464155444 0.00372228215948418 -0.011859785175064565 0.010609414308497813 0.008832129409757373 -0.0015137051262150835 0.006863986745691172 
