number of atoms: 30
number of fields: 9
Multipoles
---
0 0 0 | -0.48314848270695165 -0.00577417209998544 -0.0518274444070623 -0.031543204810166946 0.0309748134809608 -0.010140970163152593 0.040636175006831324 -0.07799919043002682 -0.05513734009301125 
1 1 1 | -0.15511669040309695 -0.0025782140374550253 0.04003281328388044 0.008384786947546633 -0.0967222230486879 -0.0995031878986625 0.1968435055151574 -0.052000089832673395 -0.019257248088136582 
2 2 2 | -0.1342268168419256 -0.024786373527627605 0.012498774561580665 0.01681820932400203 0.017090202779507714 -0.12225827590472109 0.08787828691307127 -0.1352032976239192 -0.09434132003427423 
3 3 3 | -0.1348688318836384 0.02323924462295129 0.02506573445920005 -0.006024657901237849 0.03355132873174928 0.019891307500409166 0.15053486224627033 -0.07931762059086563 -0.16260505281664267 
4 4 4 | -0.20181569588048998 -0.01228382475033245 -0.014981379766750666 -0.007130237691087051 -0.004061948444848064 0.003909223349619488 0.1561146503328085 -0.031599478035354456 -0.15097875229627095 
5 5 5 | -0.1997061924861434 0.005949168728181124 -0.009412062235420434 -0.015783822089177973 0.0008120870691465161 -0.1415992366023684 0.09467056188036811 -0.1146258914856618 -0.098749593244429 
6 6 6 | 0.13719852977992986 -0.0018696189117141525 0.03095302941514669 0.013785782248647944 -0.07618535860521598 -0.09886525397254592 0.21138622863322906 -0.06718978827223218 -0.07696534290549459 
7 7 7 | 0.14126614113852454 0.00020070971214636613 -0.04924665022961569 -0.028489744459325297 0.007146287898941454 0.005393175536236851 -0.012986913138489925 -0.002888970313886754 0.0033317411383972932 
8 8 8 | 0.14344408417569 0.040138689388449264 -0.015885426617826923 -0.03712101078387091 -0.003513733019274081 0.011972557350646736 -0.0008892259439218648 0.011958056411182501 0.00662800105575435 
9 9 9 | 0.1347305676266648 -0.042196400852186344 -0.033580873054403874 0.0135069887179153 -0.0016674457472671122 -0.006112395896288547 -0.010526138614060758 -0.001735561252822342 0.012822546174549764 
10 10 10 | 0.14537953510212343 0.03786188529167133 0.03489416048731103 -0.010055591313774561 -0.0032210355321102544 -0.010281529434272076 -0.011993526292896777 0.0015787321903951378 0.013847607944434726 
11 11 11 | 0.14152040785704711 -0.03987002227509815 0.011393618206879761 0.03154743543358721 -0.0019387605259214053 0.01513682884506129 -0.0006605014049490452 0.014703453694402147 0.0015113521639384668 
12 12 12 | 0.1519311653333386 0.04704657807169109 -0.0036010807911434264 0.009962748505490664 -0.010006695992531869 -0.013284863272756128 -0.004364007855000265 -0.00021847578360063039 0.0012319694340625926 
13 13 13 | 0.15173111131288386 -0.025013329890374567 -0.01697923414622263 0.03635142982871388 -0.005374718434524387 0.002454368036903551 0.014217727231867377 0.009735823262015319 -5.495970102006378e-05 
14 14 14 | 0.1597965359476483 -0.01676526250172101 0.027769795110738113 -0.03586324924842718 -0.0010928031625352182 0.004907050774849549 -0.0005971065587444718 -0.006674421052230684 0.012738150551070734 
15 15 15 | -0.4811315071979756 0.023769775722413164 0.0036510701876741962 0.057015824657640074 0.06354332739760378 0.04223919535037151 -0.024593259450356793 0.06896050412375669 0.00687386205316914 
16 16 16 | -0.1612404869283406 -0.005113347118090891 0.005667167418360408 -0.029417588970611048 0.08539896564098462 0.2116727882261566 -0.007851268087152393 -0.04318405564068556 -0.06490732233625077 
17 17 17 | -0.1307905874974713 -0.02318572399776147 0.025530362775500134 -0.014832796041567514 0.1297796885760433 0.0988735319510149 -0.059683741791601456 0.1067200832855095 -0.11380373874705794 
18 18 18 | -0.12109393899475052 0.014620942329104167 -0.020509233204720107 -0.029731798434379484 0.08046656921583796 0.16555662796414025 -0.12273589152863108 0.07565733511098004 0.04885602672739707 
19 19 19 | -0.2050218231698313 0.0032419708683882106 0.012644266121521941 0.01723108997005776 0.06414697588473608 0.1633597928000099 -0.1306250319754842 0.022115699205360224 0.03180738993553658 
20 20 20 | -0.20318830062365478 0.01835196322206984 -0.0037916652258189907 0.015007251836308967 0.12038423961592684 0.1161642111089255 -0.055866756058505294 0.08314401364071669 -0.12360248343694807 
21 21 21 | 0.1435684428364601 -0.008838396852596988 0.0015589239380392177 -0.03776109827845277 0.12742269912346396 0.22292433944481707 -0.045701792478187724 -0.012169830823040038 -0.0629794439737458 
22 22 22 | 0.1426236076477031 0.02041423919062918 0.00013861853941881075 0.05151495301048145 -0.004491700543884535 -0.010215622079320403 0.00654333972638634 0.009405132538875162 0.008061924148872147 
23 23 23 | 0.13415446332745107 0.031612544233894195 -0.042207874004322944 0.017273562592700863 -0.011173967087878586 -0.0025928808956377433 0.0026123625612168412 -0.010955004868241846 0.011421856106769544 
24 24 24 | 0.13694873026957777 -0.013165535944665156 0.04078056219602003 0.036946455749844516 -0.0030701875450727125 -0.00917734005769946 0.012465968901420918 -0.0032018726717617857 -0.006993460615927746 
25 25 25 | 0.14213604055405626 0.013731417653241483 -0.03629814100787969 -0.03447594040727956 -0.00405783653902034 -0.011029416341765937 0.01251551289408818 -0.004576362968719743 -0.012635565389038025 
26 26 26 | 0.1396770421914939 -0.028414940552307835 0.04005681834713982 -0.016039753661414285 -0.011580905614399489 -0.001860236613884329 -0.0023146028618216824 -0.010250429490189467 0.013987756396676274 
27 27 27 | 0.15421440761708738 -0.03767354856388149 0.025473552074134008 0.01321212752600847 -0.003613680973251177 0.013482239247897092 -0.0016455791161570541 -0.010589821039289675 0.0029941068995679816 
28 28 28 | 0.14817246189943412 -0.011364621100424393 -0.04666735833870544 -0.0009508404330259713 0.004708187056603133 -0.004181140672926561 0.0002915482579485184 -0.006728576566526735 -0.015113074721861587 
29 29 29 | 0.16022719015043407 0.04141155702045253 0.012762098395666858 -0.02148356912808513 0.003002692220836917 -0.0033070414346580233 0.014202332302985505 -0.0005569829351846699 0.0034854960122716436 
