-4.5323820388005185	0.506012336113914
-3.3926620729357815	0.4553869182802391
-6.293421525596124	0.45901123318193326
-6.0023302309753985	0.4499845191135389
-6.304109268022269	0.4600644259999856
-0.5850709463446764	0.33979220323759013
-0.5211272544134619	0.3343037161092358
-0.6245989011210689	0.3478496238489503
-0.5887834876856667	0.3421449262160791
-0.5150158937226655	0.33475199764140096
-0.8801655503887061	0.38288607022716853
-0.8560600264478482	0.37816585294041744
-0.8725131118636796	0.3827941554592643
-5.063995158769162	0.5331297515217636
-3.3778237101557385	0.4662094692910504
-7.187524053892208	0.41323129396723496
-7.15867682270367	0.41153319889358553
-0.8322137059269308	0.38209552183949186
-0.826923140747346	0.3794842010157027
-0.8213932423274042	0.38065468662432816
