-4.4896387528696895	0.5027228935713121
-4.793288854657257	0.5231451789910292
-4.788787891872515	0.5194943066692118
-0.863397159473866	0.3755924907226806
-0.911758950267633	0.38821883256598066
-0.8827317258501801	0.38836286900429684
-0.8643272393097011	0.38314386982598964
-0.87621593846991	0.3866516639296732
-0.8788087562431061	0.38682176312707556
-0.8624188299720772	0.3860431419678176
-0.8706662822305848	0.38722065934451644
-5.037094377515226	0.5254405715009021
-3.470326187137242	0.46063463785022474
-7.012143027550784	0.40135061685531576
-6.319113012730765	0.4635056951935951
-0.8347654031647941	0.3800606583643053
-0.8156796160582251	0.377413603202425
-0.5747955547283542	0.3374315470088449
-0.5941068008684879	0.3408625970004419
-0.7923686214492374	0.3727342117941701
