number of atoms: 22
number of fields: 9
Multipoles
---
0 0 0 | -0.5128774654177759 0.04534780703490631 0.04498446245813926 -0.029201088703462656 0.025427005289343774 0.0038165862979088 0.0810536084666854 0.02834566581965088 0.09151149535448573 
1 1 1 | 0.3024189697078068 0.01173705033965154 0.04975897660866844 0.10812013426662645 0.08205767354340807 -0.0922429619319583 0.03623242927882353 0.08635603717706221 0.012342702428950383 
2 2 2 | -0.23828581522206882 0.01790292260758884 0.13089675494299796 -0.09346332546809381 0.06441739538606167 0.0030217075413613223 -0.017087782288842463 0.09854470453146177 -0.07694477333978024 
3 3 3 | 0.22699772135146645 -0.09860691556357624 -0.04982557325338614 0.015235710690351276 0.03795548891389049 -0.12655530221757622 0.027575669586011306 0.024502906291459136 0.05804974221113354 
4 4 4 | -0.5509420869690373 -0.08462145586956613 -0.03433416352276021 -0.09013288801026403 0.16242942331645552 -0.17745958343935286 -0.14841902236405385 0.25465911665717944 -0.14231311949304454 
5 5 5 | -0.34267352655893735 -0.08624673573520095 -0.03965587252309868 0.04826678039032476 0.031926471881444235 -0.05726533622754481 0.030622182399052875 0.03996981703982976 -0.0013314506167672704 
6 6 6 | 0.14819540425251476 -0.02705186206520697 -0.018184260475645173 -0.03218495491109629 -0.0006754583661318858 -0.008330883128955332 -0.008330956012011724 -0.010203694755357663 -0.013784897619519624 
7 7 7 | 0.16675551678204958 -0.02044072022453571 0.03931049907118194 0.019678736724930344 -0.0022478400244088648 0.008216258409942301 0.00891215387708792 0.010512375733246596 -0.008150524859254937 
8 8 8 | 0.160811564060805 -0.03613399193538527 -0.039304403116761664 -0.024147597523866807 -0.010840378324170489 0.020944609887241047 -0.006520240182812562 -0.0034958623386448337 -0.015723227550998406 
9 9 9 | 0.12009142651917204 0.03420907756817521 0.06927207077032918 0.01204496522181542 -0.022164241785776556 0.02075202671602628 0.0036853779598937197 -0.02045297273428501 0.004205803738152714 
10 10 10 | 0.3564575889778474 0.0018909794770357391 0.013815548358859854 -0.035633068665565995 -0.007863645515399269 0.02103370200614645 0.005017301517195362 0.005915678979194466 0.004684671765236384 
11 11 11 | 0.14505326822869147 0.035415029064771376 -0.015936156042307397 0.02278924960651105 0.005513824653659498 0.014087644335066643 -0.012181506090697014 0.0009369149448402534 0.0064466551722783426 
12 12 12 | -0.4361203338572439 0.057272556372530745 0.05977675418184619 0.08528708855583639 0.09021249976083799 -0.20445636358248398 -0.039630752868061024 0.06385534364375788 0.06948299882422848 
13 13 13 | -0.39928719083414244 -0.06347321273345753 -0.046908800296796706 -0.10990566197232625 0.0433686222186813 -0.13181415939663954 -0.06429115794342811 0.02993911611028122 -0.056546848235546024 
14 14 14 | 0.9111850930032883 0.012926019510301147 0.037729068995225934 -0.06708691558248939 0.11832711970943166 -0.15716907781318123 -0.008241167845327878 0.04966041300010484 0.08232827257969658 
15 15 15 | -0.8189758229057595 0.0025998700169755193 0.026883090064262153 -0.012988624531787087 0.07071072175025023 -0.0709628328765828 -0.004411414825095302 0.041108971209517293 0.03429649314951416 
16 16 16 | -0.849140382139252 -0.002847757916173343 0.00975676475288331 -0.0464960853787293 0.08591435176262266 -0.13963762291598125 0.0057883193691945 0.052187413436669425 0.08891797501333652 
17 17 17 | 0.15035709892229532 0.030522427393097955 -0.03616525223260376 -0.002955077276251032 0.006610270459885102 -0.00601834016934937 0.006521948980849537 -0.013039206575112738 0.004885882512033032 
18 18 18 | 0.12071391159811784 -0.038079934346365404 0.012203970012095522 0.010228074190417158 -0.02330477855853389 -0.010724785684252416 0.017026365068127776 -0.007479211147224376 0.009765156434446736 
19 19 19 | 0.1445040923676172 0.03830787645703602 0.0037422164896748224 -0.03234888852790159 -0.007355904571755076 -0.012406310116417936 0.006720849750583054 -0.0035808567118110913 0.01701463850237766 
20 20 20 | 0.0867030240847575 0.0018111036541760988 -0.04469945430320758 0.016053214867617155 0.010642359894960209 0.004786537341160332 -0.0014248805953605938 0.015519554335520658 0.023051027153199646 
21 21 21 | 0.10571212689378351 -0.03251652157902656 0.03287434420452223 0.0028283124681038672 0.010960763422274634 0.012575169576899152 0.017827531248760877 -0.009207582936593675 -0.007240466776881103 
