number of atoms: 23
number of fields: 9
Multipoles
---
0 0 0 | -0.7614294658315046 0.0011902803040222394 0.0005937891687893796 -0.0075582846038367065 -0.19447264269508907 0.04420398871150877 0.04447380331734134 -0.07401017821061061 0.059412317107671676 
1 1 1 | 0.9842089386205668 0.062417684185698846 -0.015413277185699757 -0.0037475204204754494 -0.12234412911337483 0.013515211350727486 0.050028208016838625 -0.10003976949192937 0.11030846286653688 
2 2 2 | -0.8268142676917716 0.044907929305795215 -0.027850138843013822 0.007554378211908532 -0.11148920184190328 0.03726483871170862 0.04358567615619176 -0.05001254595104339 -0.024308875871551644 
3 3 3 | -0.8133755772535185 0.045232353790652956 0.030742050504348254 -0.02093003037743153 -0.10052542710319456 0.07801778272333444 0.00323660822762109 -0.07368127713830984 0.06844341926273576 
4 4 4 | 0.16415722563086066 0.01011105103440998 0.03464945022344907 -0.011758795710294008 0.00569976249235357 0.01313571589052875 -0.003136815251352146 -0.01713001106617887 0.01238807489727662 
5 5 5 | 0.16880542770610707 0.0024379016972447256 -0.004050246734493559 0.03764884823013193 0.00201632174416804 -0.0019132438594996917 0.018616367066104072 0.011853708309758924 0.0031135274105308177 
6 6 6 | 0.1695265116272291 -0.009890271941340225 -0.0268401769324825 -0.0235931065066012 -0.006245329446811425 -0.015678104510793343 -0.01322944001867579 -0.0007633076987062555 -0.007536121988418216 
7 7 7 | -0.45973187366740564 -0.0525377539749101 0.04394737671223925 -0.053691062823352696 -0.016485850866194137 0.03711266652563219 -0.1192967306050412 0.022185810683369514 0.05801020449918419 
8 8 8 | -0.3268445394073156 0.03743612322561486 -0.017820462472431534 0.010878268965827206 -0.03895283412795386 -0.12341960221975176 -0.17895150978269814 -0.006490399944675859 0.061643754269721844 
9 9 9 | -0.15660161311541376 -0.008872975673750718 -0.003368733777056172 -0.028306749351990804 0.05743283283680412 -0.05493381870251567 -0.08758298450996561 -0.018539575748786626 0.14132890912979526 
10 10 10 | 0.42965964022917547 -0.07163027859676922 0.026320119528661853 -0.10012605409874932 0.028679623806452337 -0.15777292015624536 -0.03505258704264165 -0.09184101957968265 0.06144348455506657 
11 11 11 | 0.05950744713296707 0.0258897411707171 -0.017097198683819096 0.030745675226193016 0.0004998985464593948 -0.15756660397455904 -0.08344548835954063 -0.0949196992063974 0.08854241323253347 
12 12 12 | -0.31017913986251067 0.01108897535988233 -0.01871911145549592 0.010416653715182208 0.05977603494994564 -0.07892246117257559 -0.07568721504861586 -0.049278885274396 0.14008063445990626 
13 13 13 | -0.17872426791839136 -0.0011949872120737273 0.011876549306950552 -0.028317425481353027 -0.0205567926114062 -0.09332063037787904 -0.16126919305614684 0.019581953603632542 0.040903077652912394 
14 14 14 | -0.6426103380844932 -0.0064029229158067144 -0.060494279623639846 0.05465150889968739 -0.05044678815371273 -0.014201686733362784 0.007462606347250225 -0.023496356480664633 -0.11463026129945714 
15 15 15 | 0.1980088183448394 0.013762187535824448 0.043435101827704485 -0.027341942148433517 0.003856370839264403 0.0030235409252847224 0.011081928614596285 -0.0037395868192104252 0.0024087639005390673 
16 16 16 | 0.12864911600965112 0.03937158939472252 0.027693392038348207 0.015505026997313853 -0.012643694202341085 -0.004673309710270186 0.0049695966780828865 -0.00034120286119122015 -0.023639832375034607 
17 17 17 | 0.5008397210896167 0.009211646670554382 0.010463637146034765 -0.008717590733586104 0.00934963585379386 -0.0022348833609349876 0.01091797255592264 -0.004740937515656921 0.0029033953099618075 
18 18 18 | 0.15453486975363318 -0.034970126980668585 -0.024015127838595562 -0.019424896952314197 -0.010184207864963855 -0.004668569534626991 0.004264325612170236 0.0004420418177839078 -0.018208197900029307 
19 19 19 | 0.1335420302503204 0.03320760743127006 -0.008199015405543662 -0.035931734353673875 -0.018923139209977104 0.009485225693797436 0.0020336065406487006 -0.006846535445640617 -0.003058169005157197 
20 20 20 | 0.13306438226139417 -0.030432562801989423 -0.03344810457695991 0.007045786641998794 0.005326289240633659 -0.011555088695740807 0.009325320328096623 -0.011665757509062477 0.010287667963314167 
21 21 21 | 0.11671553458049433 -0.013110381116910921 -0.043404536009375314 0.017677117993659168 0.011171649169532298 0.007355049031759139 0.022650387540383884 -0.008025768842662371 0.006891709267133641 
22 22 22 | 0.13324856486409709 0.006575897876081518 0.035487964833201345 0.029604665478601563 0.002466163152951002 -0.008509552470407758 -0.0019993965757820163 0.004436190718914701 -0.015666530208608892 
