number of atoms: 16
number of fields: 9
Multipoles
---
0 0 0 | -0.3810659881407714 -0.07118101918567281 0.026460774276234274 0.0644200494621054 -0.05787176206121338 0.046731768026522014 0.08903738337637691 0.03530634884663185 -0.018775535632109548 
1 1 1 | -0.3947952313374756 0.07475433819422217 -0.02190019864372973 -0.05951948268523292 -0.01117228781591638 0.044059330781602214 0.08001194318550213 0.050435694295718994 -0.03902537624880652 
2 2 2 | 0.12623435165352903 0.024302335540547896 0.04365268684862925 0.00746113970518067 -0.006560246009541835 -0.01418435950279725 -0.0031871689423742045 -0.00402761376079515 0.01005439778091715 
3 3 3 | 0.1258767203315072 0.011537723923504767 -0.04037756309434757 0.027189831498227828 0.0009503376237089388 0.008734699982316348 -0.01137767291714338 -0.012328568220973526 0.0021437835822882235 
4 4 4 | 0.12481393585840339 -0.02880499502431018 -0.00878288784762974 -0.039915914974908616 0.005447251052816835 -0.001021240381235229 -0.008383494465961577 0.004571463560595455 0.0032379161179516788 
5 5 5 | 0.13173463703026345 -0.026894354406068376 -0.04068557335552156 -0.012093157877428267 -0.0022999168854721925 -0.015693820707256084 -0.0015871044552128008 -0.0036710903040007006 0.006683700169303123 
6 6 6 | 0.13066848852787072 -0.009383625244908631 0.04324190925549879 -0.024387233462182183 0.004137045900349658 0.007755749786937579 -0.011127915099345246 -0.010519505496335242 0.00019308603539508967 
7 7 7 | 0.12961550148263334 0.030426583969586987 -0.004291221226487036 0.039518925963647485 0.012271793334888119 -0.005436644024497399 -0.010332754864083327 0.008539002054865066 -0.0012638228201239576 
8 8 8 | -0.379760048786669 -0.015006652505509479 -0.038817702350894046 -0.09123301905070401 0.07606086713138122 -0.0076656122767028104 3.5335066668209933e-05 0.07810124927200528 -0.08641684187075274 
9 9 9 | -0.37993678854526447 0.019081422740053706 0.04946438775591295 0.08820918553977962 0.050420625612792466 -0.01762478207684708 -0.031126333224959515 0.08296130277017096 -0.07197199143919214 
10 10 10 | 0.12356610555039904 -0.04485772183825731 0.024242863109571407 -0.00210611398293382 -0.0025035741013456395 0.008142736838592174 0.01227200971059908 -0.00861283677181011 -0.005500675866668442 
11 11 11 | 0.12722323493098775 0.0010076539260912576 -0.045909401288563176 0.02034237126333428 0.003076205137400899 0.003743414806379398 0.004526352869348133 0.002186734087329977 0.016177558146414427 
12 12 12 | 0.1397149375466913 0.043756555165772315 0.024145247291579283 -0.009784106322365864 -0.00711296366601778 -0.0013656069238391002 0.007277756526749002 -0.012558530263833191 0.00398342285815629 
13 13 13 | 0.1218966826467307 -0.048014505646585444 -0.008138634972569036 0.013172193404958944 -0.014970053282931184 -0.006080392394463637 -0.008642517850106331 -0.008401518646423658 0.0022411172872169784 
14 14 14 | 0.1236910742132209 0.028854235923004068 -0.040074430602470165 0.01405559023123636 -0.00106722552905586 0.009098229778454123 0.01053560031431311 -0.01251404905338505 -0.00581575572368943 
15 15 15 | 0.12900562788268966 0.013022265621440182 0.038821756218688684 -0.029273358540458348 -0.0019076036820171332 0.001434937239510993 0.006159902378813376 0.001313626368824825 0.015752389629651205 
