-4.28847839079083	0.4975559927821851
-4.8305124839698985	0.5248244025958176
-4.822508112171222	0.5215612964470278
-4.820797294095197	0.52148555445525
-0.9046753826009852	0.38134560125633166
-0.85641838395801	0.3830974021516268
-0.8693046907181017	0.3861598359817494
-0.8394475530661374	0.37540916746482644
-0.8696983761224643	0.3850428778014104
-0.8618230124480425	0.38444513023416993
-0.8662407964495429	0.38313983029369136
-0.8661767573653136	0.3866938704572702
-0.8643440830125798	0.3861158659627207
-0.8578742390698788	0.38409625047462626
-4.786240189735728	0.5189093449463925
-4.430382856865961	0.5106332865489205
-4.389577805988663	0.5031826517642765
-4.097254686743108	0.48551213431648155
-4.416396133722009	0.5006375435017242
-4.6352792793367	0.5129179030539739
-4.511775867515214	0.5111139660572381
-4.471038911445065	0.5084316924133307
-4.545185700091338	0.5144777944742044
-5.812634940652898	0.44660350490740985
-0.8541415908490712	0.380584854240707
-0.6382571979201328	0.34950220803012527
-0.8535817003588798	0.3818295678765655
-0.8544047604772517	0.38144248647767126
-0.8467174935274835	0.3775813683145184
-0.8547861185891876	0.3784319539159668
-0.8670856566298913	0.38063415214708773
-0.856276204104148	0.3788544775538983
-0.8512978700593281	0.38366069621897003
