-4.8464271744692375	0.5207903282920148
-4.560881374287596	0.5088887908995375
-4.206269058192199	0.49028492831095044
-4.491230401726575	0.5087334955659166
-4.5087459266206125	0.5090548943858475
-4.568859167863496	0.5104941260600495
-4.482587635347151	0.5085275858876982
-0.8577923053531542	0.378244675213174
-0.8634978842508196	0.3792930868040819
-0.8488341196610764	0.38171324129684087
-0.8469334504804713	0.38157784020115537
-0.8593087968165709	0.37874756094539935
-0.8564373818202954	0.37874948749313536
-0.8621897764557402	0.37882225682336823
-0.843876928798932	0.3829314682199492
-4.779815812992879	0.5178893051575343
-4.4160107158360935	0.4989024188033882
-4.373539134396052	0.4993434584685974
-4.102405958857636	0.48552516622840197
-4.443939334771672	0.5108371875361007
-4.5139595340271415	0.5086562932428776
-4.540644739539165	0.5119883273064934
-4.478158935705439	0.5092739045613158
-4.640122081942636	0.5146952767703067
-5.801060660105932	0.44526694007391565
-0.843330850422657	0.37338720702350897
-0.8469336579093669	0.3759106293542654
-0.8654088701527716	0.3804936564503778
-0.8601176856482533	0.3833840092898967
-0.8601515712139605	0.38373210723363516
-0.8543911969257815	0.381274447993224
-0.6458198497047793	0.3508391079829294
-0.8502919489602695	0.37863765668262345
-0.8580045238318168	0.38514358349452615
