number of atoms: 19
number of fields: 9
Multipoles
---
0 0 0 | -0.3859674396789021 0.013600767973200537 0.019453611911482722 -0.10390382844529149 0.05868737987905594 0.006024440669802104 0.04077712068339415 0.10528439936730062 0.03570051751858852 
1 1 1 | -0.37602425991197475 -0.02269489249588262 -0.020385035236905154 0.09936512186777785 0.046140287439609205 -0.008628142182436392 0.026750778090608652 0.09055155566733147 0.0352802883106217 
2 2 2 | 0.1283386119640434 -0.013639726726545938 -0.04956617856891488 -0.006703875820005436 -0.002375082276848606 -0.002196259673485366 -0.001589356631172831 -0.011770593470921525 0.005258576706475633 
3 3 3 | 0.1294674982849433 0.04758069991401602 0.012172064641530476 0.014299100216178159 -0.004500139143973277 9.098481377513672e-05 -0.012874378878517223 -0.004259265676471195 -0.004289691312316633 
4 4 4 | 0.12896172628950586 -0.03653343828287083 0.03475701593430503 0.004509404184675805 -0.006137453952103839 0.006277821653962814 0.008511795778369722 -0.004928834956848499 -0.010528059520407003 
5 5 5 | 0.12480947714546486 0.03647548939813928 -0.03514719796636578 -0.004972516727203929 -0.007925791622662565 0.005558719702045182 0.00801059594045528 -0.0069933751664476304 -0.011350687790030766 
6 6 6 | 0.12427008772315995 0.01220182954611332 0.04913295344765593 0.007928139562546286 -0.0017257039370031904 -0.005251581361033709 0.0006086999171728725 -0.015375622141095995 0.008835853202796506 
7 7 7 | 0.12432797168719711 -0.04513705903199025 -0.010142274880283306 -0.020794247590465526 -0.0057969690757774285 0.0002523795146344169 -0.015315792914994913 -0.004567437423287706 -0.005309319595908544 
8 8 8 | -0.15495974439824423 0.016586820760256412 -0.043700679258055056 0.051061342451329574 0.042338952981553636 0.00965801530240862 -0.07525244604304378 -0.01589325831757493 0.0818333099746832 
9 9 9 | -0.4363586199912515 0.028311831695422424 0.06927867389382167 -0.02258715272033688 0.04498187590101179 -0.053282744039323225 -0.010690258167835098 -0.06473893644815995 0.043262840684802774 
10 10 10 | -0.43851677852058835 -0.04565943954851116 -0.012575492443663022 -0.06305286177206511 -0.008924971278064466 -0.016397421396254296 -0.09005171793577597 0.037568562031979176 0.004947620387078983 
11 11 11 | 0.11092030714731838 -0.03936069850991074 0.031032163050394992 0.01633025270470376 -0.004796691694047179 0.021415798458267226 0.0039281948136526135 -0.004944917568018986 0.001387839749869364 
12 12 12 | 0.11716587928640865 0.02923299792613658 -0.00019935757583067044 -0.046737598006458485 0.001451381136185994 0.0032336935849421 0.009835875958826892 0.01085565145860259 -0.0003797505790565505 
13 13 13 | 0.12670676964543492 -0.04264043964694051 0.0025738596804488413 -0.022620788448729355 -0.01149680072759937 -0.007081625113108973 -0.006779412430716043 0.004801117945993982 -0.00888692829245573 
14 14 14 | 0.14025440361106345 0.035938012939791125 -0.024154926006357352 -0.0193675161138853 -0.0006344025136846128 0.01659081306717215 -0.0008250559555979343 6.540741958367892e-05 -0.007521927960400488 
15 15 15 | 0.12636850373886555 -0.0022980612532748097 0.04898267035951401 0.0007395948646168417 0.004275247908564342 -0.009597103472362084 0.003669179168915679 -0.010743923186890676 -0.010084514238832306 
16 16 16 | 0.13956457980626813 0.03821323952935891 -0.021822960743976594 -0.018281235715077566 -0.008765700094312476 0.008604627823774675 0.008704889264333009 -0.008689715313213943 0.0032392425113574566 
17 17 17 | 0.13440471922773334 0.00496909549062619 0.018129081981239706 0.045029025216402875 0.0041564510529627 -0.002518762693240144 -0.0002195102877901799 0.019091471784781613 0.008876710584247846 
18 18 18 | 0.13457986011040646 -0.03314295974613969 -0.025574593147510462 0.02369519081753485 0.01320348490652632 -0.005483491352263123 0.009609917344872335 0.005269769468663409 0.011323828932599865 
