-4.7372332867653855	0.5168755622220761
-4.742002288948672	0.5179614881057615
-0.8724499316331312	0.38418584441045617
-0.8746278504963725	0.3849606618097128
-0.8739513988754837	0.3851503233804733
-0.8711004089289514	0.38397451819837264
-0.8734566826732132	0.38674910606151996
-0.8727275337913314	0.38664927250402775
-4.735375849804717	0.5166629610634288
-4.7429366557730175	0.5179854638753418
-0.8745372994433893	0.3852305286969541
-0.8751096161030817	0.38516799001609603
-0.8721498446495062	0.3841327699393155
-0.8711587996164413	0.3840032441400265
-0.8724610779409965	0.38654277225142974
-0.8733179428416172	0.3867074989481535
