-4.74111383200837	0.516979055659296
-4.750026188015455	0.5186616046466498
-0.8654378205810696	0.3813854263040711
-0.8777514542005558	0.38602905677714533
-0.8756596315582208	0.38506973050363125
-0.8698818338855366	0.3837559105176382
-0.869645184432784	0.3861694999830377
-0.867353425386101	0.3855254693402489
-4.7361892598674435	0.5161290311770155
-4.7361024695205005	0.5174210689194191
-0.868074946734575	0.3823535742751087
-0.8774406745641854	0.3854773663710534
-0.8757088851099485	0.3851418699690261
-0.8710409470078921	0.3840463820634773
-0.8764948340741544	0.38742903714730165
-0.8776343584895748	0.3875822135587952
