-4.826999675164129	0.5183707797544143
-4.704883250001597	0.5167521231813251
-4.499167949167515	0.5066895443313552
-3.9748354383565316	0.48676914542408956
-4.287381028062133	0.49770521370979687
-4.656490236216385	0.51339786424946
-4.521087783507142	0.5099037855288875
-6.961319854133675	0.3972472943977504
-0.8363262987922413	0.3770202470451701
-0.8465005481982115	0.37432047277711095
-0.5483339352024963	0.3434988593167973
-0.8199102044039137	0.3719979279389327
-0.828675154301378	0.37649618791757056
-0.8441946656116807	0.3794774681761647
-0.844011734178761	0.3758809610847102
-0.8507633758693574	0.38435548931705255
-4.421460654097946	0.500106117710511
-4.849448109702981	0.5160827980366206
-6.00553814980899	0.4433296829145188
-0.8337703594137068	0.3716927728857391
-0.8282224117911594	0.37230490228153307
-0.8007908690404698	0.3710386639635307
-0.8403010755787215	0.3778386731484468
-0.5791381909721534	0.33010009715686756
-0.5839876609248861	0.3323055844922136
-0.5815479667979435	0.3310961618109091
-0.832419222829273	0.3783434164502853
