-4.731500874209621	0.516151487721952
-4.740503956926092	0.5182424702772862
-0.8746869379923012	0.384355280930235
-0.8716127243724947	0.38372918217229435
-0.8766906218448837	0.3853954812859886
-0.8701754536306333	0.3846095801852968
-0.8755800303670714	0.3871551922370154
-0.8760455420853883	0.38737712311004036
-4.7368902816361045	0.5172697005825337
-4.737388906374128	0.517933409823963
-0.8740967763665191	0.38557099429846337
-0.8729375507660032	0.3849088276467392
-0.8735221665582554	0.38489959294895587
-0.8721883849933927	0.38469977251506055
-0.873335731082043	0.3867965245859335
-0.8771755745577339	0.3875079329040362
