-4.835354560832224	0.5196174674318083
-4.516858508626781	0.5096693510760838
-4.47871678830295	0.5077720445894701
-4.48708761211448	0.508701587617369
-4.562132669600565	0.5097748981998481
-4.559600719210083	0.5096502423678853
-4.21239155996747	0.49145842951587937
-0.8612842336541804	0.3796764812054866
-0.8610373477539486	0.3788834717811109
-0.8639241449651018	0.3791355444161601
-0.8567389364403225	0.37838159631986823
-0.8572135437294505	0.37802201448530004
-0.8494757368095157	0.380805119353119
-0.8503723473267566	0.38246594951867097
-0.8475846513111192	0.3831019489177298
-4.607614525637804	0.508378214037612
-4.78079381095001	0.5202721436319282
-4.09210344857298	0.4875701246372509
-4.577721525655228	0.5166811818087008
-4.134605237670367	0.4968664116732297
-5.889437326723762	0.45932848463751647
-5.736563687209389	0.4432770969287694
-0.865498582638129	0.37949218948132957
-0.8682872441016246	0.3787388814496961
-0.8472861323626457	0.3805595916911344
-0.8374231978479021	0.37911850355663435
-0.8786190220131647	0.3823656616977984
-0.6483794368457737	0.3526545140714638
-0.8672288846052341	0.3861834435518974
-0.8659533522448007	0.38601694402223113
