number of atoms: 24
number of fields: 9
Multipoles
---
0 0 0 | -0.3684266447429012 -0.07019749634450984 -0.058454209542313625 0.011700698799278977 -0.027029605430232532 -0.07774277247315839 0.03777439546393887 -0.03072193030027683 0.025255265341535344 
1 1 1 | -0.39395039604656557 0.07302602784626333 0.06321014009352714 -0.01545449759999064 -0.040147958087663055 -0.09286699434232497 0.01726036861598029 -0.04235811619398441 0.016312371395504406 
2 2 2 | 0.11981357918466184 -0.022068165961528562 0.037927414164356084 0.022730183218889834 0.014198313739442558 0.009995861438556712 -0.002241554083711508 -0.004352770883346977 -0.008682302809632518 
3 3 3 | 0.13021659640579875 0.03589120698891678 -0.025940956810146718 0.024069094801089028 -0.006803423184415042 0.015408823522727022 -0.003606929424081004 0.0057185190353801285 0.00032129786407248984 
4 4 4 | 0.12849150684065447 -0.0015920157538024755 -0.0007762926167471924 -0.05093091355534972 0.007072927144488717 0.00817808823164651 0.007728406357566108 0.009792321521732232 0.007114362004029738 
5 5 5 | 0.13205051837015958 0.023921378747551774 -0.036109790214884384 -0.02605469643583461 0.012183118222381117 0.006687871948715212 -0.0044412428566896625 -0.007099996745699302 -0.007637961671910436 
6 6 6 | 0.12863806078312856 -0.03352812986117288 0.027911294079463543 -0.025199225436995678 -0.009540005131575725 0.01114030095821039 -0.008726387014247012 0.005902750867521552 -0.0030824441832908774 
7 7 7 | 0.12665468170266825 0.0027542195456909317 0.0032056545877075927 0.050390946854069654 0.007709472420931219 0.007327600432324204 0.008053157539042722 0.010809378835609902 0.006832851235497959 
8 8 8 | -0.45841805058312435 -0.04952622906197131 0.04883886336373125 0.006323533589184274 -0.05937551140397571 0.06461491431413004 -0.005408597739490748 -0.055547086629072234 0.019163667803910208 
9 9 9 | -0.34314066591444803 0.028591417391546536 -0.05103311781564223 -0.007301930668826718 -0.033762630537409695 0.09775071862549767 0.0712560258999472 -0.21465939923330757 0.016839072848004764 
10 10 10 | -0.13471045295849837 -0.021075307116967364 0.02552855287255827 0.010276317162599878 -0.13837040533793285 0.007881008611337281 0.10933460315546156 -0.12124768510433441 -0.00336445157432032 
11 11 11 | 0.3800449402109436 -0.07819908326570292 0.11058759973474823 0.019442153592959137 -0.08769405355778702 -0.15236256857060568 0.09417462994525375 -0.07611681546091063 0.04106230520416348 
12 12 12 | 0.07863996571120335 0.03627028162639984 -0.024495993902648155 -0.000716280770815659 -0.0953620321852483 -0.07052953784728012 0.07830859866974407 -0.1939570659089192 0.07220505767250772 
13 13 13 | -0.27458398136326956 0.0206578528424178 -0.006180150797069994 -0.0023409486376272694 -0.1441531348521402 -0.005576771409261336 0.09200667810936074 -0.10904635375158485 0.025646319198512273 
14 14 14 | -0.15724735439696147 -0.0209867901449074 0.009842575763438534 0.01109892270183127 -0.012992277570999576 0.03747254312389061 0.07628849268261387 -0.19860413558672557 0.0157230009010697 
15 15 15 | -0.5875029675702752 0.11053606353480053 0.003301871679201442 -0.03328833604345313 0.10166520839140665 0.0010487816752357076 -0.09431562909322028 0.02980703213661874 0.0037715885760442147 
16 16 16 | 0.15755275017037862 -0.043871287702806336 -0.025525178186095156 0.0053291165385852745 -0.007554292793367158 0.0005015962250280997 0.0016639094123277749 0.014404758092944529 -0.0024884966139027457 
17 17 17 | 0.13811680510378432 -0.007198589506290766 -0.053004137118213966 0.00792642935141926 0.018556212315191282 -0.008778039407984781 -0.006237384989645738 0.002001428355540812 -0.001068294643248031 
18 18 18 | 0.44062092202710645 -0.021870800304225342 -0.0018837247455655204 0.009057028048731807 0.0008476192006261366 -0.010130459699894215 -0.007077474763462146 0.013879367314565128 0.0018121824472774068 
19 19 19 | 0.17110708347040104 0.009926483425853245 0.04974217887356318 -0.0072216124714396205 0.015718364724710533 -0.005560795140816749 -0.008292291995984757 0.001261815085901168 0.0004709619469015405 
20 20 20 | 0.15068086189055885 0.023980355563639155 0.02267447466817268 -0.03490534665960353 -0.008049358171901038 -0.010637283729363484 0.00869793811069778 0.0044948303812205916 0.0026677016699038817 
21 21 21 | 0.14129285856335871 -0.024844630370958777 -0.03690332186721587 -0.015490947097916772 0.009765384903560775 -0.011537703558255596 -0.0019364876922985932 -0.00906768058684111 -0.0033517145814590515 
22 22 22 | 0.14297724050481142 0.04948614997965526 0.015445441043315994 -0.013568775513345637 -0.007234363426673749 -0.008699857462551383 0.0004713274864130039 0.017809111494991637 -0.0032447372981963016 
23 23 23 | 0.14922434618111624 0.011546148386324801 -0.005551041169736999 0.04737933480180174 -1.002873958408905e-05 -0.003666445208384241 -0.01299596784117811 0.004911238231281939 0.00809086867102431 
