-4.7410785220808185	0.5170497525102838
-4.743149996829999	0.5183379643397859
-0.8675138020746814	0.38212828113369446
-0.8728335990301495	0.3840424614927136
-0.8749756400140482	0.38537874156093477
-0.8726012936033676	0.3846455747979635
-0.8708361932355458	0.3861757243328925
-0.8724510958365941	0.38647534995284183
-4.501440575048927	0.5053226504921543
-4.80726564040526	0.5219223918468716
-4.792822693442936	0.520834538824601
-0.8926805568320604	0.3838450135634011
-0.896949326101426	0.38484422996484635
-0.8545127880477622	0.38144610618581265
-0.8673431134016862	0.3844400676934945
-0.8771048226990104	0.3859705331041954
-0.8648633863145619	0.38502648086718366
-0.8590664518600493	0.38474427215056
-0.8595108946947168	0.3855112140551102
