number of atoms: 27
number of fields: 9
Multipoles
---
0 0 0 | -0.050579266852549765 -0.06616942639950263 -0.06153131910548477 0.08032777895028387 0.012643314147639275 -0.047992407035108084 -0.12752209191788882 -0.19742216947143243 -0.024416296539128024 
1 1 1 | -0.4721332691590714 0.013353954125374025 0.029898804967663527 -0.008370557042301665 -0.01934435694965127 0.0030292137801416403 0.03153957411951796 0.025942673523809093 0.005578472074233829 
2 2 2 | -0.6168301030649985 0.061217097755818004 -0.028947392058787567 -0.11982208620415125 0.01672880556546305 0.022234660270100258 0.07108070516576591 0.024634474576658613 0.0281748192971008 
3 3 3 | 0.158117196835602 0.06798133577565707 -0.005051998494779651 -0.006760117847788579 -0.0049324101675067315 -0.0034437008034195055 -0.015819490941874955 -0.012698510557950616 0.006384935346723282 
4 4 4 | 0.16963024496132473 -0.01583475245688274 0.03752114514457087 -0.05760417637612965 -0.011969292222639654 -0.0006061449225376658 -0.01934070211857473 -0.011374637039704268 0.003699416938535653 
5 5 5 | 0.16358356361806692 -0.04752767891538154 -0.00825948805948133 -0.016841458726412985 -0.010646627480179466 0.0011337025682461076 0.004763804907584502 0.008125623562799276 0.00845408984519289 
6 6 6 | 0.15281996568772838 0.018141723070845956 -0.038878529560983914 0.02654491060717796 -0.0011680197482741275 0.0027270038500989296 0.005256640144362282 0.008771326611574412 0.015067663943681975 
7 7 7 | 0.4200737557730112 0.01717028936899258 -0.02630810990428507 0.01708851859147866 0.003412253542445141 -0.00040187824957208516 -0.0021627774008618882 -0.002826043295088114 0.003289344674225854 
8 8 8 | 0.41938854577995255 0.012824579682409718 0.03284426075232923 0.009647034537473781 0.0035403607623331465 0.0029814652716107634 -0.0019953197580135753 -0.004874666247786773 -0.0010299667182865665 
9 9 9 | 0.41703510009564715 -0.0333968399002317 -0.005941865668377211 -0.010106833207849377 -0.004069484750828103 4.200693928181022e-05 -0.002524554199986273 -0.0038017712254843107 0.0009691822402872745 
10 10 10 | 0.2119493175632169 0.02819715777088733 -0.0077944615809281675 -0.043557868004053785 -0.003470278543030971 0.004941704437352783 0.0016411436745340246 0.008099924941165248 0.004254564494302364 
11 11 11 | -0.46439470750351663 -0.04430211777549054 -0.03394188307481529 -0.020183492911110268 0.03717960045420501 -0.06466939166095986 0.004217593731634429 -0.0042125975154069465 -0.049189538243590264 
12 12 12 | 0.3705411265720491 -0.09858814750819984 -0.07320295466908501 -0.06039208348726309 0.06904421637865976 -0.05394013067493772 0.12448074218923463 0.1487785488830715 0.09326741802168959 
13 13 13 | -0.3881627138481898 -0.03524381570809927 0.09020561036786984 0.021709232883870583 0.10092751033422485 -0.18659882180269957 -0.05739324320894267 -0.0013384394801682457 -0.0898253816867704 
14 14 14 | -0.27401635615336684 -0.008231891080946603 0.03648393134990914 -0.015121530474505767 0.06499346127647726 -0.17080136513753147 0.07454291078747252 0.02626293433643972 0.011312259068277415 
15 15 15 | -0.12520141293829923 -0.04444243482966147 0.00462049270944765 -0.01911765658910123 0.08455404054508414 -0.17505591548197605 0.06746727795832604 0.03171724012274397 0.043760306992472534 
16 16 16 | -0.1304071338202748 -0.02781914532269908 -0.006338979796053306 -0.008928935639689462 0.10324366677756984 -0.18648552939059593 0.01605066519886077 0.06037777287294462 -0.09411568321816245 
17 17 17 | 0.09495240082100675 0.012295385288306043 0.04087519320477526 0.005577636787887177 0.12325736389639727 -0.18015736637491206 0.08156762896623505 0.13123673283282467 -0.02995057344592824 
18 18 18 | -0.5755008570588984 0.045780370599067644 0.08671040311366236 -0.07818218627000105 0.005826157344798001 0.0852630294383378 -0.10175442491836761 -0.012091901323545564 -0.03727093606076143 
19 19 19 | 0.12831952990013118 -0.027812249371035085 0.001701962994753359 0.040513942876745174 -0.007045087240120002 -0.00017768892007245473 0.0029308855778587576 -0.011033959251756133 0.02030384756889794 
20 20 20 | 0.4274216594141226 -0.019149606997205956 -0.006537542923486134 0.012249543640410147 -0.0020929565709669946 0.013950762809500328 0.0011761129046851605 0.0050950159311773085 0.010519107954817314 
21 21 21 | 0.18164310392236116 -0.0011623454155679808 -0.01569484385006988 -0.05061600353606389 0.00037452962180471147 0.01432925075459835 -0.007247285191785954 0.0018072609216672557 -0.005704075602420758 
22 22 22 | 0.14856471238003177 0.001964205738796245 0.023684723646682723 0.05035393206506229 0.0021193075579254575 0.019834779657839963 -0.0073158046041985475 0.006375079360103562 -0.0020865367830381317 
23 23 23 | 0.15806900418185188 0.027184660018296523 0.024811686615317203 -0.04252924393130049 -0.00765490667919126 0.00568390208623402 0.004946362062196622 -0.0048629557668107065 0.011487864375489222 
24 24 24 | 0.1575609971316838 0.018847245468097264 0.009851530664348691 -0.04186404113260205 0.0028952521681361062 0.0028087792736931298 0.010661804793641622 0.010135039709280235 0.008027618414804696 
25 25 25 | 0.1505788520681527 0.031524008400083556 -0.024892381843001226 0.027946233156116364 -0.0027506611114274542 0.006123112840156142 -0.008791058368038677 0.01124889199535765 -0.0010105413885597191 
26 26 26 | 0.1645674519976158 -0.028043212143659166 0.03765086315350406 0.01667862980472078 0.007930770248474692 0.010489708720449516 0.0017054390310301207 0.002542133268267329 -0.004326458287422222 
