-5.155724207757752	0.550406195435117
-3.3376963684656302	0.46429774794445394
-7.1486169306211576	0.41273805372097677
-7.188363503969368	0.4170284421703551
-0.8342471878689709	0.3839508163991481
-0.8279278070823611	0.38213511045238735
-0.8354409055900196	0.3856729942073939
-4.862685420785888	0.5221030279179403
-4.053935090269986	0.4852720799620891
-4.1844027195974505	0.5012201410782912
-4.63684266481833	0.5245852704385392
-5.750219097894999	0.4475553633144459
-5.726518388512438	0.4449195789974457
-0.8732485506543576	0.38349767005105856
-0.8792859310186146	0.3882270593349278
-0.8043148557106057	0.3739274294105176
-0.6797021397141942	0.36231925923325203
-0.8550658003799364	0.3856501530174725
-0.8539192653443636	0.38597917556226036
