number of atoms: 23
number of fields: 9
Multipoles
---
0 0 0 | -0.4802810246923306 -0.01798927242852067 -0.0635137439109466 -0.013515472410576138 0.01050416402333269 -0.047963687041567414 0.02260981154845474 -0.07089511328285307 0.01711718614116216 
1 1 1 | 0.14777984357472818 0.009717890721898586 0.04131641123877139 -0.0020096331811412806 -0.17513052095149986 0.04016797697935442 0.028885787123682255 -0.18266705979816147 -0.001684749598027487 
2 2 2 | -0.2112039679332378 -0.01649564881203306 -0.01471355822731593 -0.00924219844769677 -0.034894381977328914 0.08402858178118669 0.021944020395222 -0.1938609368324898 -0.006666303978423379 
3 3 3 | -0.19411472925957263 0.005357230941555063 -0.01628315239916695 -0.004415025158059687 -0.13203872436862596 -0.09212570422531406 0.0208609722008102 -0.1764041292784135 0.006252324237645361 
4 4 4 | -0.12732544122032685 -0.01576695778796866 0.029727082511016165 -0.0019514394812542863 -0.11231374613137549 -0.10864463680143709 0.026679343619055367 -0.16571904908389853 0.007893971445442998 
5 5 5 | -0.12825457619684055 0.037025418169703325 0.007808227065195203 -0.0027220544932484328 -0.010455454914725831 0.048022406025480066 0.011876608090083333 -0.2241041281793298 0.003947622370128652 
6 6 6 | -0.15102917422156104 0.0017392504604719463 0.0268873958656686 -0.006694219207533564 -0.18274840419472257 0.04905045328602174 0.026739241356145006 -0.12885745472839047 -0.00493939873346188 
7 7 7 | 0.1510190479904272 0.031245479186284647 -0.0043604536456682 0.03661603492677428 -0.007817544526026104 -0.006014731666860405 -0.0053753328228381865 0.009083205287576945 -0.005895566100234542 
8 8 8 | 0.14725614721508407 -0.04078868929708981 0.01680312524281518 0.012845719605761063 -0.008146826924747674 0.016618700669332815 0.0028964136449329487 0.0006143960340747052 -0.002240229581063391 
9 9 9 | 0.14412857500904286 0.05026120489211927 0.01237843283420663 -0.006529240043870754 -0.007586689356770866 -0.008427935404831038 -0.0012369328668751696 0.019160068870504175 -0.0006325525942426073 
10 10 10 | 0.1368887348698936 -0.038073603643907064 0.03472417031083231 0.0012567260101835165 0.010419589682158201 0.01676060014943609 -0.0017743762366700731 0.006550289533474669 -0.0025735130224484766 
11 11 11 | 0.13351451061048014 0.036370848565496 -0.041152780198506954 -0.0026624822744126158 0.0063124854315279024 0.015188432595131356 -0.0016134467763028613 0.010612416193453697 -0.0015640169101687664 
12 12 12 | 0.13154108559904953 -0.05337518117040947 -0.014163100448078048 0.0032385062366284425 -0.005217395711593237 -0.006493622245037477 -0.0006670780099017323 0.018150408958044505 0.0002451607897390445 
13 13 13 | 0.13747251671240956 -0.014665133841416178 -0.05193022166159994 0.000511249914259026 0.016897701454599248 -0.008296108396477195 -0.0020883706953791327 0.005488367951178562 0.0007952093731529342 
14 14 14 | 0.15604073658290163 0.013870466385744414 0.009276613778964625 -0.04501616516110468 -0.0036751141012819353 -0.0012117692408919873 0.005353162082476745 0.009030002115925896 0.010856352262679812 
15 15 15 | -0.37143879251761813 0.044066797833648176 -0.011609814689199579 0.08373988434517203 0.013065920913810003 0.029880643687381202 -0.07987208064193325 0.05604731721439365 0.027585846589710483 
16 16 16 | -0.38213895963296984 -0.03725505234772266 0.01695069146210496 -0.0931977555298169 0.02512797714343967 0.018100301530269057 -0.08107327425038006 0.08440425885661432 0.03045621561749402 
17 17 17 | 0.14180791513810398 0.01794475175268273 -0.04158752442463568 -0.026107109927224845 -0.0022359255305321978 -0.0017124097621720037 0.0105465166810112 -0.007247650938292304 -0.005876178194293909 
18 18 18 | 0.12135435350605395 -0.04671775952528634 -0.006041491965888082 0.016888212639510763 -0.01582095807580243 0.001512610651282049 0.0006537585138180033 -0.01005936759731642 -0.0037350780215584353 
19 19 19 | 0.12454633264794601 0.020086784690172794 0.044303438668227356 -0.009284101302398892 7.160014660063541e-06 0.0002037253257974226 0.009376567997678494 -0.015647545597757724 0.0069704231498941725 
20 20 20 | 0.12740864599080082 -0.016836848623562224 -0.047753644607211584 0.0005102583526693571 0.005080915258530858 0.0016347282724567614 0.008650672665116068 -0.011740407750625558 0.01082605648405085 
21 21 21 | 0.12382886676326799 0.0466752711548503 0.013576026929304687 -0.011954074776444295 -0.015899675340973085 -0.00215905394135751 0.0002025734959980867 -0.009090651263854574 -0.004507862375231529 
22 22 22 | 0.119558304243222 -0.028765464334155867 0.03488244344054825 0.02185963125714759 0.004553857056880623 -0.0011933740840449352 0.013107033406829853 0.00011346974338219108 -0.014305142381247964 
