-4.768736474513169	0.5172748666336322
-4.4321982156556	0.5104732974166605
-4.103911698604392	0.4865388538418824
-4.390786516544339	0.5015557783994538
-4.408223982373335	0.49910985359987975
-4.63904076748453	0.5158980782569933
-4.4772689685260945	0.5104122809235253
-4.511735014932164	0.5105704409288664
-4.548868707891303	0.5150436318855025
-5.80676667594339	0.4447787319045373
-0.6231269029309063	0.3507070125998858
-0.8549331851844344	0.37978055946597794
-0.8509234191796223	0.3792690569110009
-0.8639164371168631	0.38163000648915735
-0.8605705691889175	0.38384544844381463
-0.8663692363008576	0.38123528691913844
-0.8606709396075667	0.3791148133599622
-0.8591345987976662	0.37957384620415485
-0.8660653781325512	0.3872503882160445
-4.436574963881202	0.507331064717847
-6.980927001455386	0.39959013904398555
-0.5699296679735647	0.35449910459827166
-0.9128336628752239	0.38714570552715316
-0.9175533611015673	0.3886448050086422
-0.8841619502614442	0.3831355716668449
