number of atoms: 21
number of fields: 9
Multipoles
---
0 0 0 | 0.12429738816520253 -0.035057762104776694 0.07737670725736204 -0.1463827923468094 0.007204791021371709 -0.08406695941436348 -0.07671644240071747 0.005197379050192509 -0.14111272749624099 
1 1 1 | -0.4934597754563841 0.0192549953137415 0.05332062399178698 0.007258737853452127 -0.010767254212152461 -0.027829506967017408 -0.04673310684633849 0.04521610926596598 -0.08486110793385739 
2 2 2 | -0.5917340100630106 -0.07783582539273035 -0.107735558890872 -0.026874644258838547 -0.08725423816611429 0.11777705981751127 0.07778744139491568 0.12247883392881291 0.02606944435948268 
3 3 3 | 0.049477985292279425 -0.04243202304352793 -0.004439750775567096 0.050808824469157694 -0.0042390925062077206 0.007567879118144913 0.005802317124907046 0.01617716806484852 -0.013547285968735289 
4 4 4 | 0.04919894560098814 0.05928579108472166 -0.027666102572465708 -0.004664020667411389 -0.01588981709081435 0.015468627806697999 -0.0175895989941155 0.009260339766117434 -0.0027949674343260493 
5 5 5 | 0.15338806972658436 -0.0400244565895904 0.02355206971175504 -0.008218919409432477 -0.012971065349244642 0.004198452211943904 -0.004642122199871306 0.005737472061902064 0.007580376243621082 
6 6 6 | 0.4109784984750291 0.010143986292566983 0.018837205469484836 0.01047617604283953 -0.01348287104234188 0.002862070609320555 0.0058755607612818745 -0.0006053938159808776 -0.012394321267859196 
7 7 7 | 0.1534542662909717 0.00043562640396344233 -0.03536757672148388 0.03226349672444694 0.0016430781480199982 0.0031601321858755766 0.005318214908907471 -0.005278058178514486 0.011069547094953504 
8 8 8 | 0.1591219921983058 0.027390056849018282 0.004784499872586707 -0.038782826300734534 0.004053825709087522 0.008692455637376258 0.009789703506868844 0.009892035498689689 -0.0004979088221474359 
9 9 9 | -0.4255635179411401 -0.0625399492751316 0.016836093249563925 -0.11000667196873758 -0.11639486958621004 0.01932748747027457 -0.008066546119147217 0.1826878232992816 -0.003629445803269895 
10 10 10 | -0.390557785001727 0.04241403543006042 0.0034721826620505037 0.10080857142346882 -0.043097356528068814 0.006512124102798599 -0.02416906945219729 0.04360385584108153 0.012672144275771496 
11 11 11 | 0.8248671981794979 -0.038988587102952076 0.005629591769658186 0.06106723535374321 -0.1366520971448288 0.02674226010968872 0.062085169863570114 0.18230275794973694 -0.025942395822358508 
12 12 12 | -0.6192017131551051 -0.07440679080920048 0.009241835505999798 -0.02889546014829721 -0.04336522114859556 0.007079735702165975 0.07472494864641367 0.14300943130132235 -0.021550942710832462 
13 13 13 | -0.9648458977043655 -0.01635417146291976 0.0002695217951977091 -0.0019163603677993966 0.03992013966749503 0.005604988334589937 -0.005193042982405401 -0.00822292321905935 0.0013117190993567212 
14 14 14 | 0.16288459342168315 0.008853331093417748 -0.049315521221523675 -0.008529006963803801 -0.005782105454164046 0.005776881034006409 0.003983824194587281 -0.007513597693850705 0.007918309780428798 
15 15 15 | 0.13855684623041864 0.019604581467403612 0.042975440428915435 -0.013844294835662567 -0.01911599098091037 -0.00912867705174569 0.0019214307132159583 -0.011879390111254707 -0.003250515470374347 
16 16 16 | 0.13280978479810224 0.03884778377939394 -0.016282294921663255 -0.0305012027043125 -0.0009284331274522701 0.0027207443921241623 0.01396922473873598 0.0020973899901969395 -0.001973634841355416 
17 17 17 | 0.4264009986458015 -0.017419752225595407 0.0013748969001953373 0.018049778611097685 0.008438052534787192 0.000316496803732874 0.011741139677686346 -0.005820883728629203 0.00023942819579587715 
18 18 18 | 0.4033216962952515 0.025519461257673643 -6.923030394472852e-05 -0.003214592671485217 -0.0037971064881367764 -0.0002196870838899696 -0.0006556158907283527 -0.02011895163479754 0.002165407460157225 
19 19 19 | 0.14440089470889672 -0.01036737490985866 0.04963894542744835 -0.0016166769145322618 -0.001111443052530542 0.009327071457455096 0.010596959075644665 -0.010561389853950998 0.007343562716134434 
20 20 20 | 0.14999199354041315 -0.031158743294054925 -0.03992126472315644 0.008800454309664203 -0.005846720365720833 -0.00825892766389491 0.011832694010957372 -0.00781912175547586 -0.007268605349946447 
