number of atoms: 19
number of fields: 9
Multipoles
---
0 0 0 | -0.14009271045719984 0.005517177023522489 0.009245161442233675 0.09269928888804414 -0.03178923266263609 -0.06518500961034868 0.003722690414800646 0.09740211656463382 0.016430802666996713 
1 1 1 | -0.43343667992105317 -0.07699630538428945 -0.02974603619362018 -0.014045462818475867 -0.015680230877874034 -0.03812651794818652 -0.10099545141243595 0.026005925170135707 -0.04241297857977635 
2 2 2 | -0.4258161479319522 0.06742750174003165 0.027510070027868504 -0.034440814455590905 -0.0010268932524172998 -0.008159512154442109 0.10569655212063102 0.056819536177981515 0.04462329995893723 
3 3 3 | 0.09963864021040247 -0.022173518576310357 0.04276560063661897 -0.020734267582533113 0.01783560267785215 0.015282037263401254 -0.008531928849125087 0.0029864909938966382 0.011181736892183254 
4 4 4 | 0.10947340578914655 0.01531212680445108 -0.04824833801601531 -0.019964007366142393 0.01648303985030107 0.014875807581753017 0.003488403894714746 0.002595090622947985 -0.0049249986315587704 
5 5 5 | 0.13197071825893614 0.021286008077216964 0.008288380029617388 -0.04328218176817238 -0.004475414143001638 -0.003965215738426516 0.015382951618942778 -0.000981915564895607 0.006612696330747835 
6 6 6 | 0.1319161353807229 -0.006750531856966151 0.042091163063857476 0.020444535057292417 0.00699504337782018 0.010270079379549506 -0.0015708759058338626 0.0016676588317047253 -0.015250300872659958 
7 7 7 | 0.12849109216145171 -0.0306131357556534 -0.012540240337394884 -0.03518236183508948 -0.008722572168732842 -0.004657659960243669 -0.01275834510386808 -0.0027531709572210105 -0.004205087869043145 
8 8 8 | 0.1313787727894089 0.024503384951867362 -0.033981018138798495 0.02155782420354648 0.011126454147627354 0.00699876953120109 -0.010141318315979739 -0.0013861968650299785 0.008239375467498828 
9 9 9 | 0.13380708208524472 -0.01998526774474304 0.03691219775130528 0.022533010690433408 0.014587294365176508 0.0035860787403719334 0.007160624808573133 -0.00023452658081264867 -0.010267906623992417 
10 10 10 | 0.1325585065978515 0.015273433879027142 -0.03993446046258269 0.020549681127027437 0.007526444147093884 0.012611167253557747 -0.0007854463597090046 0.0027003402056103 0.012459765492237868 
11 11 11 | -0.3796656062609758 -0.10323681321694606 -0.007021709576233836 -0.0028588813294413485 -0.12385919794103295 -0.0066152173865444835 0.02718907085456553 -0.014426856397383826 0.006130880582020771 
12 12 12 | -0.37590243443477966 0.10139978395277681 0.006235294485541157 -0.019815473197265312 -0.12220563441186504 -0.017626355210555188 0.001182397831931578 0.0038278688580382185 -0.004768605127148694 
13 13 13 | 0.1226288526465632 4.6906465167572675e-05 0.03777370140798858 -0.033448952798380636 0.013677417997257588 -0.008835060735885658 0.008378752701722515 -0.0024727564890709005 0.0039697535502019 
14 14 14 | 0.12999293995901096 0.004693145001235588 0.009454368437036367 0.05023132834463258 0.00821230073654137 -0.00042564300562564753 -0.011918430235346974 0.0037853880668130154 0.0029921377341451637 
15 15 15 | 0.12618233482171737 0.004641973925316296 -0.04702269134881112 -0.016963553303617276 0.008704515458452942 0.014213013701654108 0.003793018773556509 -0.0031894657311160144 -0.004640420420556026 
16 16 16 | 0.12327697409719629 -0.003791151542803715 0.0482701291003809 0.014105786472809705 0.008719324010189433 0.015056906518434394 0.003356659600243135 -0.00297513076781846 -0.002394434692645592 
17 17 17 | 0.1245245352954758 0.005761268784635094 -0.03236675859425832 0.03919172370533405 0.012281882919418128 -0.009448695254761467 0.00928121250239132 -0.0004390267540130518 0.006887903733974845 
18 18 18 | 0.12737118155858673 -0.011878084251012623 -0.01494083935474519 -0.04658622211893269 0.010907879320804517 -0.0026073673700824354 -0.013858565914054783 0.002368530011049953 -0.0029037744374241056 
