number of atoms: 20
number of fields: 9
Multipoles
---
0 0 0 | -0.4978695924093648 -0.058785173171387095 -0.005310171015901249 -0.006850316344913697 -0.09776642512626434 -0.006548660661322246 0.02387309934280457 -0.013914216780900974 0.004834425463920348 
1 1 1 | 0.20735251106018016 0.0854090998595621 -0.045098864132416074 0.01350483372533863 -0.12462676246906615 0.03452767275765284 0.048139370014593286 -0.04499830421282153 0.04178447941736911 
2 2 2 | 0.31895366369578415 0.029955410897839204 0.09255410835920111 -0.059639546259328304 -0.10584130834269843 -0.05088028073865134 0.04737564399553232 -0.05220531898077712 0.12013893195701794 
3 3 3 | -0.2367118380552693 -0.14100503292916955 0.010439783737769787 0.011783342353139777 0.06623284488805745 -0.09645202895383674 0.06531665932120495 -0.02744270481916779 0.09707345779955948 
4 4 4 | -0.5527312033136917 -0.005405856292107732 -0.09044552570698378 0.06541738603983639 0.0387603124460048 -0.10804137928598365 0.10255511375459973 -0.13840114671787127 0.32990728596051655 
5 5 5 | -0.35830192956887963 0.09217462320135643 -0.01874897152243615 0.0008895513950204332 -0.049941586389468585 0.014681616107663132 0.02310923061714612 -0.02524658536603838 0.05596479416936701 
6 6 6 | 0.12509696548782245 -0.04812540895464213 0.04153667480053352 -0.04566493010930229 0.007874979827778742 0.00907331032798105 -0.0008482757037381819 0.006739527539042695 -0.030391816487396386 
7 7 7 | 0.35255379904923945 -0.03284615974292839 -0.014993755497266186 0.011670623826382787 0.005708120627624496 -0.011235517618324996 0.004757037066358695 0.008935002099915147 -0.016519959473912504 
8 8 8 | 0.16495345621969681 0.02829048109031831 -0.045360476144710254 0.028077534842689707 0.028077620954477064 -0.005801574257120133 -0.002306355178833855 0.005188488088203685 -0.012361942496948056 
9 9 9 | 0.15135486535959242 0.007170450110585139 0.00537862809678531 0.047220698803466465 0.0032821663780118453 0.0033942796390587777 -0.012724151466634281 0.004661887190615725 0.00328707277815687 
10 10 10 | 0.16969658655198905 0.0013637828017705415 0.0436304357185825 -0.01966253258486678 0.010426323527288159 -0.007955716564239395 0.0038456550519876246 -0.004527454273326947 0.008905373579297412 
11 11 11 | 0.1527020485345134 0.012693286634478294 -0.03546442620081574 -0.02976642515070053 0.006787337637818939 0.010232401973014841 0.004927941761110774 -0.003055032514260608 -0.003276714580289867 
12 12 12 | -0.3781604779187484 0.018556488653049645 -0.1006940672815798 -0.013342319811171736 0.051881742576245345 0.04939878558272997 0.03389279716268961 -0.12399492774252831 -0.010226313956106951 
13 13 13 | -0.38978873310288176 -0.019882774475193623 0.09944066311595577 0.011182913765821213 0.06568459775531829 0.03553764327723712 0.012745598401462478 -0.08718561223506852 -0.03961032969263747 
14 14 14 | 0.1214163961729291 -0.02987387630948394 0.004266187115557455 -0.040811285818106356 -0.006931234097587274 0.0073129360794807275 -0.005809814324737879 0.00518079954763987 0.012925957899260801 
15 15 15 | 0.1135221512856891 -0.01606460561782648 -0.008942238730571372 0.045046738740202145 -0.005041431765893119 0.003978942157090189 0.009822506612567746 0.013175455512588566 -0.001168415029124011 
16 16 16 | 0.14865255154376333 0.05127059122277212 0.01289984005374367 -0.00035437557127371424 -0.0031693434950032687 -0.011966549801794351 0.0036211310262128323 -1.2565889229952883e-05 0.006312094287496929 
17 17 17 | 0.12759222787666913 0.03356036785165903 0.0009346640796111277 0.03807310295829567 -0.005548220600633195 0.00868131751550939 -0.007049612417175638 0.0067383622500038496 0.013983151170738888 
18 18 18 | 0.13309754392194317 0.019535953077815055 0.011553829077555153 -0.04604721886693122 -0.001296676576384756 0.0019035039373097467 0.005301519198037332 0.01512491775502504 -0.008770619981154778 
19 19 19 | 0.12502709398749778 -0.0472311920566101 -0.013446721779013172 0.011365224773996447 -0.005200673397295894 -0.01727208171497087 -0.0016012708929101878 0.002513136344862625 0.003888859273192973 
