-4.498301515306915	0.5059456957955754
-4.7951141649375435	0.5215866722522371
-4.788314517668347	0.5203105070555323
-0.8900141588306524	0.38085454664091656
-0.8954866499894769	0.38488741921744346
-0.8710227805792042	0.38547232807611437
-0.8659068014576607	0.38454180307822305
-0.8785753218121567	0.38691194796149503
-0.8622811865924356	0.38503707595721004
-0.8646585426169222	0.3862634399261061
-0.8645293301829463	0.3856571219225711
-4.836585296528019	0.5202274356674512
-4.4948462145065236	0.5082995564560727
-4.562082812951298	0.5103426333755218
-4.509555686367975	0.5086488751514465
-4.216242765487429	0.4922311453029465
-4.4806557541135765	0.5074859831693277
-4.558068600267154	0.5096046068439621
-0.8505506234542437	0.3741994062981839
-0.8569107820854688	0.3783898591205892
-0.8628441289133724	0.3782458199924325
-0.8634941822476762	0.3789439064732059
-0.8532487396858849	0.3821038076776164
-0.8498163314138285	0.3818032963834263
-0.8561191985901621	0.3783349775258275
-0.8440121937913675	0.38272387805417024
