number of atoms: 27
number of fields: 9
Multipoles
---
0 0 0 | -0.4172533670398684 -0.050174504676971626 0.04546953374048424 0.06113384259809444 -0.014987541659484259 0.08912028052039321 0.05160741052371709 -0.026843714698473395 -0.05936809060001374 
1 1 1 | 0.25243810522732346 0.02103451568083736 0.0652550237880308 -0.028562970083485174 0.0066289944551134695 0.06933655420578134 0.18541217435724994 -0.000560766794903727 -0.03991192146607257 
2 2 2 | -0.04543390306067696 0.015205990163514716 -0.03350147936435017 -0.0025996404926660267 0.0865596003566903 -0.02612038354799493 0.15561106890719653 -0.12111880857319446 0.07795560911584677 
3 3 3 | -0.012549283083851392 0.04105567415594542 -0.08359513183937138 -0.022548166851518146 0.041997660048969356 0.0324142159276062 0.16736969229212537 -0.07959726833528508 0.01031946527128239 
4 4 4 | -0.09840080089326353 -0.07061508945464395 0.0663370770484079 0.0696053916518896 0.07322634971312517 -0.03761451100090185 0.02937636231009611 -0.11438878722862346 0.06735273470094631 
5 5 5 | -0.2777340230261718 -0.007307913224885385 -0.01633885972902936 0.00388165947877884 0.03977065238709789 -0.04180105662334142 0.17916334755931232 -0.0507106608611137 0.07120727323447937 
6 6 6 | -0.1226143078010482 0.028211043604318163 0.0011567365225579006 -0.02893673761217511 0.0842392163263696 0.03798685263046787 0.10311952463405372 -0.14810285808569443 0.015604652502209769 
7 7 7 | -0.15612800583876218 0.004826783602573026 0.027934645852514227 0.0007131959239744796 0.06559248653389718 -0.032716301601555836 0.14424457812811148 -0.06559216065305119 0.0718404962985412 
8 8 8 | -0.19313734120142811 0.0026990452697766604 0.03923962631924955 -0.00484874276766699 0.006435583116916654 0.07446743905399988 0.18936515427102055 -0.015481386541817802 -0.04692519633644906 
9 9 9 | -0.4313649549402765 0.03804738610828265 -0.05735559104937183 -0.020599333641877104 0.025679471199092627 0.030252924940907554 -0.012320980484677085 -0.05167586122506307 -0.01480512739978753 
10 10 10 | 0.3575910713461842 -0.009161456175443122 0.03504548240783274 0.009346605768803315 -0.002202778304086799 0.005155447443593293 -0.025771573246415876 0.0008996625242160392 -0.006981054873916095 
11 11 11 | 0.15075070235591514 -0.02271327321277052 0.0384221456082332 0.022541101480486807 -0.0011720465327615572 0.008825701832197354 -0.015320711626982958 -0.002441784412415087 -0.010329248161169067 
12 12 12 | 0.1507665664017338 0.03662554877974087 0.029043057149762873 -0.041717171377398 -0.002722706917699755 -0.01396309358707511 -0.022392390267509023 0.00816180866263951 0.00746225434939257 
13 13 13 | 0.13486303289948764 -0.03751323282540189 -0.007342723813651149 0.04063398657231611 -0.010748812562074868 -0.004929968913962615 -0.005823357340363668 0.018657044835519124 -0.000678836817646027 
14 14 14 | 0.13886043499169798 0.02733543756923283 -0.042596643293067005 -0.016764198945559215 -0.001194865124946495 0.01045933718270633 -0.012894588707258391 0.004948427014696897 -0.015157512521337194 
15 15 15 | 0.14063768501797302 -0.006291262499340541 0.029410846862715233 -0.03839941846948996 0.0033752811823409357 -0.007389284370298092 0.0047399324657977195 0.010340127816158411 0.010594517180711822 
16 16 16 | 0.14385616830891756 -0.03184089414981207 -0.03741183127895727 -0.0010766469444597928 0.009795027707422056 -0.008057690767586747 -0.007032543867259652 -0.01285109156453931 0.001547050354645762 
17 17 17 | 0.14139156154270616 -0.013294593933162235 -0.04836195546348801 0.019004361368556325 0.0018270713579362822 -0.009941403746480426 -0.017840752201719566 -0.00031150923585342985 0.008055915572036018 
18 18 18 | 0.13970240032835346 0.04279157228711501 0.0024230002965779027 0.024859310658033453 -0.012037771955517982 0.002477902888984902 -0.007246877091983939 -0.0031931376022494534 0.009264266179919808 
19 19 19 | -0.3773732590369345 -0.08699166138922447 0.018343544588782037 0.04152887402260839 -0.04478981349128856 0.012339763227506422 0.10899763413439811 -0.006872076957805765 -0.0319064942500155 
20 20 20 | -0.38717492849059454 0.0905121040756073 -0.02070718912862975 -0.04630726973149799 -0.09627332259880038 0.03585127338720506 0.0718092362875979 0.006731607531220552 -0.030055281606138573 
21 21 21 | 0.13721170561739748 0.030143816498794666 0.027675013766904583 0.030212902612074436 0.009655035171522585 -0.01523531109160934 -0.0041322544983117965 -0.005701666513491384 0.0011349223708472986 
22 22 22 | 0.1365415892990941 0.003377055881760882 -0.046620599603303954 0.02126282025659548 0.011034253244009732 0.004679149557084164 -0.005181377975386207 -0.01004788767208168 -0.004789723707844573 
23 23 23 | 0.11745269883220599 -0.01466024373439308 0.008679139780651868 -0.047163943079130605 0.016171184301914682 -0.005841796363667632 0.0034515172546339275 0.008057516256541613 0.0017882858153063482 
24 24 24 | 0.12770242353698014 0.019789511465654518 -0.007973633997346945 0.04658330670359299 0.0131976952193043 -0.0039571529381484455 0.0022329568100209313 0.010172022790785617 -0.002291939008541138 
25 25 25 | 0.12151653765392634 -0.003633059633743977 0.04573950763633913 -0.01983945373252984 0.009424280849925038 0.009493025051724469 -0.010213886968482841 -0.00875793122570037 0.0016126109992171968 
26 26 26 | 0.12593265316934388 -0.02037466026402927 -0.04158119261321109 -0.01977401943348306 -0.002172795731694717 -0.015002607508462872 -0.011003244498164543 -0.002747956495436864 0.0015604570002106517 
