number of atoms: 22
number of fields: 9
Multipoles
---
0 0 0 | -0.517561032203087 0.02446188156007183 -0.05335936124217698 -0.02295337799768434 -0.04168128494501546 0.10146222149988957 0.04967007198995415 -0.02347916174438068 -0.014853046931584516 
1 1 1 | -0.231368057003551 0.07981485246077763 -0.10962927799106129 1.7402568182572704e-05 -0.13166969527195038 -0.06253009445000196 0.08715522167492781 0.018188491659394648 0.04048798713160954 
2 2 2 | 0.32826157522085886 -0.10195680158169163 -0.04613748635072055 0.026794729491821722 -0.1111433496584686 0.03244800839887036 0.059046663231788886 -0.10171885589455687 -0.04394331641109412 
3 3 3 | 0.20018647256006883 0.0034487211439140357 0.08809235322252695 0.05116698609335228 -0.014756662109001378 0.0437068992746557 0.030155487026878352 -0.07505123476422842 -0.08098285162559736 
4 4 4 | -0.3581111527376155 -0.03791985865586379 0.0646923814298576 0.04823963676754635 -0.021556365160245176 -0.0011237071031486273 0.04393767173293527 -0.03548729073321056 -0.02737267856036983 
5 5 5 | -0.5470508683697917 0.09653942726848891 0.05996805175608266 0.026344172408872785 -0.3096245952111625 -0.1892680856675817 0.07598885025557917 -0.12143378302893965 -0.05761609286676233 
6 6 6 | 0.1601788182947711 0.03669316455764364 0.043093235027827914 0.007560251401780679 0.003347850468980912 -0.013889971390847062 -0.007116256142217391 0.019254778948297604 0.012797589667673782 
7 7 7 | 0.35364982270495904 0.034708541581237505 -0.012043226480145504 -0.00629146048556947 3.6050320804910864e-05 0.008759102235916597 -0.0003609594628227108 0.020509905422662067 0.0077808658479426385 
8 8 8 | 0.15206613602658137 0.034359873736036474 0.0214903617815163 0.02206693943553738 0.007680665636095364 -0.01319303385216386 -0.006353580070125164 -0.006306775761887497 -0.006978845360113098 
9 9 9 | 0.1809386368787247 -0.022891572973540886 -0.03281823015645432 0.030455661221806863 -0.012218625438479727 -0.005738639043108179 0.009870635492388247 0.004949999583448882 -0.00025288313894986374 
10 10 10 | 0.12003219027376699 -0.0313304925109192 -0.07222191316349334 -0.0053916343509395155 0.02699314286906564 0.007278049474090862 -0.011698582001988783 0.01939565344977369 0.0063251107453599536 
11 11 11 | 0.1431071492635989 -0.008595174392053047 0.01605507854981452 -0.04112785115254898 -0.001092814139146732 0.0045483750402107205 -0.012796922868027177 0.002689616380298276 0.01438374303214359 
12 12 12 | -0.41444659515782156 0.09820286424281119 0.031405581038637165 -0.02574509070365679 -0.03665012383499179 -0.001392921598903307 0.02740991287865185 0.018000606839472577 0.16489467924670875 
13 13 13 | -0.4392027191948289 -0.12352372321437831 -0.03275912280313655 0.022866732456108627 -0.12431007351422846 -0.034032925027062844 0.004787348292679438 0.01818534492733742 0.024689018981965512 
14 14 14 | 0.8817532996949469 0.00021989938907068478 -0.05078166872692898 0.05963933050204901 -0.054231539943949615 0.017324130375772386 -0.02257426729268326 0.0425904564716217 0.18870123097404776 
15 15 15 | -0.8041970141016019 0.00595936538901037 -0.020196030617599975 0.01718399592246749 -0.01736489918917912 0.010252299687075087 -0.011311231285435677 0.01587595858552493 0.08486359342463023 
16 16 16 | -0.8351418778871622 -0.014394239806034706 -0.04504621096568889 0.039619780826379444 -0.014479570384861157 0.03623570810633391 -0.02983794704766539 0.016432740088775603 0.13798313056742142 
17 17 17 | 0.12594359055565052 -0.01001679044020323 0.036210864200581186 0.019157444193813846 0.008252838371282272 0.027315354589340174 -0.00020346778562846144 -0.012549788729007333 0.0003218522143483773 
18 18 18 | 0.14830257690697057 -0.012599692008329689 -0.024756822491193896 -0.03647026293567784 0.010715231033421757 0.0031093674244596133 -0.004048388746019301 -7.317641255779263e-05 -0.0059724644835011985 
19 19 19 | 0.14875139735774212 -0.00158102410186282 0.002817651597705897 0.050137010165370414 0.011725344156185648 -0.0064038292379972606 -0.020883517022775133 0.007177802924890345 -0.0008956446437033062 
20 20 20 | 0.07805960608326346 -0.01488129554441327 0.03184360540410472 -0.024657997607972524 0.019255714197309957 -0.007326246249127844 0.008837265502729341 -0.0016203029229991397 0.022861005555180867 
21 21 21 | 0.1235356996337863 0.005318339647612619 -0.04714700590438747 -0.007503790110012252 0.007608957247951927 0.023232120324789895 0.009909499056185059 -0.000239494184834726 -0.005511819078597904 
