-4.738250230182615	0.5172496531125887
-4.74617007197684	0.5186880662935361
-0.8756775024803858	0.3853544425781177
-0.8740246276065833	0.38509736391221505
-0.8700639884772098	0.3834114166473694
-0.875235307883399	0.38472532153228284
-0.8688893458448187	0.38595317787173117
-0.8686566464036458	0.3859309135034955
-4.736705796750449	0.5165249938252361
-4.748926643996152	0.5187862744239017
-0.8701167146825164	0.3830603904899858
-0.8743450342028618	0.38361454583359966
-0.8749012151347725	0.38517428512615476
-0.8698135950517403	0.3839244736443103
-0.8705625935929802	0.38627039047439765
-0.8705997063068849	0.3861546113723046
