-4.741620739100018	0.516544945966873
-4.74386278368512	0.5187199434229216
-0.8747084501467237	0.385135348556944
-0.8809564680541538	0.3868016161313551
-0.8517963968266811	0.37768728635792775
-0.8747882600547583	0.38523486417765734
-0.8723199905250535	0.3865767782792414
-0.8751721758058424	0.38707476311609373
-4.588490449364558	0.5093644041603806
-4.779262384472299	0.5204958327299252
-4.260698355926667	0.49325588115739616
-4.548417168435051	0.5091010046331881
-4.554806313572969	0.5096666912710892
-4.481547938837354	0.5077650422738104
-4.479471285821988	0.5073891785494071
-4.513848583131655	0.5091643412724599
-0.879981457248512	0.38302876473113723
-0.874377455544789	0.3807958990085168
-0.8720776629239246	0.3848242967971042
-0.8600346789341562	0.3786262521568218
-0.8599776081753955	0.3793260606175015
-0.8639297713528898	0.378901904511781
-0.8650108938894595	0.3790900370318526
-0.8612435828905309	0.3796231116338643
-0.8536079459325017	0.3834321321519435
-0.858507274475048	0.38436174715057986
