number of atoms: 23
number of fields: 9
Multipoles
---
0 0 0 | -0.48178751515101403 -0.030764244328456373 0.044861663731559184 -0.03082516319374639 -0.007382513893915185 0.05104847043753704 -0.07549564340606055 -0.05927654804690381 0.03432722030810431 
1 1 1 | -0.12649585715214684 0.026142442757730422 0.011903057077375066 0.012472609083115031 0.03356761871607547 0.02685144996202233 -0.13098161130182895 -0.1587269824710049 0.10298599019615425 
2 2 2 | -0.20683104119602458 0.0018120881590948349 0.014480365451671301 -0.009469042275419375 -0.07792244406263109 -0.026916256887577046 -0.19959624727543784 -0.054976228733424656 0.033416176725713266 
3 3 3 | -0.16990768241266974 0.02088640243426417 -0.022334291880950957 0.019169838004742118 -0.00012829046136689053 -0.11741758013354565 -0.12928950945548906 -0.13971477099568674 -0.02217569653957244 
4 4 4 | 0.14957788384169568 0.01850691584923996 -0.018660520938135867 0.020021361089456655 -0.012210305369290825 -0.09013336912800098 -0.174625053484065 -0.17658005344593036 -0.002736000645346259 
5 5 5 | -0.12327124206506213 -0.005605746423436496 -0.0340269068363529 0.004946384126771887 -0.06888883090666399 0.009544829618801076 -0.2117070823121282 -0.047654153044632414 0.04218423871694377 
6 6 6 | -0.2033296743099795 -0.010152575003878209 0.0013968522183641337 -0.01558735198014766 0.043798909522610875 0.006586378242526997 -0.13706381207719034 -0.16085394653178667 0.08096555986874579 
7 7 7 | 0.13976958982577325 -0.04478815313582346 -0.02178444414853427 -0.02684824535992785 -0.005188313628601039 -0.007379081389002888 0.005691559775962614 0.01102589497984925 -0.009015942895391878 
8 8 8 | 0.14605452494435456 -0.008853265550306957 -0.05147198164101609 -0.0006031606804106796 0.009842821886276342 -0.0012716995624206418 0.01806619439876104 -0.0036718705607263914 0.0005751660822894107 
9 9 9 | 0.1410637147342958 -0.03454286134543896 0.0329821916501077 -0.02778746063113218 -0.0005317267916485543 0.013579629839021315 0.008045858488819313 0.0110016791028466 0.004999922615935015 
10 10 10 | 0.13552071980135683 0.009137744520578197 0.05509431771813266 -0.002131862861734652 0.009196241269816722 -0.0024664100668468163 0.016890360780808352 -0.0018894324412473279 -0.002437188693063704 
11 11 11 | 0.1506606489416925 -0.036161843481420854 -0.018651382067754345 0.026394185779785685 0.010439876620813216 -0.008430005667576455 0.005915745778191618 -0.004550163610050904 0.008554111853604492 
12 12 12 | 0.15009775095982447 0.02298619987185821 0.0310760001234942 0.024074140102844543 -0.00392064652301699 -0.014450683118332306 -0.006058574231050612 0.00012977989255562777 -0.009783616918057632 
13 13 13 | 0.14194114257842927 0.041417760219581795 0.0233284284469154 0.021195354736747093 -0.008354355230870872 -0.005093744791855057 0.0019304575736406348 0.016645942121300047 -0.007852174525873275 
14 14 14 | 0.15596136550420403 0.020150245623900425 -0.021006612625042182 -0.038046433355625915 0.0002691443995495373 0.003367785727528788 0.010392606184781859 -0.005861351349008459 -0.009595804472573867 
15 15 15 | -0.37260226650337636 0.08754177223502675 -0.04966624806327271 0.03052698473528981 -0.0618292501171654 0.08284903423604961 -0.0630093134587471 -0.01033475415833475 0.04463195000191116 
16 16 16 | -0.38770774697230337 -0.08270185335461228 0.053321723636026996 -0.03672388260452319 -0.06657211737367105 0.09364617446101259 -0.03505834478013177 -0.005161764489699326 0.04241995772138401 
17 17 17 | 0.12228373332158304 0.002049035587730684 -0.018309900090199196 -0.04721742495873538 0.008485463900363055 -0.010372177974661417 -0.006816572023756226 0.010411449509389029 -0.0006570713543586795 
18 18 18 | 0.11862756685697518 -0.02959019299301471 -0.019644256621474128 0.03443063324651489 -0.005967737224963965 -0.010949370925472317 0.01278762202433486 0.0015230224992460854 -0.004117174472885114 
19 19 19 | 0.1299098874698884 0.016154066848200224 0.04707692781172136 0.013891650225354742 0.01327761435243433 -0.001699250480918545 0.005845682364076054 -0.007013234301150862 0.002685447488022896 
20 20 20 | 0.13462629013268512 -3.581788797590663e-05 0.0278469331620558 0.04445082692838218 0.0046497203123246535 -0.006247220691295288 -0.0033002653011658337 0.00824830246435045 0.0012718494583830757 
21 21 21 | 0.12800756244863287 0.02940720689216221 0.019153312667046386 -0.03624450860894956 -0.004898060746052473 -0.008341666894935837 0.01407828546368719 0.003820472302450268 -0.005224755452466032 
22 22 22 | 0.12537660903088244 -0.023706782086698464 -0.04514230198097949 -0.005188161167750207 0.014841935398894853 -0.00138304892852914 0.005859228862793182 -0.009584204801925754 0.0004714360299711207 
