-4.023184779781002	0.4923219809667577
-4.87496254745552	0.5226366453649187
-4.939825405283929	0.5278315352997969
-7.002862911736961	0.4014867344797865
-0.9656931664441114	0.3904732582141561
-0.854095666046291	0.3812038690014085
-0.8302460322459745	0.3782023097590432
-0.8561594433331813	0.3841506337584963
-0.8248163309725356	0.37596014773542963
-0.5819799771360896	0.35565922642361486
-0.8304054236347599	0.3797763774511061
-0.848015965662189	0.3832821021719235
-4.82483962018359	0.5201992091307345
-4.698406101850663	0.5179470124825049
-4.49325482975004	0.5069223195490034
-3.9516017865296487	0.48583201611423243
-4.273807144033511	0.4955498521569107
-4.6425003974789645	0.513014041870784
-4.512091625491599	0.5096082277122375
-6.97738224630243	0.39823134589191284
-0.8454079149211692	0.3777460771596206
-0.8597570023001162	0.37850218016451503
-0.5518655110405308	0.34536805483932953
-0.8277348315043727	0.37396250739481074
-0.8568800570106567	0.3822306110325759
-0.845837102815324	0.3816805984741035
-0.8552489941571423	0.37861139421073364
-0.8520875132765063	0.38419101954457335
