-5.033220380559605	0.5266162794904975
-3.4829539106475145	0.4629915681584451
-7.0269331464597435	0.4034254523266282
-6.291041376236456	0.4609256601355139
-0.8020734044390669	0.3696638760154925
-0.8058965770998153	0.3751273612929127
-0.5710889532479161	0.3353314125501453
-0.5892909445092327	0.33792623246074105
-0.8511667015772355	0.3851112335211959
-4.789163956719619	0.5172899482738764
-4.4045231048190105	0.4973808604097002
-4.367077020864707	0.4988345203393787
-4.103193548456149	0.4859642149857385
-4.4333382536068076	0.5096177436845986
-4.510669945487897	0.5087533245946415
-4.6812380870623995	0.5172363721296567
-4.564344414291726	0.5145302485771084
-4.469440493068205	0.5087475650090516
-5.803349430401724	0.44546363394090477
-0.8509300441794926	0.3761638849606312
-0.8549704835127638	0.382444168932096
-0.849272091470195	0.38115809824249075
-0.8508077700889953	0.37970495006576027
-0.6409503078397787	0.3501066507671726
-0.840800962119658	0.37784153119261643
-0.850216982842526	0.3780643201252771
-0.8612484440287053	0.37969198050480996
-0.8543696174739925	0.38513747980795815
