number of atoms: 16
number of fields: 9
Multipoles
---
0 0 0 | -0.3796830339373285 0.06043171406730775 0.029606889844564253 0.08036647384594274 0.0021630055269519057 -0.04737822654694868 -0.10211445227994527 0.04802779801834284 -0.06733083483110865 
1 1 1 | -0.37271571877723364 -0.04744010468346262 -0.045579744363734076 -0.08049974062133196 0.0026794014713644966 -0.03072325424616892 -0.09452963710231495 0.05492795744900586 -0.050966935066081825 
2 2 2 | 0.12408430617151112 -0.008264252988170361 -0.04509505635413488 0.020582958808760664 0.001593288405922237 -0.006702145009212008 0.007317114397552153 -0.015142559273667965 -0.00039321011334273186 
3 3 3 | 0.12406899410449701 -0.034465157196333814 0.036163905290831216 0.007943309233592676 -0.01038150589266954 0.009578276481712673 -0.0008091068306419568 -0.003089647259078611 0.009711255918105795 
4 4 4 | 0.1328617309874437 0.0358159271274724 0.008750142497676581 -0.03631479524686305 0.0022953496539236075 0.005877768141046152 0.012117654011480114 0.0018076707367047874 0.0018449463375006057 
5 5 5 | 0.12364328826955984 -0.039792998010137186 -0.005456102174817171 0.0312195031256152 0.008590752052123656 0.005253773787551606 0.014496270329360416 0.007466543895129934 0.003961807241177798 
6 6 6 | 0.1207887357370867 0.0022692038947121603 0.04592857164808701 -0.021383179201522405 0.002388872885996076 -0.007096256624582964 0.008607284397516119 -0.016806212923270194 5.959928333445664e-05 
7 7 7 | 0.12561432245922521 0.04104370745694661 -0.029436960284461158 -0.0007340851572246943 -0.0094853207941529 0.009338355379570638 0.00207604704573264 -0.00484104488462988 0.010959259490067997 
8 8 8 | -0.3826773959161631 -0.026993214451587803 -0.06874393875505169 -0.07185926393414634 0.0441291012752233 -0.03941519724047144 -0.04850037949588696 -0.018481270794548657 -0.10032923246831933 
9 9 9 | -0.3813481136932628 0.028893417689281716 0.0737139126448934 0.0644058453303617 0.046181200003534595 -0.039512434888429454 -0.04165112181986454 0.000948232485155656 -0.09928781067162386 
10 10 10 | 0.12497093005881699 -0.013367389074857908 0.038084104043005634 -0.029893258716438095 0.0023791258399017455 0.0040952843778889626 0.006180446297332438 -0.013694559400803425 0.009723926790066225 
11 11 11 | 0.13520515133726174 -0.03244311651732283 -0.01724462511411504 0.0374176470042003 -0.003315353413664907 0.009075350795817227 0.007612566243694153 0.005183297409363191 0.0018724056943251971 
12 12 12 | 0.12384239402157426 0.04761002092429524 -0.016453125428712738 -0.00100001237697859 -0.013978174214693447 -0.0019289765845841036 -0.006636011068993818 0.003191840045774127 0.009684305330353382 
13 13 13 | 0.12667170353996926 0.015080142760651094 -0.036577454922373215 0.03159919622788995 0.0023392449257771 0.005278783163440267 0.005098452339321636 -0.014174191736266271 0.010235335735283324 
14 14 14 | 0.1268894499070784 0.031867023242373685 0.01713064069164009 -0.035757980385125995 0.0017275575131048063 0.007749232988452931 0.01032543429237929 0.0126306911080667 0.005131980513687835 
15 15 15 | 0.12628116211004237 -0.04879800252646855 0.01379268226413507 0.002383903449724191 -0.014958613714198193 -0.001732037243316752 -0.006035467315293738 0.0024932444654983937 0.009082278236812487 
