number of atoms: 20
number of fields: 9
Multipoles
---
0 0 0 | -0.18283329610051613 0.1510081473203482 0.023689197813662917 0.059591300411789075 0.09096437200153293 0.04381898340485563 0.03310679106135515 -0.0522113275847625 0.07468246707900268 
1 1 1 | 0.9346220340329232 0.024873374158995622 -0.012168131827481433 -0.030138155191486035 -0.034339024005046064 -0.07803802452736074 -0.008757655483094342 0.04072210583016379 0.09666543238389957 
2 2 2 | -0.5900563456839452 -0.13672682799787295 -0.05476790071227657 -0.0535789543979912 0.008669981956914255 -0.05722909972056049 0.020128042666790524 0.019377906047134692 0.02227807256843043 
3 3 3 | -0.9282989044325287 0.014973918936146198 -0.048559148238842983 -0.027496399403832843 0.06703775126968795 -0.03764936730976273 -0.014418116907276287 -0.01266790532865948 -0.08170961487676252 
4 4 4 | -0.9250497735898175 0.02656465289259716 -0.039804403749567265 -0.010471378324293866 0.028437758461475504 0.036529900061583666 0.010970845800757592 -0.018069797119622824 0.015504537978596859 
5 5 5 | 0.442066773755319 0.00800196672460808 -0.01358083107819153 0.02486858260705405 0.02054910659156659 0.006453617499602779 0.00022282551992867486 0.008255641666886646 0.001876007367442361 
6 6 6 | 0.15865500605022953 -0.007991388222983597 -0.056140387074978884 0.02424553982584828 0.016177635538433197 0.001148421155778675 0.011242743869828877 -0.00023204606098276373 0.0015095808919198112 
7 7 7 | 0.11837644884329623 0.0011879593516985398 -0.011743154043198992 -0.05976031512526609 0.023703787845569847 0.007878437522448972 0.007085067914074056 -0.00438231364409423 0.00892193464714973 
8 8 8 | 0.42683729818812366 -0.027628786279245313 0.005611677470177816 -0.003639757407598128 -0.0006991526725427477 0.000520244517062882 -0.007904848876616624 -0.009045701447511153 -0.014693653174956457 
9 9 9 | 0.42221125133327286 0.02200873466539918 0.0071971175043501244 -0.01540216678257969 0.003653108488631139 -0.005886799849300837 0.009285799243174304 -0.00890047658092761 -0.012129755514310978 
10 10 10 | 0.46954173049236947 0.002600156117424651 -0.007292678004961549 0.025256945984608325 0.014604297897758885 0.008924872619563809 0.0017872585773660917 0.0020049773662879807 0.003148470742937781 
11 11 11 | 0.41776414337849954 0.02444552088385718 0.00977090190217315 -0.009720104263011073 0.006638004421772386 0.0032546805307596006 0.013630410909755072 -0.01224244645913896 -0.004761787304108169 
12 12 12 | 0.12508110671807582 -0.03828879952417726 0.0382669987977954 0.03290709788935479 0.008790436188690921 0.012458100344544493 0.011584399353852335 -0.0025967308643737785 0.01296553923176774 
13 13 13 | -0.7163975616979492 -0.004413745120651431 -0.014529518837542037 0.0066797151946881034 -0.11737558468178001 -0.024222150881118697 0.08425694608654405 0.0580312054390083 0.04744764084061177 
14 14 14 | 0.9350682424982297 0.05140712382224017 -0.007597964727898476 -0.05364434003420843 -0.13129303607714832 -0.03594500562206707 0.022925070915370743 0.14857428845280693 0.05090513804297135 
15 15 15 | -0.8715629014975761 0.03882794669123841 -0.04909643172069357 -0.012934806075786816 -0.10446184473437707 -0.029307280496350632 0.01794076046912975 0.0054657600423883386 -0.02550106377206633 
16 16 16 | -0.747917534979436 0.055510822416785344 -0.015140276644411397 0.050323158338770206 -0.10041195215722448 -0.043956999595004806 0.06818141768635114 0.10186213239784427 0.04267106559956759 
17 17 17 | 0.1808674190527223 0.004344163896368454 0.0338318840808309 0.02291954061216994 0.005721331520589141 0.010201786419269467 0.007029309948663102 -0.001343486473945867 -0.011068732131068935 
18 18 18 | 0.19052066227660458 0.01188782367527092 -0.03200668269586885 0.022701217080116208 0.009179596728875646 -0.003856693582631911 0.002756608599845146 -0.000659535485644595 0.012930685832841836 
19 19 19 | 0.1390356693559769 -0.020628475852543026 -0.007356299709053541 -0.03012285961973919 -0.015605338654982722 -0.00266727113410236 -0.0189123459529539 0.0059069901247738735 -0.0020385170851586 
