number of atoms: 24
number of fields: 9
Multipoles
---
0 0 0 | -0.39482319466413607 0.10651639614167019 -0.015482095867472503 -0.0006733737784573142 -0.12019400173818376 0.04916646243709905 0.0013718039602821708 0.010319046641201235 -0.013504960472462616 
1 1 1 | -0.3854935402569515 -0.10024997879173432 0.019165346988987156 -0.0029146995471021893 -0.10827470408283754 0.033237374728964666 -0.002959111912872462 0.01801516950259098 -0.0100857712918691 
2 2 2 | 0.14396948211294613 -0.014571607351435178 -0.05142941591243214 0.008170340533440174 0.004598056105503739 -0.005563392397760637 0.004534015788217523 0.004134053906396842 0.0018242666092676873 
3 3 3 | 0.125851563057091 0.0027006445230121773 0.032031511742824655 0.03802415800352337 0.012857368194004898 0.00390294497330393 0.00947618871958188 -0.0008239218465033923 -0.007389540266933001 
4 4 4 | 0.11786946408148324 0.0012068989298870908 0.0190905494945836 -0.04616281326795067 0.01122297178361409 0.0020469069228341336 -0.014846345689959066 0.003438421877882478 0.005287074128894827 
5 5 5 | 0.13191402608370661 0.011798583074978265 0.04912480322010552 -0.005093057245889637 0.004407791989378475 -0.016739518070318083 0.0017351492411830341 -0.0016209432495799595 0.0017541595506733185 
6 6 6 | 0.13098231742110444 -0.00316152366477493 -0.03419114889880441 -0.037571871565874125 0.011703979947787466 0.00448776242251459 0.00842754025311123 0.004227333347428931 -0.006933283678335153 
7 7 7 | 0.12976961914838725 -0.006805929993826779 -0.021338252994104183 0.04702664222566837 0.009160188276644093 0.0038450200576130252 -0.014313778048939416 0.005225161601049347 0.0061880618693918536 
8 8 8 | -0.46257005386325645 0.027575886544578328 -0.003190187043806577 -0.0639378414187768 0.05149263318836411 0.044919915670859 0.049632655102426426 0.06986749364266365 -0.011505823926819696 
9 9 9 | -0.35105499312478905 -0.021420821718299676 0.02568304550912622 0.04317680309837717 0.09125101087792731 0.16360123261795956 0.14330155313806686 0.09649037116812686 -0.004663889548447786 
10 10 10 | -0.14512318964400084 0.015041945684077455 -0.006449754424727673 -0.024102519775338133 0.10473304216927275 0.1110914667741488 0.05406620933799029 0.04703460070192023 0.12100597477004656 
11 11 11 | 0.4009884024509027 0.05516429408577001 -0.017745931821103064 -0.11863884850316599 0.05812685443901681 0.1670784147490155 -0.04358603801877105 -0.07680376196354004 0.11589690231123745 
12 12 12 | 0.07543956076864067 -0.015833688145682864 -0.00011838777131732768 0.03897648959966525 0.08491904187693534 0.21491211943016542 0.05385112606163139 -0.012721914776034442 0.07329030230634938 
13 13 13 | -0.2841708980572317 0.002657957740348701 -0.011819358584060876 0.03472090092918486 0.08556815612860531 0.11306269766570207 0.04383457271944271 0.0586835756738757 0.10577669671918251 
14 14 14 | -0.15161055993564965 0.015996820705140028 0.006301986364609835 -0.023416117416681554 0.05339741581193678 0.1501859178256003 0.12258936072546223 0.043979611412414917 0.014519178523033874 
15 15 15 | -0.5948499259893776 0.017031104216280176 -0.06608234397547745 0.09085342001688886 -0.06200442416200652 -0.03968829180018292 0.013823826620985573 -0.02035268022658481 -0.10697480329170268 
16 16 16 | 0.15834231773472507 -0.019771360690978384 0.041364253057221134 -0.02070307624256442 0.003027176705311077 -0.009233860380844254 -0.008687010495555019 0.004742029696237561 0.006991207859308876 
17 17 17 | 0.14128500253066412 -0.033236612749291065 0.0388036069779602 0.018404505118135864 -0.011781394650692958 -0.0032216449907499518 -0.001542119714409929 -0.012589190357256948 -0.013365128093490206 
18 18 18 | 0.44771701609135683 -0.00536377093017936 0.015442832326382397 -0.015059836279360764 -0.004178582237316221 -0.006388162549482698 -0.011794811629162594 -0.009113305699405848 0.0008711758307696653 
19 19 19 | 0.17043843725043561 0.03681187147648345 -0.022487801782023448 -0.026412744825558325 -0.007971608432960986 -0.0007662965551585964 -0.0012879287790664865 -0.011409778792500921 -0.013257399085352584 
20 20 20 | 0.14894909435498493 0.008606450741968549 -0.044743675338513964 0.010080211542767616 0.0038774428112818508 0.00591742271257507 -0.007383527653760075 -0.010502952382460282 0.011169682391886624 
21 21 21 | 0.14707542058610557 -0.04678532370795154 0.005385141571669733 -0.013060318746938797 -0.012539732640750733 0.007035984738124605 0.005975960223490938 -0.006016600261083567 -0.004102387100833711 
22 22 22 | 0.1449916761308634 0.012546401322030512 -0.04268413530738492 0.030327892009954355 -0.0004997006635338218 -0.010160182013200368 -0.014302036114704002 -0.0029651817317545644 0.009412538552560187 
23 23 23 | 0.1518730598714354 0.02887680804047457 0.03645369562684668 0.01608543303749866 0.00307410022182782 0.0009187565541413695 -0.009147536207894063 -0.0019263763042226215 -0.013368269030242646 
