-4.833954179639265	0.5199079191172925
-4.523202436280587	0.5084209625325905
-4.476682751176851	0.5059749823377585
-4.483859952018463	0.5076202137220921
-4.558896799699372	0.5081299049858949
-4.558198211452461	0.50813431945845
-4.215641770455585	0.4905784270391904
-0.844860345039714	0.37448247153734543
-0.867122194846056	0.3801700756164654
-0.8644009898567344	0.3797808931792666
-0.8644066812865279	0.38019227676517814
-0.8579812900176819	0.37738538478963507
-0.8582424548855082	0.3831340625878076
-0.8490016628787694	0.3812481093178807
-0.8509397931640417	0.38434152130218446
-4.825298679527454	0.5199757270648702
-3.980452581759639	0.4876769078393421
-4.696541323748676	0.5201831812589869
-4.6290279275720065	0.510721906339682
-4.492447660604562	0.5076138027561756
-4.513347193802475	0.5079601787980407
-4.2681544608233555	0.4936600838180643
-6.963664757805765	0.39760136813786606
-0.8400317813675573	0.3774270108481361
-0.5578384679862971	0.3482472028592975
-0.8310788214590998	0.374212676020022
-0.8601041287236888	0.3792276608015093
-0.8587522746496766	0.37834410860382345
-0.8534080247860347	0.3822217691778788
-0.8523446352089257	0.3824157939658624
-0.8478821157421245	0.38325160602096986
