number of atoms: 28
number of fields: 9
Multipoles
---
0 0 0 | -0.4171059492272411 -0.021190236931167283 0.010939213934203142 0.08906448704236254 0.05755395074183203 -0.004271033787274711 -0.00941801898721326 0.10591063764718411 -0.02475761909109991 
1 1 1 | 0.25415673423733676 0.022082350244518222 -0.06900451734995168 0.021176388696252723 0.1438687600913285 0.07312095145616448 0.05253689704565207 0.09404922464794928 -0.06981264893992101 
2 2 2 | -0.0437672513529721 -0.009856939346749935 0.015700851758733248 -0.033646213226251054 0.16912352704259465 0.14280550470954984 0.013831376009357741 -0.0449847151972167 0.05863308178571253 
3 3 3 | -0.017774785037956597 -0.011401803209155634 0.02342306306862654 -0.08994171802028839 0.15190555040776316 0.10630489344975279 0.007321769922551263 0.03626749106026017 0.007301987768119866 
4 4 4 | -0.10242241128435214 -0.02568966070043718 0.016067658221049427 0.11377518233586106 0.06818546084513921 0.074527303373489 -0.012179089713252416 -0.06384169372661734 0.11057152396939954 
5 5 5 | -0.2917198499763938 -0.007320776502530117 0.018750579105953118 -0.002846925231408634 0.12623124732932756 0.11775108781114073 0.00959618727649419 -0.06894986137074029 -0.01713618071383753 
6 6 6 | -0.12246538034241894 0.013089461343671992 -0.032409778152344026 -0.031831246021302155 0.15052496165101897 0.0910185573996309 -0.01844626936768988 0.025782256576864525 0.09790132712242111 
7 7 7 | -0.1840047564953151 0.0034463389894137703 -0.02708030741551848 0.026441769998523212 0.15089587049123712 0.07774192720651986 0.047945283848083 0.10448189110292905 -0.05895314415905104 
8 8 8 | -0.15441411551730333 0.004688761369504981 -0.024486362474868024 0.01605059642842006 0.13448652950032408 0.12990192327715774 0.02825967438540438 -0.05251666890832639 0.007019896525863916 
9 9 9 | -0.4233827772328578 -0.000164819762769265 0.015667414969180518 -0.07053211275949484 0.03077454255565102 -0.00014585760843078101 -0.003930082870553245 0.030483902563881313 0.05801167106188854 
10 10 10 | 0.14212520313088373 -0.0017661803325129224 -0.0023865842391235085 0.04833038808170636 -0.008771308820473389 -0.013938496582009043 -0.006598857246618602 0.011987706816331758 0.01124009346956373 
11 11 11 | 0.16123488941808362 -0.017158088316958683 0.04471563414037972 0.0360533744348112 -0.014863146512804383 -0.008069762510990394 0.002150329257996928 -0.001237525148113192 -0.011730241248426261 
12 12 12 | 0.3505888667941094 0.00618164719832134 -0.01558962429440559 0.03364744268138341 -0.017954213320372565 -0.017827065691334493 -0.005311659385952179 0.005788606636703263 0.010543489917559016 
13 13 13 | 0.14123712408190503 -0.013332992785255182 0.04878063053998219 -0.017599367022820885 -0.01284295639050476 -0.0043947192735296825 -0.006495868302164967 -0.013218936138191698 0.00874171128509176 
14 14 14 | 0.14882772499095875 0.020047810574095843 -0.0558165116367996 -0.01994223073614502 -0.021926370879824582 -0.008803276426551399 -0.004995242518212037 -0.017394717819139115 0.0026055507021483237 
15 15 15 | 0.13379509741868723 0.0028243586555124142 0.01209963784895453 -0.05132182159235431 -0.010389671003389323 -0.012246205444474972 0.0006825543496879568 0.01676488595155385 0.001227863976325413 
16 16 16 | 0.1381684039073865 0.0434489843843448 -0.023525518651621294 0.00528412860509773 -0.004777426245421797 0.010352273820596744 0.006011898921319337 -0.009716115838855397 -0.007851501529347391 
17 17 17 | 0.14112966247056857 0.007571250440338808 0.04776977610918796 -0.006565709857469799 0.0028963670836652093 -0.0005484039387656404 -0.0004862342886664229 -0.009466112659225047 0.017732316969310172 
18 18 18 | 0.14134542028767827 -0.043915982659241445 -0.01948614976739797 -0.012137778541638503 -0.0027930607021049783 -0.004741889702199274 -0.014892221733059416 -0.005085815983599753 -0.004664461582243872 
19 19 19 | -0.668441991794654 -0.025066163989586082 0.004139165389125598 0.010516657399228455 -0.03448193084075998 -0.027562004067210367 0.006186610668772979 -0.02764714060641629 0.11191580189667469 
20 20 20 | 0.8552868295901108 0.047527180516335595 0.033802544299771455 -0.005348067405803061 -0.10058776671289 -0.04698214332330867 -0.02677324079280448 -0.09140791061521389 0.1757652647080844 
21 21 21 | -0.6426265529258917 -0.018752443341614418 0.07890558494723333 -0.047504723839451306 -0.15537073451560213 -0.08718546295511136 0.00019140400782091866 -0.06715413623038534 0.07474495706747787 
22 22 22 | -0.9359700772823665 -0.007412109826331452 0.013822939302566863 0.013787031514188516 -0.019226459351310326 0.02238710284966926 -0.032640066057516286 0.01571683256627018 -0.022179456163951315 
23 23 23 | 0.17021836649968547 0.005548532812106765 -0.036035084373604094 -0.023086482401496113 0.00879285378406877 0.007644754838901295 -0.00154270663359604 -0.008596208247460047 -0.0024729611387125806 
24 24 24 | 0.20709292400921464 -0.03230719457491582 0.020638040603544128 -0.022211239680276915 -0.007281920154522578 0.006033808774492323 -0.006392448822717461 0.000986618851185893 0.0020354201538564268 
25 25 25 | 0.42348535470272053 0.01666214121285583 0.018498201214118846 -0.008102757416676879 0.0024341711555997494 -0.008804688907081491 0.007499629293050929 0.0031031788317553224 -0.008099405918552783 
26 26 26 | 0.40891118353347167 -0.0007334522253376874 -0.02283099237415713 0.01369268826109605 0.018050594954561263 0.006305440263927763 0.002270797981343527 0.003415129516208341 -0.006613302150431844 
27 27 27 | 0.18436643100555317 -0.008794421233331037 0.0026762954096382773 0.042912122088193595 0.007306760047691018 0.005497894584471283 0.0022640097627229954 0.006765354256460411 0.006583464251945669 
