number of atoms: 19
number of fields: 9
Multipoles
---
0 0 0 | -0.1344113488349361 -0.04842191605342397 0.0733477335261342 0.02671774645921306 -0.056903976284622036 -0.01215729150533753 0.008460084965761736 -0.09187261183846103 -0.052575318953782986 
1 1 1 | -0.44029225823342966 -0.04333523096827909 -0.0638330842476614 -0.01685070430492189 0.05404085728896021 -0.026839324803529296 -0.010469089913500148 -0.08912165581334117 -0.042875060551449504 
2 2 2 | -0.43834804902389024 0.07784407099199252 0.01465420947736659 0.00015884924985236628 -0.10290075483673922 0.043930643939529564 0.03490913680297924 0.00022143214276794967 -0.00987628324372109 
3 3 3 | 0.10812495629882335 0.007891153263691003 -0.0029263388086925644 -0.05355709199280512 0.01222407729373352 0.007368547367171864 0.004041457922887171 0.010532198041822226 -0.0034139132403768735 
4 4 4 | 0.10254181528801032 0.014957912216293558 -0.028243895371450823 0.041984747017415745 0.011668532235844598 0.015373290181658575 -0.006011175563363677 0.00344933231911631 0.012890851152520012 
5 5 5 | 0.1336371454811217 -0.019671587298045672 -0.0004390997895684011 0.042929755445268274 0.00538216411554441 0.010619922522343662 0.006116426832926993 0.012380739755527153 -0.010917106246137011 
6 6 6 | 0.13272607472276154 -0.006733357437274049 0.03587944672074818 -0.028981437828299497 0.010749926020160516 0.013436960580769234 -0.008547547325388217 -0.004485555003169742 0.00788437910027838 
7 7 7 | 0.13588961099906405 -0.02182781510009771 0.022649501073453288 -0.035923426743339204 0.0029035035940327687 0.012690132780397965 -0.0001325217743310483 -0.000249781115481338 0.013980332079408637 
8 8 8 | 0.135298343053183 0.04650340218228207 -0.014150531460987855 -0.0008668698877230386 -0.015485782346140693 0.00010433496992454202 0.0017584742926323664 0.005921558026050459 0.002443339475124536 
9 9 9 | 0.13322968902784538 -0.00799645919964678 -0.04302604723275285 -0.02078970404372045 0.009574987849356079 -0.010587803155534552 -0.004230538104422161 -0.00671436419226987 -0.0038917784675537945 
10 10 10 | 0.1328225230277682 -0.0012267850752737631 0.008505308799671419 0.04698529716988024 0.013030405331440731 0.0035574333247601945 0.011572314544132453 0.006907810539633734 -0.004256636037644758 
11 11 11 | -0.3880632405124036 0.042992043919231705 -0.08800099412260508 0.04098567102344892 0.06315339426645124 0.05534873638348105 -0.03884934263524174 -0.04430305681192947 0.10217502264925346 
12 12 12 | -0.3776729855881431 -0.020193431003076502 0.08380264610314171 -0.05700722467206086 0.03447502198538005 0.06619562200873293 -0.03030828502739051 -0.055130321968112454 0.07931618358807149 
13 13 13 | 0.12428620746956487 0.004148636086566903 -0.018602993185726467 -0.045908381912835305 0.0025758669734454423 -0.0057702595806507365 0.00048154890461280675 0.017307563360595767 -0.0003086373660794347 
14 14 14 | 0.13256763535135274 -0.04641105635687136 -0.0036431186207755914 0.022672731742955032 -0.007988372178124304 0.0008655830002831858 -0.0015728534980618005 0.003740152837153318 -0.007092598003752684 
15 15 15 | 0.1288311021877251 0.03572848086314901 0.028465362346331718 0.02175643267933252 0.00033453377224176254 -0.013847833459144022 0.004769178938733634 -0.004913726809644821 -0.005289869660148612 
16 16 16 | 0.124990163754499 -0.03577904536070838 -0.027097413511050304 -0.023288938907693218 0.0026029805312099428 -0.014020601585028372 0.004656579574018177 -0.007707367032020639 -0.009553789319237867 
17 17 17 | 0.12463498149493768 -0.014453029016021 0.0227346020699986 0.04318996106136177 0.0038496974143434207 -0.005874899460399243 0.0015035698630207624 0.018041128816163564 -0.0010280545370196285 
18 18 18 | 0.12734715192198665 0.047681475043334955 -0.0016767996035802464 -0.015427845698587551 -0.013851969540263577 0.0041757379535905855 0.001817414749910465 0.0029449518470148614 -0.010219949782000066 
