-4.406586796991571	0.5009603164163258
-4.8505528013681065	0.5189067309221497
-6.005415712636958	0.4454551182026376
-0.8493061315165716	0.37417406750557397
-0.8186967467832317	0.3711566664713497
-0.8591639394303283	0.3828018611369617
-0.8138244517846835	0.37332365240025767
-0.6078687716067379	0.3373358658417779
-0.5643461115150755	0.34670565624207295
-0.5905245398120709	0.3328022191342028
-0.8448276289265638	0.38127689102955414
-5.068721884661854	0.5333555482522595
-3.3620813680536044	0.4651440079953965
-7.18313398066017	0.4136790802003901
-7.183505031972142	0.41508150375185576
-0.8316600894163938	0.38160341860533115
-0.8145810280846139	0.37789076301843855
-0.8397778844974563	0.3843290595178281
