-4.4118629643195995	0.5140632597607911
-7.035135567812372	0.4033260904870995
-0.5142322610616662	0.34754374682797734
-0.9266236958999805	0.39279123071120764
-0.9477042197842037	0.39711752278076323
-0.9336444983157712	0.3947525547878706
-5.106362913285884	0.5411897163735084
-3.3427213297378247	0.4643652520379309
-7.18804287976547	0.41336046470849575
-7.163601630260591	0.4148648924027008
-0.831811138423765	0.3812918790761561
-0.8367635698312346	0.38357555339095983
-0.8331664503709386	0.3845423361148816
