-4.792452042165945	0.5170419419205352
-4.748255969887266	0.5164597257534629
-3.5250327528344783	0.46395434615396447
-6.991537406394044	0.4002247668743488
-6.316706767068229	0.463561353211075
-0.8629157518001036	0.38110600524099864
-0.8364843419655275	0.37625851358558
-0.8560983400229842	0.3848694798683481
-0.5695495722606755	0.33558578955337637
-0.5908388134952136	0.3404776165010427
-0.8682957639539518	0.38656619675232295
-0.8393520721806796	0.3791840175276303
-4.554590188369229	0.5038603874535063
-3.4061807238239616	0.4559353439677131
-5.967262897729623	0.44794566261673735
-6.279871866266604	0.4565249394012485
-6.3100586451598	0.4587825891136007
-0.6031063350496019	0.3396116891075212
-0.5535061029456533	0.3323332037944523
-0.5591071838218608	0.3310989203098137
-0.556125837460625	0.3317069320928069
-0.5548182956050276	0.33003518672470544
-0.8773724929538402	0.38195484632190596
-0.8396972553366581	0.37671750339035937
-0.8243031034497794	0.3733346754360909
