-5.0351023718749	0.5261537308714799
-3.480992519385059	0.46343071553475973
-7.004675036703804	0.40240310555207837
-6.316037283399842	0.46449729331229317
-0.8125675821409581	0.3763114139772289
-0.8351950346869843	0.38013499784406535
-0.5750185119283211	0.3362171275649186
-0.5968836534799494	0.3432900427390513
-0.792982254443703	0.3730128479251576
-4.728021510536901	0.5154061666950793
-4.748278770325093	0.5194417707520791
-0.8749593204948732	0.38561543789533853
-0.873268393246202	0.38222812611368057
-0.8676290992511626	0.3826827798644111
-0.8781204657351136	0.38670435345065335
-0.8716212913094017	0.38650903940063225
-0.8729791825732719	0.38680241694519346
