number of atoms: 23
number of fields: 9
Multipoles
---
0 0 0 | 0.05215664714304058 -0.01365395363610962 -0.12326401326764869 0.07278966973456705 -0.05170459245435076 0.12671242265538413 -0.024699353784628952 -0.03242842921919505 -0.02643502217600538 
1 1 1 | -0.500348559751072 -0.04824947343644906 0.005090202868774567 0.023114658537661037 -0.018415732404043567 0.037029381820275355 -0.005212849622307115 -0.03400152408429064 -0.086632672041938 
2 2 2 | 0.9610975781898397 0.017448950667048355 -0.0022233931796870493 0.027816060064951822 0.02527189022301711 -0.09088890078663837 -0.03454653734113674 0.06734349271375191 0.014424188812792005 
3 3 3 | -0.6178121438859812 0.08873213278659607 0.04902269019312282 -0.11021530453972542 0.01982722052362576 -0.06486177836348543 -0.04770995796541002 0.0463241174392304 0.03218429771634308 
4 4 4 | -0.946917464636531 0.01357525297513347 -0.0239535668550205 -0.012356876005032286 -0.016641235963861797 0.06652350751216832 -0.006740130324102745 -0.05569121983810729 -0.031519274750577586 
5 5 5 | -0.9533428725864317 0.00035523793119932365 -0.01169877308825127 0.01617089087073995 0.00960086610272547 0.046832866928418364 -0.021470971548326202 0.0002739499429684351 -0.022070656459358014 
6 6 6 | 0.061338530596618424 0.02401901727114774 0.05254475837104728 0.014788136993215113 0.007816355075508784 0.004011115082801996 -0.028845359146318902 -0.005247071361577831 -0.018931464577033562 
7 7 7 | 0.1469280918886463 -0.03805608439924979 -0.004246516130126839 -0.05571328968955049 0.0017282369711747942 0.006921429250781518 -0.018004770274508898 -0.00868098623700499 -0.001900726442627444 
8 8 8 | 0.14914242185151283 0.013779878893747842 0.029647305192826063 -0.03342277758675983 0.0034380772520450375 -0.015086503990202615 0.003277506158544944 0.0028828415736665077 0.006621640867232295 
9 9 9 | 0.18669369131918034 -0.02558881351477337 -0.03745388319475416 -0.021083586969333764 0.006441135889083541 -0.006165931301331028 -0.004775095866303809 -0.0033362400540163082 -0.00562053700499362 
10 10 10 | 0.44167031650293387 -0.016414983805332888 -0.02031521764715404 -0.01595904274639112 -0.007656152635956904 -0.00032102955221425806 -0.007529111667112171 -0.003464074509466282 -0.005985831211447326 
11 11 11 | 0.43076965823035684 0.014401073259560951 0.01595812374064706 -0.01614173178302358 0.00011463316754129057 0.011477026266089924 0.009275043701128867 -0.007824357151825067 0.007228918739091316 
12 12 12 | 0.4176530064581859 0.006214079354435676 -0.002424342235499771 0.02624770558561835 0.0025890749365634668 0.019691051796800585 0.001971182417341041 0.0028549739919999676 -0.002846228957215042 
13 13 13 | 0.47921436712921917 -0.017065069298345937 -0.017235829791072254 -0.01215285991403685 -0.0042756998219583555 0.00627703105819413 -0.007763559567056332 -0.0032582100726855417 -0.008437497810156307 
14 14 14 | 0.41737595356029367 0.00012314325343932008 -0.003139886659544806 0.026520120527178 0.0017017732814210641 0.01986606892421075 -0.0032896181334386683 0.001236086723990423 -0.00480180905411391 
15 15 15 | 0.134549226443483 0.025679272427008647 -0.016043549367920972 0.034446693108696025 0.0005355955765996125 -0.0035032561274799933 -0.017837306718315904 0.0008757580619975474 0.004357259842781684 
16 16 16 | -0.7043443745490015 -0.013043930360795281 -0.012214409043761651 0.004699854730042109 0.134928615744655 -0.01895772023248274 0.01772473279980922 -0.0425950832729421 -0.05834833969019868 
17 17 17 | 0.9346491730039101 -0.021683183910306294 0.04221529870911454 0.03194451171538153 0.19947335191371482 -0.013743425029767931 0.06908784741996006 -0.024827202439638072 -0.06357194082004783 
18 18 18 | -0.7831372214992847 0.01193925615873806 0.05928835345083504 -0.04496619068156715 0.1095229319945942 0.09252080758340685 0.07404934956287709 0.06299195686698646 0.02526561919077544 
19 19 19 | -0.8310214614450846 -0.04345278977890702 -0.03353750304702796 0.03388086041775496 0.11251641190806604 0.013974721093395771 0.06991493779916616 -0.0521128212558455 0.03804870446755386 
20 20 20 | 0.17161254762916311 0.0393518716271157 0.0008453092698677078 -0.007655531466387312 -0.01066791628880853 0.009243234433037147 0.009418799779685799 0.0018607604144545025 -0.0021215795537492706 
21 21 21 | 0.17839729788301173 -0.024304174265336837 0.011831459639845172 -0.03062572294720783 0.0027271384334150934 -0.0015725647746049312 -0.009818010114256195 0.013239172954595734 -0.0006157887951644793 
22 22 22 | 0.171785787918321 -0.017550094623178362 -0.024830232795439465 0.026254746048144432 0.0067485973903116895 -0.007755401247541115 0.002712913634840549 -0.007959452501047634 0.013472965789578038 
