-4.36312788078517	0.4987230378880079
-4.853575860441252	0.5176910881061351
-6.027429178814538	0.44661344560637073
-0.8500387555841699	0.3747136221385338
-0.886643472203824	0.38080826842710347
-0.8574161346352316	0.3819575122081689
-0.8069352391760359	0.374101635363548
-0.5521918270635944	0.3413946531875561
-0.5845997171464272	0.33438864445880584
-0.6067478947692638	0.3363092133774853
-0.8253788315453368	0.3779491463070035
-5.056424680396894	0.5337641068378081
-3.3973899158483682	0.4686965895902531
-7.162072550822631	0.4138062365520138
-7.174198958208412	0.4137952013310868
-0.8155121777176165	0.3772850589685408
-0.8473865963692934	0.3851842157552328
-0.8285439367597204	0.38108224858957274
