number of atoms: 24
number of fields: 9
Multipoles
---
0 0 0 | -0.4623660267644789 0.0402079989950731 -0.059096860666040626 -0.016439524032777764 0.030980358620543137 0.048730618044943344 -0.036846876292923596 -0.07758317373322945 0.01349806304749155 
1 1 1 | 0.39479232379027973 0.06688389570982511 -0.11124369288369132 0.02139162428405721 0.007252140894704351 -0.07834195341253612 -0.1700230312312899 0.009070468806277801 -0.12557554871879922 
2 2 2 | -0.3421629398855206 -0.03856129911715598 0.0422628783990192 -0.014003132537153042 0.0157564765299407 0.15118254982838147 -0.1586135469310922 -0.12578581909959674 -0.01872186160061528 
3 3 3 | -0.27427793131698763 0.006071660712990283 0.019448770227227793 0.0097841107241463 0.04621957915332868 0.02209315785547271 -0.1429273100253403 -0.08767894417360052 -0.11249379642613606 
4 4 4 | -0.1386114565004508 0.015261757520791652 -0.024947940544786405 -0.008237040176429775 0.04181609422828715 0.040100093658060235 -0.12743779972562852 -0.0954547000908875 -0.11095827822674026 
5 5 5 | -0.15051483572222946 0.006176819388144276 -0.021590234126248466 -0.005431272936564007 -0.013146263998516395 0.11727099626976631 -0.1757854437096599 -0.07258781441373213 -0.02293201485991713 
6 6 6 | 0.07840589767383666 -0.005505140586909385 0.046980766547236374 -0.011014779579131977 -0.002414393974513854 0.021317061430012225 -0.2161699083723203 -0.04717931566922647 -0.10291517460026955 
7 7 7 | -0.5910549924169715 0.02282545321496315 0.09819137989562665 0.053660658660919604 -0.061088348937607215 0.014915156329970602 0.05829012989447573 0.07589960451000474 0.08366131015236607 
8 8 8 | 0.15252574530206153 -0.026541488832245948 -0.02795464413300141 -0.03181368134735793 0.008017267352816989 -0.00849083060150139 0.012337455982301921 -0.003161819474782342 -0.005678616926956652 
9 9 9 | 0.4397357567532766 -0.006377584085167075 -0.018419855164552124 -0.011838436347402946 -0.0018951648882103646 -0.012167926108565744 0.009291761691404277 0.009648461469438978 -0.0022064237984835266 
10 10 10 | 0.1700152258999139 0.038892170672960656 -0.009717524191905158 0.030139420752943166 -0.008443303534334845 -0.0005771434086348961 0.002353733834273535 0.012136161111396827 0.010977457393807564 
11 11 11 | 0.14289633475195318 -0.041000645006416085 0.010011019641118371 -0.0330902392815112 -0.011098137609052374 0.0001244507411918811 0.0030528710266753876 0.016356720529176458 0.010077830908022231 
12 12 12 | 0.1375190616727443 0.020504647561549474 0.037973047368483524 0.03005686040203608 0.004037443103841804 -0.01389200680987833 0.012263425895002077 0.003585292180161616 -0.009847130634711878 
13 13 13 | 0.14444984867016064 0.011211011930658038 0.006133060257794853 0.04592501316194921 0.00450149730779114 -0.009091152876292431 -0.005429340456679955 0.006833574618921656 -0.013210059800358432 
14 14 14 | 0.1446377723645389 -0.0444600901967658 -0.017775673241918567 -0.00019353579167210973 -0.014467395100833473 -0.0006873940793824139 -0.006749637465315627 0.007220009590185261 0.001927486583711275 
15 15 15 | 0.15005332849980846 0.017487135163396422 0.02780837517815778 -0.035409521854362205 0.004488026062461806 -0.010175890117069134 -0.0027672026621008983 0.0025576292390021046 0.011679240137444313 
16 16 16 | -0.38423036046117875 -0.02764522726725329 -0.09476451186636468 -0.02478854236685075 0.062301551560497444 -0.03505412094797792 -0.04142477302695974 -0.06527587060942623 -0.07034737778382363 
17 17 17 | -0.39532159820659096 0.0266483711148141 0.0968471694961804 0.031162440773527908 0.049892125642537914 -0.07771080411663775 -0.014480856068037645 -0.08068057752768537 -0.05106383323049766 
18 18 18 | 0.11608119867210498 -0.04109440919300215 0.008194990515453063 0.02719088662905603 0.0024204094375488085 0.016676160268057207 0.006850488761543457 0.007269486415949259 -0.0050711346079837264 
19 19 19 | 0.12968226821065199 0.04367600868317126 -0.016403973014624672 0.01822649335395737 -0.007865406986380542 0.00019886495296994087 -0.00847632886293205 0.013613378127655024 0.0006155884805344635 
20 20 20 | 0.15176921479217287 0.007908597960836108 0.01884505549149419 -0.0495762918688005 0.0009040644888969003 0.007193471682908084 -0.0023268152457853936 0.002180816406740082 0.006196724246497186 
21 21 21 | 0.1250296569674102 0.04638786657354483 -0.0054599119712440075 -0.020373051207995627 0.0030091396490827603 0.016606150296014973 0.00726770258479381 0.002795780989138358 -0.007774383715068887 
22 22 22 | 0.13058508076322106 -0.03686796698011882 0.02023920478389359 -0.02824240471734649 -0.011513937370943868 -0.0016740157843933494 -0.007817264228713112 0.01165011940231281 -0.0001178798331067508 
23 23 23 | 0.12840612401213836 0.0028781693328064364 -0.01395185105487637 0.048858646582843904 0.0012215759706293938 -0.0006144832707303906 0.008672739961391075 0.001683343159216558 0.01756636287863672 
