-4.50560351067417	0.504811796206793
-4.785753019055205	0.5213613908463179
-4.805243369833982	0.5222382540476788
-0.8641522620709523	0.37411227079050685
-0.9064842786342208	0.3868503143878722
-0.8717767116381505	0.3858659785250178
-0.8711829188759129	0.38561880035259305
-0.8700539641063699	0.3854855376882052
-0.8509118763765303	0.38051333931770076
-0.8723990551596591	0.38774308589429574
-0.8668877216763441	0.38644983447189696
-4.823382843509794	0.5204437802247276
-4.693475083751898	0.5164868913253465
-4.487346833954252	0.5058248616758739
-3.9629214398482833	0.4844646566865651
-4.29156001410555	0.49652080765423084
-4.629228539734137	0.508511519689706
-4.512122339661688	0.5073974693105431
-6.972232905287644	0.39847083089158286
-0.8465174027858451	0.37870747581993974
-0.8603435105692034	0.37781106688930005
-0.5587881856231239	0.34885683285233765
-0.8321390843166556	0.3746353173220991
-0.8516581757355001	0.3819346967012062
-0.8544851219542906	0.38249720654024777
-0.8586813938981392	0.37870235668612684
-0.8477932932011961	0.38321974591377816
