number of atoms: 17
number of fields: 9
Multipoles
---
0 0 0 | -0.3817681069986234 0.040432976779783275 -0.030225399465261576 -0.09281305296185566 0.014833587078180343 0.02507410272162744 0.09882114100920167 0.07794991044029459 -0.06206200442819902 
1 1 1 | -0.3771758172775481 -0.03722707101326622 0.03836521139036017 0.08770132160282472 0.04195252107545461 0.024264671039408745 0.07183523716556552 0.06716147221045266 -0.05464736794987448 
2 2 2 | 0.11037057492020874 -0.024522822018343823 0.03531836326950889 -0.024627891682636426 -0.007703093648127587 0.01110345392238603 -0.0005712497708198111 -0.016807978914938564 -2.2585486727961637e-05 
3 3 3 | 0.12528007206444225 -0.01848220649676658 -0.04483911024925673 0.011776933299514772 -0.006759886950016029 -0.010414827886311335 0.003114181508645928 -0.0024254401116126944 0.013393186603294834 
4 4 4 | 0.14430829272165002 0.04421040730323204 0.006798789594071318 0.027407719019601647 -0.0012836825550884107 -0.005362901917663409 -0.012629062652830573 -0.0010655185211704804 0.004842485995419013 
5 5 5 | 0.12937802030620615 0.026623474677629228 -0.03565045414888592 0.02537019959578401 -0.005843559141581092 0.009947081166673534 -0.0028609950572062812 -0.014978613057756534 -0.0004266152668267049 
6 6 6 | 0.12607176878866988 0.025123008255093247 0.0418419824729249 -0.012157786750014346 -0.0032193624795831166 -0.008112197078366272 0.001140283250017111 -0.004210801067496521 0.01584304642386472 
7 7 7 | 0.12380820774825074 -0.04647958395056418 -0.01296907725954977 -0.01685506341500273 0.0021134062412169895 -0.005921714757981886 -0.018338020321662325 0.0003866366461667332 -0.0017047705874892647 
8 8 8 | -0.6642527695003384 0.026527208052878417 0.012618464746802652 0.007486252481145144 -0.027722247620136684 -0.03837682989076533 -0.04763465639357154 -0.058321036983980515 0.10474540079226222 
9 9 9 | 0.8626854259260632 -0.020098631591830028 -0.03759060442399429 0.03430383583484414 -0.07966955667365777 -0.01657361458649426 -0.031044620151524743 -0.1042011298934585 0.18151803403170544 
10 10 10 | -0.650021148333769 0.067103559196284 -0.05397931465747421 0.031113275506358933 -0.041533136095269825 -0.11370912802235085 0.0007770988460465342 -0.07576203027435269 0.1268251526302498 
11 11 11 | -0.9424995432514551 -0.009771702346521645 -0.002843285271794414 0.003308749050788846 -0.02455206643237798 0.02932595107238305 0.0264561695340141 -0.03691124252771465 0.0036271537828045895 
12 12 12 | 0.16867232705505253 -0.02702093167506696 0.028836522039620914 0.01741947138967943 -0.0033794872790144747 0.01402735424916344 -0.004274411771079029 -0.003604044508382352 -0.003398005563886982 
13 13 13 | 0.1807117046684643 -0.0006455967453151722 -0.01156086676808966 -0.04237382046726838 0.0008531673737960287 0.002043562178656722 -0.0029562958188774926 0.009952148001838933 0.0009766237841504048 
14 14 14 | 0.42380417385109725 0.00042270086348321036 -0.016856796382802526 0.020756985491197658 0.012257969076676324 -0.0002860817499198989 0.006345579364230079 -0.004961489089991432 -0.002129034876711886 
15 15 15 | 0.4139893829741925 -0.010594298825432365 0.01348984797275009 -0.02024132693812642 0.007308829243401896 0.012756741199388565 -0.005206322668571334 0.002828851376121616 -0.012477484468257485 
16 16 16 | 0.20542537467600896 0.039639555539278226 0.012322220113046284 0.014891992486435858 -0.009675483865525678 -0.005212558903811319 -0.0008419588980173797 0.0010921178118261073 -0.0023707437991269216 
