-4.865504686459424	0.5252212228917675
-4.123106558371894	0.4989114969893158
-4.582625815800022	0.5181281300126724
-4.0559452842583354	0.48688863326799176
-5.721735822730558	0.43935664518115575
-5.974775326005242	0.4674312622923006
-0.5820623503444127	0.3461320388762628
-0.891018362872571	0.38535311036896647
-0.8376342242701424	0.3789849962203527
-0.8549605825487545	0.38407574276356105
-0.8568142373189631	0.38306939050432365
-0.8540794391043541	0.38572110454517156
-5.099286513747309	0.5407021961331318
-3.360748847469635	0.46518622940245735
-7.183026376293955	0.4113737130335297
-7.153690453954017	0.4136508862255474
-0.8335675003327803	0.3828033064609546
-0.8271660162853545	0.38113501777990233
-0.8374731805491944	0.3847619137775708
