-4.784882105237211	0.5174765657864834
-4.425557473416521	0.49877873713030707
-4.372700588846182	0.4991258620234177
-4.093740667629149	0.48453623826907044
-4.442057401288912	0.5106609949181626
-4.548058548622898	0.5120651754735026
-4.4774342490474215	0.5088062765927475
-4.50182175675734	0.5074353326762894
-4.635764247795909	0.5135843880686031
-5.8077857215894655	0.4459645489209596
-0.8631510819381858	0.3811340903933846
-0.8680506374226418	0.38108957885790745
-0.8609989725527795	0.37952127619529286
-0.8467730099647572	0.3781715271559746
-0.857448077376695	0.3824781156506773
-0.8531533464261996	0.381741426918418
-0.8503110954927147	0.37971851498965803
-0.6412307502823987	0.3500485366337928
-0.8564943751804603	0.38496027425779583
-4.784049775738155	0.5181683226863159
-4.10791260452973	0.48596627938734027
-4.40989296525101	0.4983622683182675
-4.376224868555461	0.4999422632523442
-4.445351543331659	0.5110584481817596
-4.635027485350392	0.5128070493853439
-4.472221713085297	0.5064850941593105
-4.549060328033288	0.5140431410209567
-4.515792298232455	0.5105494638597562
-5.802170244767015	0.4456577903205538
-0.8383225177089847	0.37541816359857116
-0.8453625039123754	0.37407652560721627
-0.6469029600830284	0.3513714830430786
-0.8610720702852245	0.3789645655929294
-0.8530036403102246	0.38089748514439803
-0.8607604459826541	0.3786044966255846
-0.8590251988207912	0.3829114004710701
-0.8593752732325436	0.38273288559314184
-0.8567618138389717	0.38501757562516925
