-5.078772941476607	0.5385213851274091
-3.376265486686753	0.4682798592337305
-7.186624979007573	0.4154559173064563
-7.158069980324041	0.4144711887128887
-0.8143287621006766	0.37672222722593846
-0.8597101131879679	0.38940969424371313
-0.8376413667858238	0.3840472329017595
-4.350758957976812	0.4984729818503115
-4.849617029552437	0.5200462847565612
-3.3830773625411696	0.45442514883629076
-6.005278046682166	0.4503811530729257
-6.279222797568898	0.457767680206157
-6.319357178843476	0.4595417112211811
-0.8845540873787691	0.3805125746672843
-0.8347824539387834	0.369936987986894
-0.856382632989814	0.3818528082329153
-0.8056361590384454	0.37138943510202854
-0.617931910190982	0.3439920426376285
-0.5291493703886435	0.3307826658786378
-0.5590305043753928	0.3299265963461351
-0.576888077413811	0.3354286141538815
-0.561086279733512	0.3311001996559578
-0.8499231481829019	0.3826032503960871
