number of atoms: 13
number of fields: 9
Multipoles
---
0 0 0 | -0.09773756511060405 0.09724567419223028 0.018655163911568965 -0.17567996360548488 -0.012537430447336314 -0.006348552640178957 -0.023249955026627328 0.01110729465928351 0.025174634081788463 
1 1 1 | -0.6856647382828402 -0.04470861696949888 -0.0579777352871932 0.0925510429289524 -0.04332769336087674 0.09052091890019849 -0.1774335025325537 0.00492547233708138 -0.11474709327471774 
2 2 2 | 0.49772568944877305 0.002618587285328566 0.014920618771017774 -0.0038850920654603474 0.0012292539311608704 -0.007227247495631186 -0.008405176189435882 -0.007742214957305718 0.005587980081452358 
3 3 3 | 0.06328634708473069 -0.04116946271379227 0.03734464395345013 -0.025438262965571754 -0.02647774384565653 0.009736242845896529 0.0027283066131440375 -0.013859092622662977 -0.010525769058219952 
4 4 4 | 0.064611507992549 0.045646667543910294 0.031549562036457916 0.02457454081262292 0.012071586004616264 0.0032428761036973524 -0.02615790366827802 0.0066505925025880834 -0.009313787333715738 
5 5 5 | 0.07377266724934906 0.004492505094640277 -0.056999307630869765 -0.014271237843388537 0.0010002110105255756 -0.007419393943692325 -0.016589994505475263 -0.025231638228220266 0.011218774738595177 
6 6 6 | -0.7601893011836864 0.004280525325565319 0.0171484413209703 -0.005014502395549952 -0.07817885787317182 0.13455906569095946 -0.022148324378976545 -0.16819168226015652 0.0036025019275722618 
7 7 7 | 0.9805621613982582 -0.04994251450278274 0.03954429226295664 -0.0065024136832656865 -0.09004248857265883 0.02260387772311181 -0.004967675962386676 -0.17109981702854474 0.014304548057624015 
8 8 8 | -0.8215976798188436 -0.043980830593975735 0.025186991513622862 -0.013622389273321742 -0.0806166059507804 0.09184353463065068 -0.039502343452237305 -0.03096207306227666 -0.02051403999740435 
9 9 9 | -0.8193485793367632 -0.04444639615948306 0.05561172825299443 -0.004050885173222611 -0.12606135822270947 -0.0040006273979111785 -0.0007485107108126226 -0.10710875114659439 0.00983562111021168 
10 10 10 | 0.1733094439825339 -0.012819174051348236 -0.017626460973158183 -0.03200589134586618 0.01189725954390958 0.004959076952853059 0.005253785258131227 -0.0013977387085516025 -0.01802272380956577 
11 11 11 | 0.170911482065374 -0.01675049422328286 -0.014788848191235654 0.032797006733272724 0.011279946385446372 0.002194422594834985 -0.00455910582300077 -0.0009866961651236418 0.017522891849903525 
12 12 12 | 0.15895785369597004 0.02806912749411528 0.02160927322717795 0.0018227064980101 -0.02148957163359209 -0.01144280439128385 -0.001724834080093857 -0.0037215491552833207 -0.00024573694373789716 
