number of atoms: 16
number of fields: 9
Multipoles
---
0 0 0 | -0.3906264921727427 -0.003440025070782485 -0.03551429751373469 -0.09601935094959398 0.06923360122509105 0.004234941435982127 -0.003816233512761407 0.06633627485134763 -0.07569945283822976 
1 1 1 | -0.38700602099787584 0.006074348456866165 0.034715925076102556 0.09397184791496344 0.06178092948001506 0.013510691430227175 -0.0044612781099415124 0.07678435061139628 -0.053578916991260356 
2 2 2 | 0.12478244721426868 -0.011277493880606178 0.046176505868301944 -0.014401658221364794 -0.0011356677459031547 0.0035947670447701962 0.000855517239165251 -0.018417641679519235 -0.003393398131743998 
3 3 3 | 0.12875447387069183 -0.03667206313329765 -0.02938474153524368 0.01642634020929462 -0.005717355738523089 -0.0006306431556554837 0.011857288609581003 -0.0012928282840115003 0.011943092727040324 
4 4 4 | 0.13436544351044055 0.05045638524587535 -0.012979794319287632 0.007962584490498694 -0.0010625568050119426 -0.004951725936713259 -0.010306626721913905 -0.0037627270859414285 0.003980472660213498 
5 5 5 | 0.1286209731152298 -0.046623756738958654 0.0204640037209693 -0.0034509702364742857 -0.008358772185863625 0.0005081815310417242 -0.015893233725839555 -0.00018304428206304793 0.008427464703503825 
6 6 6 | 0.13148162055630064 0.04042024914810212 0.02726107290775104 -0.014496316119788086 -0.00706890175410929 -0.0001669146455947386 0.011874920318190409 7.501409509756895e-05 0.011237926191415505 
7 7 7 | 0.12437322322436051 -0.0013087351918945511 -0.04842698455703313 0.013482135239991972 0.000152471431463317 0.00450908303650728 -0.0013767522414551054 -0.017357019182895013 -0.0003919439241671593 
8 8 8 | -0.3745917156866163 0.09511396593694708 -0.0017065022486028893 -0.031143546726669403 -0.07993055446390311 -0.005464032414077973 0.08927520845963396 0.00790433575930228 -0.0026221338189364816 
9 9 9 | -0.38241272794302095 -0.09281912609572335 0.005352331527589955 0.03968877550163353 -0.09899637420689096 0.0016710839710949203 0.06339532314491418 0.00755426543130532 0.001255122704504415 
10 10 10 | 0.12408869498223651 0.005579145252728721 0.0467359512991454 0.01933803796692832 0.012834293717196818 0.009993575726513715 -0.0015677877462365623 -0.0021518422334715678 -0.0063640374157319345 
11 11 11 | 0.1354008091109079 -0.024473707331347915 -0.005814861829066038 -0.04472414371004813 0.005182978832177839 -0.00935688631729284 -0.010208730423059545 -0.0025477230027684886 -0.0058196280032502806 
12 12 12 | 0.12360635199984138 0.0024777385584318005 -0.040336273658495486 0.029114128047025227 0.013324603689124139 -0.007599073631945914 -0.0008249898077470225 0.0015426438195570685 0.008120661888708343 
13 13 13 | 0.12471365563319259 -0.006286042335039488 -0.04736320821302645 -0.016696244268509772 0.01174079416492315 0.011798212468828619 -0.0006391693588510862 -0.004437314690431612 -0.008711371198560303 
14 14 14 | 0.12722740815774958 0.022701566817773345 0.007773726407726185 0.04484547689277236 -8.388349152374255e-05 -0.002922694770586428 -0.018033160977232496 -0.001744654240797694 -0.0012299082061591794 
15 15 15 | 0.12581417917129412 -0.006008842619763117 0.03553883512515808 -0.03516193323078427 0.014669980479330448 -0.007379009491395677 0.00036925859178627197 -0.00029110475569216757 0.008422082888272555 
