number of atoms: 23
number of fields: 9
Multipoles
---
0 0 0 | 0.12273722246719831 0.050201456405802376 0.054263156514817855 0.13585973449700572 -0.0009236469348344979 0.020206036944877735 0.11938990553303117 0.0941693487942712 0.10779910940209908 
1 1 1 | -0.5336774597181506 0.024943065559086125 0.01982107139449017 -0.021298579745060553 -0.05071893366408161 -0.004971195003532318 0.042221602901899885 0.05405624720219271 -0.0025470127428290686 
2 2 2 | -0.6065463490603928 -0.09473379123518862 0.04815372975373913 -0.06557242272312308 0.07429568785436776 -0.04470841390908521 0.14114531075853073 0.059038867046499806 -0.0745216604299574 
3 3 3 | 0.061689627680215575 0.02139761138985458 -0.056282300587119215 -0.028415378606548972 0.019613471524727692 0.011357340049507145 0.004891966523512476 -0.0016227882207128367 -0.0017379789280600945 
4 4 4 | 0.09249796848094594 -0.019935431064085168 0.05514390493638119 -0.023770228446958048 0.01657464686259001 0.014147854372527946 0.01375469543866799 -0.003083191256897794 0.016838741257031022 
5 5 5 | 0.14012209666012054 0.01538328794028612 -0.03365436149864859 0.022093116684907266 0.009959689295477045 0.004120427864519881 -0.012040409754601914 -0.002143857996424171 0.011521179480610405 
6 6 6 | 0.4180677344928748 0.013315784799687798 -0.01580782540922741 0.009507060604094586 0.0050536513441132025 0.0070375248640695024 0.014638120404551192 0.006770815749561041 0.010136954153697078 
7 7 7 | 0.15270115502357728 -0.028766819593553743 -0.011065675398038518 -0.03294881801729432 -0.004155147550442406 -0.0015618891272363587 -0.014483793655985167 -0.0007280862000348654 -0.006223034217044948 
8 8 8 | 0.16268590854153064 -0.0038370119927915573 0.03725858434661079 0.026568639878085075 0.0036725798931142844 0.011396486480234887 -0.0018318728805763924 0.0033189706157867294 -0.013430866385320546 
9 9 9 | 0.04326332977123126 0.06072369139283407 -0.016054224375295686 -0.026733755367389162 0.034951272992563745 -0.03971745543141086 -0.03888150750900613 0.006202280048086212 0.01528917393584191 
10 10 10 | -0.4671777532659718 0.043371529430574235 0.04782000632783454 0.04266033852713734 0.027586330971626678 0.017496269771450777 0.02759287870778066 -0.04099157314542764 -0.10404176356135501 
11 11 11 | -0.46176549401390066 -0.02739446595999165 -4.9041218106505736e-05 -0.06568305267454108 -0.06760461793447195 0.030590584925227406 -0.06763168312371284 0.051877944170772516 0.02349069306117282 
12 12 12 | -0.45841423938149095 -0.015424498268358304 -0.0638452696857332 0.02905117196022956 0.012537900147176437 -0.06448947469875917 0.04984450768910249 -0.0026871381475835486 0.0779327240607312 
13 13 13 | 0.12284648173552992 -0.049795729537734354 0.01971358324531644 0.019817149543337614 -0.0055398947649873105 0.0054860722957935796 0.013026380699204053 0.006253547030599593 -0.004249843612954641 
14 14 14 | 0.1276584197162728 -0.026381541944158628 0.024479546750022205 -0.029610135603360645 -0.005071915863316077 0.0023905309195031608 -0.01234614454564203 0.015264647441599758 0.006050314735630743 
15 15 15 | 0.1391313347157519 0.03584051045676669 -0.009800540426063336 -0.02491260083357307 -0.012564031498760295 0.0054358291197572645 0.013519867562405684 -0.006285520770861828 -0.003254481517506632 
16 16 16 | 0.1381704284047145 -0.00399912373609975 0.04380638383497427 0.01668317269651011 0.005233423809198574 -0.008633716139530642 0.0025222042941812775 -0.0053399754434518875 -0.014387394285706104 
17 17 17 | 0.12875951311054734 -0.022399707534356092 -0.03364781339880075 0.018407450636952503 0.005981206526091988 -0.004229245652049839 0.013749798895115807 -0.004725664223827283 0.01346067558242936 
18 18 18 | 0.1363939137370035 -0.002298149481515205 0.03021531862666505 0.03614276776639757 0.002650189876236222 -0.0025033534667652266 -0.0054689351598600925 -0.008723664722351606 -0.015864964712835754 
19 19 19 | 0.13394116536702072 0.03999153774739508 -0.01827538828984057 -0.008523597755067702 -0.01618916085431474 0.003927042665036786 0.008874448385306889 0.005413828774291352 -0.00907694605199856 
20 20 20 | 0.12965842686147055 -0.022669834104441722 -0.028315719843278297 0.028414094503587575 -0.0015183381324331434 -0.0037107003049844435 0.004850555508946538 -0.004300518484436459 0.01731073823936292 
21 21 21 | 0.14100493938286207 0.040204593726908974 -0.005123304553887893 -0.02059909692561017 -0.011079349435611816 0.013459497371622184 0.009361852190214412 0.00394984164530535 0.0028505584234032612 
22 22 22 | 0.133999328294356 -0.0311943442752045 0.0047576816984937174 -0.03360362219949111 -0.0006974752296544142 0.007163397810745784 -0.01260861385830489 0.011070639804049775 -0.003285748972047024 
