number of atoms: 21
number of fields: 9
Multipoles
---
0 0 0 | -0.16848207092904577 0.03454619781228968 0.11507864520119414 0.08684941017130517 -0.05003670879696601 0.03352037239168168 -0.016655167360375686 0.033751553290517905 0.13845786168041688 
1 1 1 | 0.9399149006337852 0.014642154835917296 0.013841318465081473 -0.015552257304011996 0.09188823551389808 -0.06277607071004469 0.056818855172216756 0.01960792050229093 0.010058042396110075 
2 2 2 | -0.5857884718703721 -0.0257685978227804 -0.12997301570846 -0.07502251357249752 0.022346197785495302 -0.0195633687358903 -0.011608517562290657 -0.03204293636158571 -0.01661863597469656 
3 3 3 | -0.8938856589869122 0.010853651842120518 0.00027119270969705174 -0.013419988171573118 -0.027999757182399655 0.037740153877467944 -0.01840930891244622 -0.019617443142719036 0.004521784583129731 
4 4 4 | -0.9190610518904876 0.017319454184409912 0.02246020443183502 0.01137137608799211 -0.03325094963781814 0.01940830119047058 -0.00943298915384489 -0.021823610294646342 0.03134354422947189 
5 5 5 | 0.3999998573291398 -0.011538544278420259 -0.008406389725433424 0.032435255124545675 -0.011605543366270031 0.013157142539082812 -0.003041204669384722 0.010563912767088282 0.001719231172289123 
6 6 6 | 0.43952537543275527 -0.0045622271971527345 -0.019314778186133155 -0.02034499712453766 -0.007495306895857538 0.007066316601765369 -0.007934234598870753 -0.008526083347351488 -0.005551031092798198 
7 7 7 | 0.44419767946342037 0.011996783230272295 0.0235250077227075 -0.011870842914001608 -0.011330590074458417 0.003970700897821946 -0.004449628818807582 -0.008689806546546634 0.005830973646401864 
8 8 8 | 0.4443810792319116 -0.006733186582559137 0.0008548095340699397 0.027815673643177552 -0.010516758525005351 0.007638234629249462 -0.0017759102669359997 0.006701850063431052 0.0065467248908605445 
9 9 9 | 0.4475648385991974 0.01012494706485978 0.025443291390576443 -0.007496658508790001 -0.011888704182336332 0.003154381657331352 -0.0034391227887332677 -0.005136841085283244 0.009353669131517896 
10 10 10 | 0.12972320396220838 0.03306758324004159 -0.012953874132404451 -0.051272685058601636 -0.010747264962185706 0.008090859341856152 0.0014404277300894082 0.0058620619609654505 0.02650760892662481 
11 11 11 | 0.14211525500730027 -0.0637618081187487 0.003136470974084691 -0.009836354743044428 -0.0055349531787869935 -0.004094494775846128 -0.0005958456028006936 0.008898837544893694 0.01913350818698185 
12 12 12 | 0.16476674784972956 0.011647062662892902 -0.05368318262158156 0.03406390209982821 -0.013317164219014577 0.00486023147644523 0.006969848001015328 0.002213720838707709 0.01460790563889761 
13 13 13 | -0.3867302201532148 0.10592628367492639 0.03320590321660043 0.01098738344924368 -0.12232707183539063 -0.1312326598095235 -0.019605091724079808 -0.02595122286822872 0.015730069303496973 
14 14 14 | -0.37641236625179797 -0.07960404751449279 -0.03821206108070698 -0.004596919580017686 -0.06413801483216014 -0.021621982200512715 -0.013450677475081198 -0.0011943489757178687 -0.01598685846431986 
15 15 15 | 0.13099407153812948 0.01691973670514511 -0.04260461158409939 0.029380533921985794 0.007953038377256394 -0.007921429633300742 0.008429383792161302 -0.006129052525159155 0.005569445740861521 
16 16 16 | 0.11327452875173594 -0.01752681022991515 0.04072874717250644 0.025364159943691136 0.003964076327667949 0.010392779769648261 0.009818772672173218 -0.0003367679852269464 0.001271419499469873 
17 17 17 | 0.11649438873819606 0.010920245888780105 -0.0039920461324222225 -0.05076977696983354 0.012153485442070707 0.0008820482792512648 -0.011123697203465802 0.0061042290062017735 -0.0025267114464480353 
18 18 18 | 0.1274670676687234 -0.006427694023125106 0.03967569257899126 -0.02977296142502059 0.014773659431567885 0.0002750555024774735 0.006426053739253059 -0.0049472512599176965 0.0076341294684429 
19 19 19 | 0.14688727070688434 0.023922013600379308 -0.04201187429811638 -0.019691405911632938 0.0021949889857543815 0.014378411451205882 0.006440345210607863 0.0021233211194363246 0.0004718411980124588 
20 20 20 | 0.14113637583112826 0.0010200729568001568 0.007787828268923456 0.051139765411022366 0.012385557993226881 0.005719642628268697 -0.006455856574915034 0.00499023367930934 -0.004582758688954119 
