-4.734145591072096	0.5165436504404678
-4.736106119808032	0.5177921302659411
-0.8677157434900239	0.38279378334976527
-0.878602065760036	0.38568370382862505
-0.8771077619685569	0.38617709128326916
-0.875123464014781	0.38542523367727277
-0.8746535274776659	0.38700136853023476
-0.8732977667148585	0.3869837835739759
-4.738846031007561	0.5170272397404392
-4.734479320138228	0.5174635207671343
-0.870679465460741	0.38425280528813643
-0.8789237557527619	0.3865411902453211
-0.8699587659872866	0.3836198496287596
-0.8772429928392744	0.38503421541869554
-0.8737080989106403	0.38690695752301435
-0.8745054257456447	0.3871916903258838
