-4.826594247073136	0.5200075184488759
-3.9740337002507786	0.4865531592108925
-4.687896143500555	0.5172886707082908
-4.63482809713028	0.5145177399564597
-4.49587125247984	0.5077524103929442
-4.521645290760518	0.511484373097547
-4.272972175327864	0.4964404572970103
-6.949238142698357	0.39649111851860896
-0.5692725798152339	0.34823028278703444
-0.8493519246875677	0.3796822342235077
-0.8306158970103714	0.37427559872373084
-0.8594862560734271	0.3767034768883534
-0.8530238469844753	0.37790408926150143
-0.8501238353736241	0.38142958824112805
-0.8485548494473628	0.3811147578720639
-0.8475674489821442	0.3831022658706284
-4.825427551988923	0.5202291198300899
-4.492137905015125	0.5083768037397579
-4.281574991216831	0.49718574290021417
-4.646680183630207	0.5105228519961581
-4.489877501073962	0.5081511929074869
-3.9468658527360465	0.48324001348412904
-4.700471186152922	0.5187010565447184
-6.972993406164282	0.3977857978901373
-0.8903347159190977	0.38274421973207534
-0.8253819961316798	0.37009450887583595
-0.8534966297987377	0.38206248828312966
-0.8510254391863992	0.3813418141650219
-0.8566868112227489	0.37714234658583745
-0.8410175484521455	0.37824466748074936
-0.5519141182237108	0.346152254179797
-0.8415670018879368	0.3817413333748031
