-4.574885190838726	0.5084489447241212
-4.779296077806802	0.5208218297414514
-4.319554749720453	0.4962926936439331
-4.475994960373425	0.5067108156077705
-4.500846878900071	0.5076602480002403
-4.707907137730061	0.5187260468691524
-4.643487800771642	0.5108808068662756
-3.948695010075583	0.48329673530951434
-6.967929894758035	0.39812831688360145
-0.8853411061089608	0.38398479388036155
-0.874940621411696	0.3796750293286544
-0.867993391050459	0.38472866114516996
-0.8651606377919752	0.37909295928289793
-0.8649081818639148	0.380138068165188
-0.8443994620684268	0.37923151260432764
-0.8325950406840368	0.37505795664557146
-0.5597055644566683	0.34902134832757314
-0.8577168767133179	0.38378581147424445
-0.867158682018344	0.38630418628706104
-4.491293946060382	0.504271841546961
-4.802481131192872	0.5219214731507696
-4.788034236896479	0.5199125311919405
-0.9027182759798446	0.3841663056520833
-0.8908315402571483	0.3812983196459548
-0.8639036391831241	0.384254291815008
-0.8660109710559047	0.3844081320979383
-0.8699574937190464	0.38472090818388244
-0.861734784429692	0.38524099457178257
-0.8618390229430812	0.3851960385180873
-0.8713107259776471	0.38764141814170183
