-4.444578223780223	0.5098548693015257
-6.953992414973186	0.39962825404318647
-0.5880459432948351	0.36173880493288707
-0.89816151297473	0.3841967896876546
-0.9086062503119181	0.3883535772432067
-0.9234536644657098	0.3926324625622947
-4.493612809814512	0.5062769414757161
-4.797747267408639	0.5213798170189526
-4.809102241657907	0.5248222512457581
-0.8839459436578921	0.3777567374299744
-0.8900166401457593	0.38388713515903894
-0.8708344804450258	0.3853680681894861
-0.8667503236675748	0.3843866362658533
-0.8681874475181336	0.3861039303379824
-0.8649980136981354	0.38514483013215206
-0.8668132182414978	0.3869510744466818
-0.8632018755727737	0.3871958277260296
