-4.548900574133096	0.5055559017805697
-3.39651233244672	0.45400851438082396
-6.287323131262332	0.45925732500795646
-5.989996939677414	0.4480572817209793
-6.302129776538974	0.45907026043010185
-0.5330367092699123	0.3360391293637287
-0.5469272607520577	0.3312912931561876
-0.5966559456516117	0.3404776479689648
-0.5673404848404895	0.3353512113042089
-0.5593047094110378	0.33310946530532665
-0.8730819602059474	0.3810300208895204
-0.8813747456389016	0.38315787623287023
-0.8336872670525005	0.37533899273835164
-5.089648311327715	0.5410420508772636
-3.3495965094411693	0.4662115709222636
-7.2148428760929795	0.4170194108257464
-7.133960333337727	0.41248665683340435
-0.81194870024791	0.377505098882973
-0.8302730845710992	0.3818658193922454
-0.8710208228578784	0.3935872230628581
