-4.831657585516996	0.5204610401238345
-4.519029026324116	0.5060648996809197
-4.275784407137876	0.4945593925771069
-4.6452513683406735	0.5118131528762436
-4.4919211246153905	0.5074404638851934
-3.9494056042333003	0.4849370813173168
-4.708351593836856	0.5193963961987774
-6.974265077155477	0.39844309266111383
-0.818297266763462	0.36669734288669015
-0.8333889710820914	0.3750400734191411
-0.8391377909136357	0.3771853655706572
-0.8627145477994617	0.38444462659825124
-0.8633871409368364	0.3795009528319076
-0.846978666678079	0.3800013402811885
-0.5583219433786053	0.3492269009228149
-0.8532756400274263	0.3846573305835502
-4.781193724567074	0.5170455655123598
-4.118108425155101	0.48750098417776494
-4.412898929468404	0.4990230134547294
-4.376815114644894	0.49983197881348645
-4.438320698501779	0.5102097094035953
-4.477555514204198	0.5084897663320043
-4.640244148053546	0.5142703601633876
-4.550164169274161	0.5131883220904958
-4.509475201854153	0.5090798941376047
-5.80190299593064	0.44624084977163664
-0.8598821880289235	0.37894203423603934
-0.8430322079381897	0.37646344302758805
-0.8559744461795599	0.3788711474826516
-0.8597469990656639	0.3785538615526899
-0.6401596105905674	0.35235144394220985
-0.8503661107420726	0.3783989103581533
-0.8557802809884274	0.3828177804697614
-0.8524947698656271	0.38126529993719227
-0.8573611672918484	0.38506517452780853
