-4.739195382985439	0.5161589507111826
-4.732861390193551	0.5176191057463516
-0.8826968840697865	0.38711311048268265
-0.8521138615265315	0.3780203265989551
-0.874973531838068	0.3851047533120628
-0.8796830746282082	0.38560825576353225
-0.8785391132747414	0.38803086348873395
-0.8734733939144961	0.3868811416562943
-4.822694369163576	0.5200963366794676
-4.694519756263685	0.5172948506737711
-4.499794962078513	0.5074906727613266
-3.9612310134719206	0.48548885906798783
-4.27284741380263	0.4947588735895494
-4.634891332285865	0.5114086051455765
-4.513946608165651	0.5079110938173639
-6.966846819987649	0.3980512654479407
-0.843356709074855	0.37790855545196234
-0.857431450212804	0.37806875814688495
-0.5600855580310672	0.35055738390273866
-0.8330032894131532	0.37419236933172445
-0.8540372244791893	0.3819882949126001
-0.8558792554116496	0.3828858124344694
-0.8583740177694533	0.37908948832737344
-0.8506409505211403	0.3839175971241111
