number of atoms: 16
number of fields: 9
Multipoles
---
0 0 0 | -0.3834917499524071 -0.05646197559080572 0.08635948578084908 -0.021309623357110303 -0.002725313764338693 0.0991165717591606 -0.023773614391495817 -0.06138996907495921 0.018503304476812064 
1 1 1 | -0.37999366598511397 0.0624174509428727 -0.08210968863067653 0.013843917699947656 0.012013608239060716 0.08862818425469461 -0.012589501059285184 -0.059038459442051744 0.03128573719374056 
2 2 2 | 0.12483312919169431 0.04373392107621891 0.023499689114913902 -0.009934104151659668 -0.0151938954530943 -0.0036583762128022074 0.0025644778302963476 0.009596436351554872 -0.003875467980167961 
3 3 3 | 0.13509676083388145 -0.018079166377586327 -0.009771991861406629 0.04818256763924731 0.004541418968618863 -0.006376484685223494 -0.00739666236089936 0.008194637678810762 0.0034213895881787556 
4 4 4 | 0.12444412102392455 -0.022525216695883435 -0.02904264347583707 -0.03360749153590809 0.007251415388916594 -0.010911456931970423 0.004727804425666941 2.4121329610684604e-05 -0.012461539379698185 
5 5 5 | 0.12400586550907955 -0.04235473632031232 -0.025258136365178145 0.0120228374950094 -0.015591125516442844 -0.004501264745954376 0.004815863148435542 0.008924619158241973 -0.0032457442132232013 
6 6 6 | 0.12718161475075895 0.012587977025743853 0.00442577239382427 -0.04908322744426189 0.005738981884538981 -0.009512492325085026 -0.0019329456542121325 0.01098791287349938 0.00965223537828183 
7 7 7 | 0.12614516777461005 0.021182168161841642 0.028855286574451723 0.035922880264225764 0.0064794823389958235 -0.011171351955874603 0.004036588442731051 -0.0010747840705261449 -0.01226627934377327 
8 8 8 | -0.3789686659418585 -0.048189059511651894 -0.04170129284786673 0.08203786510527791 0.014863986678068302 -0.034721559996372636 0.09525899283643949 0.06143409346836911 0.061624010322469475 
9 9 9 | -0.3863953433534313 0.04531648876105264 0.032916608667813964 -0.0832801084467806 0.02459583035929079 -0.04410279958536298 0.07602118801495333 0.03754182212968847 0.07232147408123596 
10 10 10 | 0.12816477759965694 -0.03467797525914794 0.03589124657071374 -0.005678679863984067 0.003353567509766027 0.008606556139409154 -0.013417008959137347 -0.008244856671852596 0.0031593344935090034 
11 11 11 | 0.12419977449237474 0.041853683000316416 0.009819748686655125 0.027941814156823914 -0.01340658641247548 -0.004927204859747453 -0.0014784305698821148 -0.007384242017546763 -0.005769331024059656 
12 12 12 | 0.12547182310681682 -0.004654767003151229 -0.04346738813042815 -0.02662911323992747 0.0014505164014031527 0.006630631756692039 -0.0021570299753557558 0.003958867191675841 -0.014773549859128694 
13 13 13 | 0.12443751038044926 0.0055058881498550125 0.0440548795352939 0.023497286102545877 0.004441440528383518 0.007110024167854919 -0.0016099168023731632 0.004924546491997678 -0.01750417639375333 
14 14 14 | 0.13190794139378137 -0.044209352615542555 -0.0038353397012818916 -0.0262264571264945 -0.012833808804934468 -0.006948165490202679 -0.002849474206353373 -0.008821710461824818 -0.006310951405718467 
15 15 15 | 0.13155904340631508 0.03983495208539088 -0.031140105316243366 0.008895810334864532 0.006300343244811165 0.00712581770952833 -0.011545142256373748 -0.00939423215502044 0.005088038686132499 
