-4.802979970789508	0.518161154426516
-4.800451774813022	0.5204451877731725
-7.334891599119116	0.5947240624484456
-0.8383770348563734	0.37680308461046175
-0.8470917676967818	0.37971183963992344
-0.7978825456571018	0.3725914084411201
-0.8554184039140934	0.3812374636819039
-0.7895569773318779	0.37004334240322473
-0.8392975303467215	0.3811604494045404
-4.764662229322757	0.5164027397772115
-4.778241007792742	0.5282730496559429
-3.4629313932938484	0.475806538965043
-7.1307738891672345	0.4136853689696957
-7.167135962510482	0.41635756290258563
-0.8528729379242173	0.37429586800973325
-0.8589159309037602	0.37627082504093645
-0.8579666844635601	0.3866445028267439
-0.8765050429022777	0.38935433728971025
-0.9123478523068572	0.39805903306572893
