-4.781475655800281	0.5170478575179169
-4.417631741430047	0.4992094641423389
-4.385316610420272	0.5002039515997251
-4.117004531574065	0.4873242932627268
-4.431882728776046	0.5091775515996221
-4.503006518814593	0.5079224142611222
-4.636042594497205	0.5143794815959721
-4.541335914736881	0.5116305145088502
-4.472829932010367	0.5083487718204303
-5.806087405986383	0.4460781445188304
-0.8664523399672706	0.3806949940426953
-0.8608723157027269	0.3837355574012189
-0.8537895609908293	0.38078113168127664
-0.8511916739515786	0.3784071748670235
-0.6405915410607435	0.3500987283223504
-0.8451065241931522	0.37728115176154536
-0.8593650159166428	0.37872304364826365
-0.8657456861529792	0.37915158293540896
-0.8522067314071378	0.3839568906190404
-4.505582800503714	0.5023215048329793
-4.79714096910608	0.5212878977688895
-4.813858899714289	0.5231794221316475
-0.8965532554427759	0.383721633909373
-0.8592144526218694	0.3713130014309775
-0.8632647351995251	0.3834485907024184
-0.8728942241319402	0.3855051253512705
-0.8602120088249995	0.3807167941081998
-0.872536921328691	0.38731384925749884
-0.8640168677200384	0.38592953960982546
-0.8636632301752225	0.38619751988121315
