-4.590657791417234	0.5089571549558881
-4.7825610869159725	0.5203170479263305
-4.272149149819998	0.4938954494923702
-4.539016078096021	0.5069603041967645
-4.553328001815359	0.5094013894853033
-4.486118390091655	0.5070394257737291
-4.481983883449524	0.5075502709270635
-4.511159616027777	0.50865659255581
-0.880868298707289	0.38307486884056574
-0.871681781957989	0.37940171130783956
-0.8639781904642169	0.3827042672827515
-0.8605416042103939	0.3784844177018272
-0.8581052659058837	0.37878484291579234
-0.8639007408683568	0.37816566299050725
-0.8645685552365032	0.37925229728057663
-0.8620438300803713	0.3795577769279153
-0.8552078217295505	0.3836132081111532
-0.8638570709959185	0.38544451633066085
-4.753524155267685	0.5164021730675036
-4.743809095147088	0.5189057589122688
-0.8367518387680999	0.3719148132369018
-0.8790555902777181	0.38556110892236145
-0.8819773527074197	0.3871476991408417
-0.8785736974811746	0.3865113082998392
-0.8733293806182639	0.3867581058586198
-0.8680231321287911	0.385733096091511
