-4.750145290910229	0.5176109910170223
-4.739454172621425	0.5182222348279278
-0.8766140122581121	0.38574855172788597
-0.8700074694089962	0.38274862110253705
-0.8569872706654986	0.3800652897348544
-0.8696962995897205	0.3839597521908397
-0.8729691491589244	0.3867070323255525
-0.8773633527530675	0.3875633339087986
-4.836394262547985	0.5193743639906123
-4.566476810342661	0.5089535394164121
-4.2112344160677155	0.49056085364031377
-4.475528504411104	0.5071917889972754
-4.51736095449976	0.5095579299086032
-4.5624569221357865	0.5097401083403672
-4.480251247773131	0.5074888909379757
-0.8491029357592598	0.37599891220828463
-0.868304605448181	0.38000405975991997
-0.8534131866370414	0.38241448795343835
-0.8542353948481441	0.38171933504597705
-0.8607229778492625	0.3793870110232714
-0.8588203582073499	0.3790249120333045
-0.8638340855566842	0.37915033936499737
-0.846108950043949	0.3835646869354348
