number of atoms: 24
number of fields: 9
Multipoles
---
0 0 0 | -0.3831577342818058 0.03223516715434157 0.08709935847540522 -0.03896620508624257 0.03487629497804859 -0.056033274998372185 0.04817332484954218 -0.056447289433566375 0.0761704212431446 
1 1 1 | -0.38091685050092483 -0.05478616118215552 -0.08064789501876415 0.03805680679921922 0.05094415674225523 -0.07011969587709582 0.0421115913495784 -0.07511026272941718 0.06158201244896981 
2 2 2 | 0.1470792227869251 -0.04922937243296677 0.0013667928215020705 -0.019318816901982346 -0.007452315280938043 0.005106098809770836 0.004538823931312435 0.005948653571575678 -0.004284014821266935 
3 3 3 | 0.12189772757583905 0.028500690444815464 -0.02789841762634365 -0.02766286855011135 0.0019047253536251432 0.01418534624240606 -0.004242979397595566 -0.003958151165164713 -0.013289782624822052 
4 4 4 | 0.11968071064178964 0.012761961690666615 0.013000777275447961 0.04617476560255222 0.0009424436494309091 0.007849531438924454 -0.0012896177668750039 0.01777617227945788 0.003817871033399514 
5 5 5 | 0.12271593410724968 -0.006828370871725214 -0.01631738808954794 -0.046489568052020654 0.003732053276098842 0.006559764774391046 0.0013647779926816207 0.017979811703210096 0.0022608675482395013 
6 6 6 | 0.12350421016721547 0.042732955773590126 -0.017301670460224197 0.023447096486419437 -0.016446703591676427 -0.008140188779047456 -0.0037737038850632373 0.0037015445141179186 -0.008522925921615163 
7 7 7 | 0.12833453441929132 -0.03336266358456431 0.0316178678007989 0.019871111230914534 0.00265985245904055 0.01286039588863625 -0.0037715961111778953 -0.004954650046160915 -0.010534145182321005 
8 8 8 | -0.4644279151316253 0.05783230381971277 -0.044521971324803206 -0.011005141381313433 -0.010823898905574735 0.11339893678231697 0.015619859087698269 -0.0030622441186900907 0.027385869268069706 
9 9 9 | 0.39169412015178917 0.07655824365322493 -0.09820340245117212 0.04037440663774023 0.06490200573255098 0.04633495888199838 0.1264257200725842 0.1645684346148658 -0.020523060566708565 
10 10 10 | -0.3468087244336555 -0.028623608994854985 0.037631635641448724 -0.030607787195167425 0.037498608775552056 0.2150842694286099 -0.003520309587996498 0.020858511165640227 0.10819884858323071 
11 11 11 | -0.292804006450921 -0.0236865322117934 0.007316633692254567 0.005131600104250819 0.0027945279044482387 0.15862590141304497 0.09270389401203165 0.06603497698399208 -0.002983520188181729 
12 12 12 | -0.13556317049161226 0.017205094532807944 -0.022092127826402692 0.007091107391432281 0.020163686231594778 0.1770936664873034 0.08894887209634034 0.04743657985661115 0.012166903387340366 
13 13 13 | -0.15391696860764537 0.013313291943092949 -0.0166384330730789 -0.001548650960244926 0.06240742443094369 0.16311885864036382 0.004331238156684522 0.061619878947750756 0.10784439746463316 
14 14 14 | 0.08837405183405078 -0.02788285451613397 0.029816350859213133 -0.006255717622275623 0.0760309582478516 0.15388710992793503 0.10101883740689256 0.14203619537132933 0.055990509184884574 
15 15 15 | -0.5845839273317814 -0.07301029022014988 0.05080892906225052 0.0689853565603443 0.03515413641555531 -0.07839124622319787 -0.08018660534643225 -0.0447164198531304 0.03075239987090719 
16 16 16 | 0.1540369919986253 0.02021052769866914 -0.007107709242471815 -0.044582943177181956 -0.00825137527538059 -0.0031074664978251853 0.006739282001460294 -0.0061823602751754055 -0.013316655280618768 
17 17 17 | 0.4425603387457735 0.015148808724246555 -0.007410385762693395 -0.015474309392630092 -9.533431925046308e-05 -0.01462388796749966 0.0024000232672678427 0.002232976775531394 -0.008401916278076606 
18 18 18 | 0.17203866103694976 0.004218539313108401 -0.021387463163982115 0.045879551068995356 0.002436831565061404 -0.01519905100546281 -0.00915562333281338 0.000637049550711626 0.006201405574165928 
19 19 19 | 0.13917109103873726 -0.0012946702710835713 0.01643314371693967 -0.05145916743829596 0.0047310686807042176 -0.015990379566792078 -0.011811186820106354 0.00022721137730778384 0.008475203885334999 
20 20 20 | 0.14516035670713967 -0.03147168568441132 0.015413685040718017 0.04005715573414029 -0.004190798423919996 -0.011998208082339187 0.009023129800003362 -0.0006861887664858614 -0.01555173202162511 
21 21 21 | 0.1471336608507129 0.01661040345129341 0.024849118053937636 0.03855150336773282 0.007471304369247705 -0.003112214916657668 0.007793081902350339 0.0009001769685052558 -0.013013996672845956 
22 22 22 | 0.14654419769605997 -0.03637161126856021 -0.03315611407040047 0.005655648181050258 -0.015486222124935615 -0.004750627410162982 0.003091980440678549 0.006212361351285859 -0.0035000369139056883 
23 23 23 | 0.14996122871407802 0.0047119408468959305 0.021422254957064138 -0.040990811595340425 0.007956388474474337 -0.008187574592021083 0.0014678137164663122 0.011957734190297328 0.00827543809364551 
