number of atoms: 23
number of fields: 9
Multipoles
---
0 0 0 | -0.3795237820946822 -0.044653430428382754 0.021098164462532727 0.0936707120016105 0.02622772498328219 -0.019470904490525905 0.08450024857900071 0.09367808555831987 -0.038570402069947565 
1 1 1 | -0.3994447484030772 0.04629779220120912 -0.018181041741853133 -0.09610493320520878 0.024032576325920603 0.02082786041324688 0.09631155721599641 0.06636238988551921 -0.045035867938867075 
2 2 2 | 0.1179548390807772 -0.025464256677272503 0.03365424371105622 -0.027203039241680035 0.005918779428715698 -0.004561517564881944 -0.012394759186530931 0.0014454351007168217 0.012330180409271353 
3 3 3 | 0.13384923783964542 0.04604998853170599 0.008285844994485553 0.01983491604971588 -0.01259916149279018 -0.007357351119529934 -5.459466554840132e-05 -0.0058230100855697015 0.005545053240085187 
4 4 4 | 0.14051726456441993 -0.0110517198749358 -0.05228692827283284 0.002152785643267399 4.944661961189057e-06 -0.0005400476598467099 -0.009294385750896717 0.00012793560984059515 -0.005222608186440213 
5 5 5 | 0.14088454395084427 0.03306442071632793 -0.0329205475674227 0.026466748576702132 0.0033788287634112252 -0.004034236941207859 -0.006377937529566471 0.001837381007749843 0.003790774357600703 
6 6 6 | 0.12352807512602915 -0.04343165822202612 -0.018312760175621928 -0.016811907951070817 -0.015520830983967934 -0.0037422696781629983 -0.000768305267064441 -0.008529596465499613 0.0067921525069519146 
7 7 7 | 0.12483591331454835 0.016202414457823743 0.04736528716929067 -0.001418609067161853 0.00615470840933022 0.0031242692356187023 -0.009240502943853314 -0.01440725923935388 -0.007698781340548339 
8 8 8 | -0.48595006675699093 0.056379055397763014 0.016406295229926784 0.031924742246190754 -0.025051127534481573 -0.08301825152689273 -0.013775912816369267 -0.012880011079794222 -0.02489208570941425 
9 9 9 | 0.1387379309221446 -0.025873039030415133 -0.026121627863911586 -0.006959200467606841 -0.05938326177530085 -0.07194329735744219 0.11289915846887418 0.14935527520601816 -0.15015582599963323 
10 10 10 | -0.18976020783602898 0.014837626784243052 0.003894820095304737 -0.008051712997665451 -0.009614425482309832 -0.10461435827381547 0.0006729962755898318 0.10393517956566475 -0.20289278646925912 
11 11 11 | -0.19957442610956555 0.009802231067843776 0.005209310134503333 0.01434347205658197 -0.14668067074310043 -0.11733824613812407 0.06928583234497167 0.07253710250159563 -0.08595710223135758 
12 12 12 | -0.1315708274895151 0.00482624511831994 -0.016612264495127742 -0.028351667384523615 -0.1548981910413571 -0.14221191741809747 0.07077508205988589 0.0519533107972077 -0.09542020802916133 
13 13 13 | -0.1287794077295361 -0.027435982506811424 -0.007988092692610598 0.01761735885758136 -0.018428631962865767 -0.12142047462012742 -0.027527805549252285 0.06954504744036095 -0.17692101109633193 
14 14 14 | -0.15704163524406223 -0.026928978717474447 -0.021693206982663228 -0.009125774519525724 -0.029849996608099724 -0.04267113704045175 0.1337842283698028 0.13028555246415766 -0.12473220065906747 
15 15 15 | 0.14803095385947151 0.009807572800559144 0.007693531303046433 -0.04503159669044073 0.012144877072372162 0.00580996127670656 0.003840526012870499 0.010010558678486482 -0.0028675879615062475 
16 16 16 | 0.15066395819223055 -0.03167888180653274 0.032273741889338015 0.014589804746098639 -0.008264180366510693 0.008571413832352432 0.010665258831926889 0.0024065493770061633 0.004077957027416713 
17 17 17 | 0.14073760010378533 -0.04435070340007949 -0.0022731782259456422 0.028523728615983044 -0.004983354291711683 0.007581809335919975 0.007811758787946274 -0.0047658046533745205 0.015605638760026644 
18 18 18 | 0.14264077416508414 0.005572284772562156 -0.024163318710053047 -0.045610052203949335 0.015734668454487375 0.011293340136721841 -0.007972144114415138 0.001241140774450155 -0.0006702260631285885 
19 19 19 | 0.13629518714421007 -0.0026657118910932273 0.026547778944918787 0.04923396026380211 0.013804105550369428 0.011992697952524608 -0.0043213561349662345 -0.00048049018121182796 0.0023054680028909273 
20 20 20 | 0.13637835220634975 0.047024506031654964 0.0034664989072270753 -0.029307441198612783 -0.002541111083843165 0.008947801417397592 0.007644934476502756 -0.004618445823697073 0.014539564956690787 
21 21 21 | 0.13715772188411568 0.042270046327574105 0.030225558960521478 0.017817514917381917 -3.784389459214965e-05 -0.0009401906831728994 -0.014403376730202 -0.010931141889369748 0.009106238148338316 
22 22 22 | 0.15752901758283455 0.0008847440384375183 -0.04427792347735245 0.01743439167847316 0.008434603451710343 -0.0017760959512090806 0.008994824911721766 -0.008581771806405989 0.0034425485565168657 
