-4.493997423195151	0.5045091461209096
-4.802040462433777	0.5235235442261055
-4.797722472544871	0.5237191002574202
-0.8580080336812276	0.3767092934816155
-0.9057513102614227	0.3859236799150188
-0.8881537110827585	0.38948906587871723
-0.8704737357150041	0.38504109118864194
-0.8613905087525476	0.3854999304032876
-0.8534841795349298	0.38362778302893197
-0.8618626395951647	0.38588674684634505
-0.8863566681432371	0.39141373905473087
-4.752184362471317	0.5201587383962216
-4.769746900561568	0.5284190691661932
-3.4373396961298783	0.47352874653983806
-7.1438136815095765	0.41452998355881004
-7.174946304464363	0.4174008798497761
-0.8863488022620092	0.38993604338982835
-0.8749341607010905	0.3834927108219749
-0.865044515521555	0.3875842034310698
-0.8650991052970857	0.38637640619851993
-0.9169563412627465	0.39949131292431217
