-4.306680580635295	0.4995539479743409
-4.807207003702061	0.5223952456733993
-4.821802061228687	0.5226997653912557
-4.823672445917985	0.523102119893593
-0.8906584063920574	0.3773887288988386
-0.8681631298962856	0.3853629458402424
-0.865494713562323	0.38436195762320524
-0.8579143085231314	0.3830332777113158
-0.86176466809672	0.3843270377063767
-0.8621961604727262	0.3840302625348488
-0.8616025598190834	0.38393362594321095
-0.863246703447977	0.3831826156408761
-0.8575196681465159	0.38333796557540417
-0.8743800556336414	0.3885458142958209
-4.746668730718759	0.5174379885863759
-4.737642545908968	0.5178358482643128
-0.8714715767039438	0.3843673075659071
-0.8661607345284497	0.38214713827439406
-0.8741820731003943	0.38541383219742714
-0.8735541539366862	0.38493523589879325
-0.8727212673794118	0.3865579697573258
-0.8737494842296675	0.38683767698713745
