-4.847904749010129	0.5201085662552709
-4.566361850617321	0.5095213272450442
-4.218591213346547	0.4906478285755395
-4.476218295016665	0.5075150990184226
-4.558599232686007	0.5100358416906106
-4.513897373550108	0.5098765105037427
-4.484395292640752	0.5094387566687596
-0.857319026036144	0.378624646142209
-0.863964129671845	0.37935611371602285
-0.8488205915886602	0.38048455703654727
-0.8470808307055402	0.3816086513218359
-0.8571938868713876	0.3787811540376394
-0.8595469830973543	0.37924127994593726
-0.8604863040904749	0.3793367572811714
-0.8392627478210447	0.38176853882879286
-4.510710162986196	0.5076225079959011
-4.791933114214657	0.5217086355377976
-4.790058441233571	0.5214172826547093
-0.8723242554942903	0.3773273361436473
-0.9028593777924848	0.3865377897333328
-0.8675865947998271	0.38541485120865027
-0.8653787181353418	0.384111143381391
-0.8689487603893157	0.38552500256748534
-0.8675568596174494	0.384870182323373
-0.8649887865356116	0.3859524584521176
-0.8646706270509146	0.38544897634213826
