number of atoms: 27
number of fields: 9
Multipoles
---
0 0 0 | -0.36954626052255435 -0.08046534935575887 -0.002020458891574606 -0.06578787005337212 -0.01953382422049314 -0.004938284366807588 -0.1264374830672129 0.03437066741774171 -0.004194548775419161 
1 1 1 | -0.37666152790604013 0.05771956378852889 0.005780563816959773 0.08786386071798187 -0.038182323356746775 0.0028255344547033017 -0.10715631751857704 0.054719451128881304 -0.014096100196044107 
2 2 2 | 0.13084818199135095 -0.018967098334218987 -0.0404733881862588 0.025963561686779768 0.0076890464969143636 0.007513984657912389 0.004463408166159199 -0.004110813609028387 0.009428902944057526 
3 3 3 | 0.11907922510414948 0.03767456310360774 -0.004884157987296631 -0.032934850415461396 -0.012036470389180159 0.0013609230489110152 0.010493765573114834 -0.008335143821338252 0.002168769907002035 
4 4 4 | 0.1235533180427687 -0.015786145401328968 0.04443913933992191 0.01675483473091052 0.007311876236567168 -0.006277851671571492 0.007007806655204323 -0.008446494135051913 -0.011611800258101206 
5 5 5 | 0.12215984841854755 0.012491242370382528 -0.048372992483676144 -0.008061891350769923 0.009395293377314401 -0.006504310724802355 0.006826233152057696 -0.007287702283404394 -0.012275560004021344 
6 6 6 | 0.12137251498397794 0.027774415938419877 0.034717309231580146 -0.024689358893120426 0.011160687713430728 0.004037016679543287 0.008371014987287505 0.0018540496934461338 0.013011216453388322 
7 7 7 | 0.12886038055719717 -0.04324483008937796 0.011627927993870166 0.023412251251252632 -0.010501381523414299 0.004149910421323405 0.010176640021000988 -0.008817447697069998 0.0013618004187916097 
8 8 8 | -0.4247357954583455 0.08803666708504976 0.0029745558085813003 -0.023850593472653583 -0.1107247213134845 -0.011956780219210268 0.02845597595482172 -0.0069847916431953275 0.013618606079326134 
9 9 9 | 0.258438530547898 0.03417128690201382 -0.0631181546414036 0.02345223817447537 -0.115454502360565 -0.07617389012535052 0.09049031709574458 -0.06707828460381102 0.09718690582636848 
10 10 10 | -0.04636839439237317 -0.03664522112253461 0.009950949037016966 0.0017325470293607158 -0.05322306241159989 0.08578941012742164 0.01811856239423071 -0.1460989049683548 0.14637015171427742 
11 11 11 | -0.013549638531459962 -0.09395140002319508 0.017659097336282494 0.005884114466797975 -0.10376973948285236 0.02182341076793129 0.04796310744156577 -0.10171164403922367 0.11059057506597751 
12 12 12 | -0.10310379970846117 0.11128319218256529 0.03231251477424042 -0.03396612548405508 -0.01598273683902379 0.11872156688175367 -0.022917236387062806 -0.08069179283444017 0.06810466969181699 
13 13 13 | -0.1104844259787372 -0.022768613349702142 -0.029577840971758827 0.011596210242183555 -0.1261255422135578 0.1016772741892111 0.008312075526693932 -0.10943738916904952 0.08203652080122914 
14 14 14 | -0.2909786845476683 -0.008706984904033979 0.014900756827315157 -0.0040462701481753785 -0.006281393885039433 0.0067587447813619445 0.028832898786404788 -0.1399689450622631 0.1348648086521087 
15 15 15 | -0.19623666684209695 0.027836235614292944 -0.02784079343929455 0.006620019690351805 -0.1338540583482361 -0.0725592226943129 0.08470671948750834 -0.07296519062054092 0.09445499329937267 
16 16 16 | -0.15975649194769126 0.0227998910884574 -0.019144703901308482 0.002832421521768896 -0.019504637688729225 0.043723807294900614 0.019437510382064066 -0.12285471247639047 0.13172056494013387 
17 17 17 | -0.4260167829535426 -0.07022145601593462 0.009885559246678595 0.008317143154547945 -0.04793214851577899 0.05095230826406564 -0.008596781223356146 -0.004253097962344324 -0.004791231727231699 
18 18 18 | 0.13252432603317021 0.02791737778177408 0.042236722511230305 -0.023922307063060755 0.014007565636315266 -0.015205688974938774 0.0015788001549800566 0.008041595904156502 -0.005152645323343811 
19 19 19 | 0.15503263249877208 0.049557409256202195 0.0013338125862888417 -0.009280475198653257 -0.007537659244550071 0.0035218894672884474 -0.003250040427549388 0.011342113371292739 -0.014237573806621153 
20 20 20 | 0.14195911188114918 -0.026310864358618454 0.045026213190215957 -0.014361759019872397 0.014671026008175393 0.009714992716685002 -0.010277936104657298 0.004146492882072347 -0.007054295321637901 
21 21 21 | 0.14105880167095775 -0.05339026660706251 0.0035605691322672687 0.007433777659742418 -0.00751972118156836 -0.002530345035582953 0.00033858637043389145 0.016176936531747815 -0.01598339090037495 
22 22 22 | 0.3563011651500757 0.03473521859465425 -0.014139000041794358 0.0003676794091505856 0.0009472419139225762 0.005504754019307069 -0.007238697053337808 0.016788905511011625 -0.019990376540637976 
23 23 23 | 0.1501189413488907 -0.007906392462975023 -0.05700732734275189 0.02462292552749482 0.02192401350534861 0.0034678778709637745 -0.01025563151353189 0.009023124496432087 -0.010390707672558128 
24 24 24 | 0.1460443798555071 -0.01471343360765005 0.004840011545907632 -0.04757073605487528 -0.0028699260732496378 0.004599477935939594 -0.017031677273644335 0.0017255562502226968 -0.004159654099502532 
25 25 25 | 0.1397850997109652 0.0022948336144928724 0.0425082741730834 0.027270679891324385 0.0018429837281220202 0.017780265896046834 0.00691763699043191 0.000345422289727148 -0.009056996925504584 
26 26 26 | 0.14781097867264004 -0.0009952023570754971 -0.03973007907562477 0.027013231610095754 0.014760987757143944 0.000517302426103634 -0.002991314381365474 -0.007334963503933276 0.00622669561866589 
