-4.729765129592781	0.5159240038761572
-4.741913174320983	0.5184267801762519
-0.8792217585766889	0.38644545125696045
-0.8736323971997211	0.38375244950003173
-0.8698232238485739	0.38142384913495997
-0.8862636580040995	0.38791942286816194
-0.8668103135502124	0.3860434016224998
-0.8657466832829863	0.3861822564731105
-4.509987820004729	0.5060975059599512
-4.800523660695919	0.5218990288770365
-4.792649765425138	0.5203023900669174
-0.8968930338651935	0.3861578842218862
-0.8920112017377526	0.3819740846399639
-0.8604900661987203	0.3833398941774906
-0.8638575551177738	0.38449598555020464
-0.8597543032602822	0.3820785731246063
-0.8683703988457965	0.38515518150426936
-0.8660566796591823	0.3863677337876351
-0.8668491689234167	0.3860571634915386
