number of atoms: 26
number of fields: 9
Multipoles
---
0 0 0 | -0.1436414026206254 0.07890871700985794 0.015686937533465374 0.05056977587865114 -0.008176289475176336 -0.08429181775772884 -0.0541337172431737 0.024285035995052377 0.06038171957243372 
1 1 1 | -0.4384750083491875 -0.048491363674926284 -0.05981102972411772 0.028258221570378175 -0.055581728576298554 -0.09992787377190387 0.008824744466069501 -0.04289410311033554 0.004761122987281027 
2 2 2 | -0.435633387974522 -0.005425761088518219 0.04673853298412307 -0.06865512724497924 0.036868557054808064 0.024983193930635406 -0.06317367967221237 0.07585324225591447 0.05435898292717652 
3 3 3 | 0.13525317148916727 -0.04614909362750553 0.03422128059858412 0.013233064934076584 -0.005590530118714671 0.001523090040897508 -0.004492844713531538 0.0005176694455823783 -0.0076260420711927734 
4 4 4 | 0.09396969419899603 0.012274785985087279 -0.037470841333061396 -0.03339351689494647 0.0029850252428609966 0.0017497169605719795 -0.008761942234338925 0.001453603256937191 -0.02814825220140397 
5 5 5 | 0.13521860165126853 -0.011496499539702425 0.025127093098122284 0.03903552508578212 0.007832884053144003 0.001777807567175001 -0.009587556825830262 -0.00040310281482377444 -0.015701605137530987 
6 6 6 | 0.1276814788292142 0.0415105776671297 -0.015752072365443737 -0.013746266497744143 -0.017273981160387815 0.009176056485049539 -0.003898221842570347 -0.007798049086653737 -0.004599346814183211 
7 7 7 | 0.13214261654392268 -0.02037848656512405 0.012899087902476809 -0.04179736615088794 0.010355232089323955 0.0077160972405640686 -0.0008102568884731574 0.0079878245409582 0.00915771066255631 
8 8 8 | 0.13009779132255905 0.035347374688386994 -0.030951897010318145 0.0017328235681637908 -0.014218762969403305 0.014031382838642971 -0.0031997807830299635 0.004530332636810151 -0.0031833925380531677 
9 9 9 | 0.13355954779362256 -0.0017797538043985103 0.0396361531112811 0.02631970770902192 0.000960536699247468 -0.004102215054184056 -0.00013907791908201482 0.003252313812787327 -0.018732263761604456 
10 10 10 | 0.1319102401007839 -0.03591237320299482 -0.032732306014393794 -0.0033539524679945944 -0.0028820825337424467 -0.010787188849568143 0.01021823401815401 -0.008975078433601343 0.0017672838136844867 
11 11 11 | -0.4801774952711435 -0.006175505215293748 0.017418244288966638 0.06352928680090564 0.06821744887601254 -0.03460291027959068 -0.029195686804146557 0.06717604369587457 -0.005827270596518658 
12 12 12 | 0.1427224032934662 -0.014773669445297621 -0.005717562593241333 -0.036761340566227686 0.14048147253397222 -0.21035006157874064 0.02545930172877291 -0.0018085431760652435 0.04149914572731243 
13 13 13 | -0.19879134773030405 -0.007516983790630353 -0.00047792325216240483 0.013583925615751639 0.13305178199281245 -0.16780612215019922 -0.03149053363846367 0.003298017273153094 -0.08215883862021407 
14 14 14 | -0.20914252326303995 -0.005266108919113813 0.016141194779614655 0.011946585921121928 0.1368804423590528 -0.13043841093727926 0.04879415795854111 0.10996813940200835 0.0345235420625404 
15 15 15 | -0.12716913921614736 -0.01839572415604527 -0.02559111057364367 -0.007988666854219496 0.15560933291085238 -0.11329461957500579 0.02683334124719952 0.12823742835389604 0.031684777483433756 
16 16 16 | -0.12458308794661477 0.006739742818440724 0.01776477118563374 -0.025462310242799012 0.12725664465779116 -0.16325342690720115 -0.03458175879201879 0.047029715844012006 -0.1007746759730181 
17 17 17 | -0.16089852650308956 -0.006586736797707774 -0.005850672080695745 -0.031210056104156003 0.10754598605085308 -0.19473332571937424 0.041489643737058345 -0.03284485185612098 0.04662300575765026 
18 18 18 | 0.1493634414103513 -0.011537518038881246 -0.04396327495394042 0.006549472759573679 0.00017715136702403292 -0.01019669294395912 -0.0002666845614186949 -0.015813165297106555 0.0007447247599687201 
19 19 19 | 0.14973390752374438 0.047389715853041726 0.002945629846858986 -0.008958208326991715 -0.004051662837920129 -0.00021747225173714073 0.015047030637385737 0.000884896922956903 0.006730206889403999 
20 20 20 | 0.14422067333289734 0.018630236243068525 0.028555847630234707 -0.038772569541887604 -0.006902828842291668 0.011024030066555394 0.00938927890850069 -0.0006627909670910186 0.014679666030385004 
21 21 21 | 0.14248955988235146 -0.02530282558137264 -0.04437703318568517 -0.007074812648503339 -0.009820438396711345 0.002727685765641673 -0.005509788671226262 -0.013827146813076792 -0.010642285767998258 
22 22 22 | 0.1368521503430723 0.02642273386039432 0.04726077538120149 0.01249895836747415 -0.010669318372219948 0.0038924339638704807 -0.003994384421018799 -0.013990242675695066 -0.004647552424008793 
23 23 23 | 0.13606543407463245 -0.019237013343273993 -0.03209468434020748 0.04131875457871494 -0.007930736190459307 0.009483912272118148 0.007182663452784131 -0.0018864198017586582 0.012708569361043056 
24 24 24 | 0.1389978989098558 0.006861597996764977 0.014554789961144647 0.05255844929645291 -0.0056852377218136315 0.015113022458073187 -0.004443775861750736 0.007430998007162056 -0.0071125303085281585 
25 25 25 | 0.15604431671908903 -0.03229848769128774 0.0314587202022148 -0.0164811381113313 -0.004762316509135444 0.002315700101001615 -0.007082355278880911 -0.0008477796780625697 0.013231102700729755 
