number of atoms: 27
number of fields: 9
Multipoles
---
0 0 0 | -0.3929350075159661 -0.09190497882275082 0.038583465215765514 0.031502051380416216 -0.1136818872443449 0.01702814006025647 0.08316913531466344 0.006786359044790404 -0.016619309704047184 
1 1 1 | -0.38365563264027447 0.09293859928528614 -0.009358582313024222 -0.03684290777383603 -0.07143857227594308 0.06198976683724628 0.061705822398214955 -0.020157092858827042 -0.012805140271507405 
2 2 2 | 0.12638499502919354 0.024409999883820283 0.03731953841540778 0.02118046717645521 -0.0016478657678005418 -0.015590236558317174 -0.0083823748749731 -0.003352662309856653 0.0032336590848499945 
3 3 3 | 0.1415957916306556 0.0036981186054182683 -0.045568143899743896 0.027029260941549785 0.00020039334365001168 -0.0001395104194684131 -0.008120371420122573 -0.0006892755090460452 0.002776361849858145 
4 4 4 | 0.12648631894008222 -0.01501753764149057 0.0007189344496810548 -0.04832084851736164 0.01269477409832921 -0.003908087649659583 0.006131788734181001 0.009384381819845446 -0.0007128679982127855 
5 5 5 | 0.12872930435463437 0.013906670094882025 -0.005036554687844376 0.048517612528473746 0.01503398809518504 -0.004425663822885007 0.0045327277425363105 0.009240657354669925 -0.00244015715215153 
6 6 6 | 0.121303139428794 -0.01967408456698116 -0.039823206455064174 -0.022984660288976572 6.542692863805674e-05 -0.012216389287867582 -0.009041806550649723 -0.0066215818188802905 0.0027984767792415114 
7 7 7 | 0.13102279961222263 -0.0036455757112590853 0.04570006654755634 -0.020328357335286446 0.010322301639325335 0.006782802024213014 -0.010149015988205404 -0.0073097236487626805 0.0030617252571958193 
8 8 8 | -0.22673693965248454 0.055552940629993976 -0.026304436728117695 -0.06140582900147135 -0.05063455913975398 0.06396977050799067 0.021533895209421276 0.08918605848368394 0.023360507615231625 
9 9 9 | -0.4206850161258382 -0.006620963473308503 -0.008439460736793076 0.08684013680590028 0.03905200496163058 0.008011045812283851 0.03641731574829896 0.07072322489120593 -0.023190786861349948 
10 10 10 | 0.04800621640767577 -0.013916072194075518 0.001114445756380774 -0.031038899073868642 -0.1270088852343305 -0.05937320756876442 0.042180098803468645 0.013796869270941346 0.21995134768885413 
11 11 11 | -0.12657445982917004 0.009094865859463725 -0.02478589567297688 0.006830579067312012 -0.1569974989224148 -0.010937483362479903 -0.010676798785285822 0.028318798296551154 0.11651848959525876 
12 12 12 | -0.1503608988035845 0.0285665756297495 -0.009434478630980694 0.01312502232897904 -0.05560254455887327 0.012547136456471203 -0.0600288129893404 0.04475515715187286 0.2015293324394168 
13 13 13 | -0.3330637532382186 -0.02245159703797023 0.009893527022288408 -0.046547217938810864 -0.0645600206632453 0.015578397123799066 -0.10751673377684919 0.06784194637006574 0.21921997985141095 
14 14 14 | -0.28508221156945535 -0.03155591269611388 -0.008360002600776361 -0.01766119675824641 -0.15719087570537546 -0.05086970357770702 -0.023768004445753374 0.02961612994225688 0.1221056770143236 
15 15 15 | 0.391970073674325 0.0994804891752493 -0.08406982809321147 0.061404847839919556 -0.09038335449902923 -0.1477943081061015 0.10002307742665974 0.044059384536484274 0.10315079934855771 
16 16 16 | -0.5987515071559244 -0.10207490623516108 -0.06034547407349676 -0.040252659484652384 0.0962857202672706 0.08684690647287022 0.07052945071006904 0.0616171997235386 0.010651437241784004 
17 17 17 | 0.13613263275814125 0.00014190364053479632 0.0536542991332392 0.012517498540604927 -0.011190374582046603 0.0036076503244443026 0.005171170693160008 -0.0073508520359928265 -0.003362565707395663 
18 18 18 | 0.11857319762717666 -0.033777314857804566 -0.03655182001821537 0.0005782803307942601 -0.012601237261287278 -0.013273550871517612 0.019056494056696058 -0.011991532736873428 0.0027178663576603915 
19 19 19 | 0.1299227329801773 0.040613572067539294 0.02450757122300628 0.0011004389616770481 -0.011233510006394054 -0.007073426460424415 0.004243133427484175 -0.009813747122264533 0.005507180294268658 
20 20 20 | 0.13765280688129677 0.011974830842134293 0.03741512120080718 -0.03740418938106105 0.021882299418837816 0.002340654583397966 0.004904885520043842 0.002705244054972732 -0.004669943044181913 
21 21 21 | 0.1388915345129048 -0.048705766610936035 -0.009104045572149088 0.01845901644766737 -0.007659200358343902 -0.0066590329764265165 0.004861020114799329 -0.0040674611538767365 -0.016589046808376355 
22 22 22 | 0.15209313063790486 0.03951123475296556 0.01583007073179031 -0.023725448584934708 -0.009839979193053653 -0.004947138828451179 -0.0010456404866519815 -0.001422891802199518 -0.015173900995965892 
23 23 23 | 0.16668548954359752 -0.0069462816436978245 -0.0314893677249438 0.03948240731757124 0.017819821048688296 -0.0014097744349488238 0.002347328119213894 -0.0005978224770413657 -0.0018239257150752786 
24 24 24 | 0.4441089263026008 0.01807278174915548 0.01391607203940138 0.004161209404215057 0.003274105159307596 -0.005502574709154993 0.013184681415567277 0.007089771939020262 -0.008526181097435062 
25 25 25 | 0.1329053149238898 -0.04024223159601019 0.02510581816873549 -0.013462452973647464 -0.005063259171949472 0.004356126976917547 -0.013765171015400573 -0.0052005129808298306 0.006000647916660352 
26 26 26 | 0.14265098257104902 0.003807921162246683 -0.04917412079298894 -0.004287025468213657 -0.0014576880757794484 0.0027576167787359985 -0.0017722784647577427 -0.012734237587984299 -0.013700322721105674 
