number of atoms: 35
number of fields: 9
Multipoles
---
0 0 0 | -0.4198078765982727 -0.007758425221106803 -0.07725023004472897 -0.04898495571588964 0.06311992205752338 -0.012741161742148182 0.00837627915180878 -0.04905864156561213 -0.0807105762830924 
1 1 1 | 0.2554817324559089 0.06616196738494207 -0.003404555894983838 -0.04222526481880443 0.04296915639501045 -0.10543294529138104 0.05381084524053294 -0.1309416685792898 -0.09006162896060475 
2 2 2 | -0.04030950968925762 -0.00883839404949807 0.02451541282801035 0.023521497754369385 -0.05942618745513024 -0.04172779820701415 0.20773074624537347 -0.05526508518382963 -0.0750146985537213 
3 3 3 | -0.006270795054656553 -0.03053316301787551 0.07886048329649827 0.05124153780764195 -0.004722912887321495 -0.05421204459789666 0.12900525679284233 -0.0874044615227999 -0.1035665346527573 
4 4 4 | -0.09672357226620854 -0.01205124523770032 -0.11569493205264757 -0.02971025621819999 -0.05597566689378274 0.04251439297916512 0.14689864421556564 0.035550529715530625 -0.05286713077988832 
5 5 5 | -0.2928297561827451 -0.01067703014124004 0.00191871171587528 0.018719913348047033 -0.06233365085645415 -0.1060223234300781 0.15748700281470826 -0.0593070040406352 -0.00606170720704836 
6 6 6 | -0.11691251465692964 0.026023190087108617 0.02877404426121055 -0.0008715117783917539 -0.013030445513722079 0.025075575446022298 0.15927354714566488 -0.04666203336925324 -0.11755568000734705 
7 7 7 | -0.18655253364441737 0.027648411727550865 -0.011794320293348634 -0.024140606503602315 0.04171077789429619 -0.08973651608361258 0.06581382090714072 -0.1528434172213779 -0.09676003727816897 
8 8 8 | -0.15662444906798711 0.019713857729897356 -0.012347171007058467 -0.013740111488479367 -0.060538170047085726 -0.06278675715694688 0.16193121426693008 -0.05020387342140889 -0.03695000705072398 
9 9 9 | -0.4507233655787388 -0.011263435618476033 0.05491642211085401 0.06416928182228546 0.038378007156053995 0.0117726168903501 0.040940002752004406 0.05984072954366572 -0.07751736137033338 
10 10 10 | 0.17352914527559493 0.0061464406228823095 -0.04879204201637322 -0.021424923579592282 0.006799267356191492 0.008916556417702249 -0.010714267815796501 0.003612013805386922 0.0026757461553611984 
11 11 11 | 0.13386016011544077 -0.035051452314868246 -0.042325747331131716 0.0063597880258658285 0.0002551697426662286 -0.008771546020911564 -0.015907919095254904 0.002780674042026329 0.013659934557708088 
12 12 12 | 0.3436949217656462 0.024012464531393826 -0.02698087650222363 -0.0036402752215852993 0.013385733613170235 0.016722891661381238 -0.013351617670338465 0.011155448726961531 -0.0033440929591996224 
13 13 13 | 0.1375006892789099 -0.04323301281471707 0.00428131790848389 0.031114122469660187 -0.007349237671544007 0.009081213118217794 -0.0018526126549420281 0.016029657853133882 0.00946960360249649 
14 14 14 | 0.1457610553196712 0.04713833854724058 0.03221558285661938 -0.023283519693333418 -0.007926227436729156 0.007041233549254564 -0.010062513519507819 0.018519839716437992 0.01573931582034502 
15 15 15 | 0.13688574485212235 -0.00888026530013955 0.044650608282909766 0.02743282307472588 0.01347574366351686 0.01163291314232758 -0.01579154548783267 -0.0015059176792908862 -0.000727196367597868 
16 16 16 | 0.13993172419276056 0.020756873833025342 -0.02199721156826601 0.04145317076028404 0.0005430572626601365 -0.0017502976888447719 -0.0071886878416450445 0.015714925321236185 -0.008194265679810478 
17 17 17 | 0.1416364470929704 -0.04879060342214387 0.0074578766968650964 0.0014531769521151543 -0.00877649952056121 0.0156947200857101 0.006492181322328004 0.0037569080257238143 0.0005404441899062183 
18 18 18 | 0.14665148719238075 0.028597390842546495 0.028010116991800667 -0.027927576861876857 -0.005773094680656466 -0.0069355822927461026 0.004782779959282777 0.006038126181725512 0.012295334044706311 
19 19 19 | -0.46667742467810047 0.043867920635905694 0.04270174036726304 0.026813781442980095 -0.028637302992408485 -0.05383196535132004 -0.029978349681279486 -0.07460877409888644 -0.042188496180377275 
20 20 20 | -0.3624861378332209 -0.054200806557608866 -0.017103396108245916 -0.017780577680961838 -0.15762024395673305 -0.05564614529398712 -0.10497733528510093 -0.12617713018270668 -0.06014148743938043 
21 21 21 | -0.1290349992111519 0.02301049015715697 0.0204058215721693 0.014304828615962757 -0.03606263822718955 0.0010968184206898777 -0.08190192282323433 -0.15656164231296418 -0.12176918265365506 
22 22 22 | 0.39171004135308873 0.10693462950374608 0.06186863200718912 0.06222443404067669 -0.00799775215458137 0.1553945575135689 0.04153765894237984 -0.1608032201588613 -0.03683988652565022 
23 23 23 | 0.09360845520697403 -0.027966700031120454 -0.02999897297281139 -0.011587070164448056 -0.10800089477414589 0.10060408605771257 -0.06096704902827584 -0.18487281985531204 -0.09875468824645649 
24 24 24 | -0.286006687831593 -0.006103831389556914 -0.024878213984304672 -0.0028891279518447944 -0.026552684185965413 0.01148986057568691 -0.049642615534453836 -0.16851097210484003 -0.09772952638421376 
25 25 25 | -0.14988789863818042 0.010629834390941891 0.01566616162069623 0.009342728610867683 -0.14595562988918045 0.019661206053914915 -0.09716188768697019 -0.09497764881073675 -0.08361974095690818 
26 26 26 | -0.5945503821000813 -0.012384756818055278 -0.12485547567763204 0.0007134388600638175 -0.08517047360525862 -0.013178713880157709 0.024884746142993335 0.12503121110237267 -0.007046217261357564 
27 27 27 | 0.17576858295403652 -0.025790992135863257 0.04466726780656694 0.01100514542476679 0.009977688647890778 -0.007857696445083764 0.009138461127539979 -0.0021406484654184943 0.008625730817503521 
28 28 28 | 0.1387668492619295 -0.05018947941316889 0.019896675877079436 -0.004901527221354258 -0.007764378262107168 0.005144418913296248 0.001592947626546104 0.016281874728698065 0.010463710206293825 
29 29 29 | 0.43474174893296325 -0.0031792508969875725 0.020634161360951683 -0.006409897416475702 0.0039003473970156406 0.009366114571264558 0.01207548829914419 0.0008915459578140918 0.0033090682610278865 
30 30 30 | 0.17150502978864057 0.047716212804944126 -0.017137617310685475 0.006657260079168695 -0.0062553621373347525 0.0042530710416291044 0.003052192663329261 0.011823879461790237 0.010763197787750742 
31 31 31 | 0.14755426581673114 0.0256657066709673 -0.014306000154050395 -0.03840830619815239 0.010491381316163482 0.00891011538793123 0.004298474900748992 -0.00038283229445110065 -0.009659241924625386 
32 32 32 | 0.14725153345418485 -0.030106569137932505 0.032823752616978154 -0.013746766531665032 -0.009375516221917412 0.01522329516021739 -0.001752388944028794 -0.0010150556484918945 0.004477099676303845 
33 33 33 | 0.1441509805364929 0.012367737486692116 -0.05061714579613418 -0.011905025629016339 0.01910928117145213 0.005398025088426655 0.00912478693050224 0.0017204057721470955 0.002105953263375988 
34 34 34 | 0.15252264646029856 -0.0071340032278674635 -0.02720193294797786 0.04000818337394897 0.004010068211715011 -0.0016089039125693314 0.010699599078354062 -0.006215297356728748 0.00952758651770502 
