-4.368668121995075	0.499401118483943
-4.880114682704158	0.5172965787362981
-4.623765611316131	0.5083870367637147
-5.00734487495056	0.5265363859418287
-3.651727626222522	0.473435630779101
-6.9851461298625726	0.4022379381671057
-5.6801588028541525	0.4377392125716449
-0.8946289386455745	0.3814834273788561
-0.9105318422031113	0.3843589318754322
-0.8473556177077796	0.38142157331669496
-0.8667443890701535	0.3884088463913093
-0.8803194967337222	0.3881191549363217
-0.8345006682263361	0.37739006756766896
-0.792930444630763	0.34998470927882774
-0.8378344588918174	0.3547831647125841
-0.8811916201792418	0.38856528059816314
-0.8038856069764378	0.3759262348879017
-0.8044667333350667	0.37577198357490205
-4.740658084489619	0.5181775034259051
-4.746487414435977	0.5185962623189007
-0.8785349375007518	0.38644539794470556
-0.8765100067221476	0.38564171531031066
-0.8714873152277478	0.38451432929860585
-0.8661889707735833	0.38380152415169744
-0.8671377319725139	0.38531439618756674
-0.8703231103492445	0.3860778932499985
