-4.545640872082453	0.5034131199708716
-3.405919128739675	0.4562909197131872
-5.97765116025702	0.4480617056818926
-6.29298278148815	0.45716222297157966
-6.274983945936972	0.45646587747107864
-0.6002353592741649	0.33769931823723437
-0.5557973923311293	0.3301770958093246
-0.5549003437934996	0.32984783330428263
-0.555455566596508	0.33375227448139416
-0.5575538383920781	0.32907731943584395
-0.8286998372876717	0.37248292791500454
-0.8704479492431522	0.3808823446877952
-0.8580479183993847	0.3803975832096556
-4.739665625326293	0.5162415039042288
-4.728908169508954	0.5166404160676635
-0.8474886209125049	0.3787726436810675
-0.8978827697429904	0.3873481690593627
-0.8687841135565813	0.3836110828539197
-0.9073938467469103	0.39155868458018067
-0.8454401875917601	0.38004131305175576
-0.8746170867202873	0.3868407554654895
