number of atoms: 16
number of fields: 9
Multipoles
---
0 0 0 | -0.3709699047202104 0.09431926984289805 0.04870082724444901 0.007372721664721434 -0.07673186141275994 -0.10026758217403312 -0.0046902076446786855 -0.04755919678700378 -0.015231578918052605 
1 1 1 | -0.3837300342444223 -0.07627509465114693 -0.0668658918564354 -0.0005787525289048301 -0.06280137802269924 -0.09794575317944862 -5.614513847939931e-05 -0.026430548930683095 -0.0015293970624086677 
2 2 2 | 0.1328541186542942 0.013143763436780299 -0.04906347411478499 0.004348261628426709 0.0075095587645897435 0.009119930561918312 0.0004473346465874235 -0.003416270973592047 -0.0017140761922116304 
3 3 3 | 0.11833657996292013 -0.01909008312005963 0.023394041642056086 0.040681575213185564 -0.004008738837147102 0.010202597225851998 0.012088421108098919 0.009654692905105391 0.0025488395970085084 
4 4 4 | 0.11601131639433271 -0.012360592781313006 0.01695112428602596 -0.04606589857496929 0.0010441867954648588 0.009540615882815809 -0.01390690067252916 0.009278339158005829 -0.004585949490514388 
5 5 5 | 0.12598057830281373 0.007704744457764704 -0.007687766724890591 0.04921724434322888 0.002689846824697892 0.006656767359776986 -0.012607993165432456 0.010200372764145257 -0.0060254080902046115 
6 6 6 | 0.1322812888400292 -0.030729256305196954 0.038822959232083606 -0.012429245039799015 0.014209540487343873 0.006349538079286058 0.0007855213497437626 -0.007649047932197368 0.005177114052449014 
7 7 7 | 0.12729220659294027 0.025234704335026416 -0.028627111501881724 -0.03411594028792438 -0.004751733958522626 0.010184526936447724 0.011961722946845532 0.007663436388265984 0.0021846884681326496 
8 8 8 | -0.3682551398521552 0.008772763861134222 0.0013493914947342936 0.10416725268081437 0.06864101529332561 -0.008714550169995021 -0.02822856224547655 0.10477039110116931 -0.0015033863740162026 
9 9 9 | -0.3798821838830806 -0.012924050854823016 -0.0013188737534596548 -0.10171951053162662 0.060121728211198114 -0.0008047832100208029 -0.01112571886279604 0.10153540898616024 -0.010447572805653657 
10 10 10 | 0.12664106135035602 -0.04204867366118173 0.031146761975311202 -0.0016854058113733009 -0.007939019769999018 0.0013588123549522575 -0.008600320536202894 -0.007864006501529661 0.004838315214488768 
11 11 11 | 0.12121909807780917 0.04787937885584741 0.011130817651134937 -0.011636128492004101 -0.006515984898433405 -0.0018032323818211518 0.012699245859085141 -0.0072644307580886705 0.005410453682684758 
12 12 12 | 0.11828995817605115 -0.003142352006582028 -0.049018824813104094 -0.007029087524346898 -0.0015454704773408647 -0.003793721367248013 -0.0011826623641797967 -0.013868417080163469 -0.011963597848053873 
13 13 13 | 0.12612214116717502 0.0440128887577648 -0.025477734106776746 -0.002941007411492221 -0.009464208936006269 0.005394160238008968 -0.01174372920205001 -0.006788115559003738 0.007814027356016993 
14 14 14 | 0.12787300727851725 -0.04127028094236093 -0.02801428475019232 0.00965840213764988 -0.006476573094932968 -0.003257872317061434 0.013138173654848618 -0.006499019195386563 0.007126560196338796 
15 15 15 | 0.1282378228633293 0.0015391970727097499 0.051056956651445454 0.0022419095432768873 -0.0008265516007914879 0.0003776057286868548 8.546297118465113e-05 -0.01220168765701244 -0.012897214078690237 
