-4.751716909771137	0.5192927580287888
-4.762514070218811	0.5270120523101952
-3.478621226598195	0.4772935843651797
-7.128981846861801	0.41340990645322506
-7.145915809436008	0.4133627422348385
-0.8809010642687398	0.38611431044251915
-0.8737153204235998	0.38433529468337224
-0.8718422215103764	0.3868210834410631
-0.8613588912765892	0.38775143725351624
-0.9159417711938753	0.3990187074753457
-4.5053292106545015	0.506019190770542
-4.808834267999466	0.5274944714064442
-4.786399003883271	0.525584545921527
-0.8939186722493048	0.3868006907929258
-0.826673747083651	0.36480315554711984
-0.8762276764613076	0.38872929856515326
-0.8738364350563018	0.3881525765972907
-0.8851120092944114	0.38978991385640055
-0.9081204383360274	0.3947751603855749
-0.8900124014476388	0.3929232507891844
-0.8413610555069928	0.38281569663903486
