-5.149355020787966	0.5513114794161978
-3.33069283862749	0.465833341721454
-7.1076888579036215	0.4103991887580973
-7.246319505306929	0.4242877834761998
-0.8411294380070717	0.3863830665887893
-0.7804275663758022	0.37017877232367663
-0.8692955543863553	0.39537221874776385
-5.157098455083903	0.552473527721574
-3.3218687874089565	0.46530540190644
-7.244585553007396	0.42404447852901495
-7.120483600346073	0.41222574523103744
-0.8360933672558206	0.3850562640019302
-0.781923009811178	0.37077246859430313
-0.8672721263334556	0.39494804784027615
