number of atoms: 30
number of fields: 9
Multipoles
---
0 0 0 | -0.472684914215173 -0.05979774980316677 0.01689496857293448 0.02433301235747816 -0.05732094057761884 0.0651616114710064 0.020247981549344905 0.02408742990489798 -0.029760534150497283 
1 1 1 | -0.12105703201173856 0.0021215057852623557 -0.006380396044199473 -0.0325561234388694 -0.16343817753801546 0.13549618683111725 -0.04075286779059575 0.0606964860345372 -0.08996427069131713 
2 2 2 | -0.2073355370574106 -0.017523690932675355 0.002489860055543707 -0.005168937069202084 -0.006234465093917565 0.09071872953353988 0.027350367102921342 0.12373905531875615 -0.15780279361525576 
3 3 3 | -0.1661575101687962 0.02797646735827372 -0.017216841572777558 -0.014424086101744234 -0.031530887847337416 0.040671729121529054 -0.12074616002000822 0.15933411208094667 -0.09968856695047928 
4 4 4 | 0.13654505390789762 0.03496153729093802 -0.006480895633527859 -0.01717615110855591 -0.0641642124046836 0.07120319793243084 -0.10167784793593404 0.17960134749006382 -0.11944705365443083 
5 5 5 | -0.13587543261115353 0.03428686667092764 0.0036730936837679248 0.011422608562508119 -0.019453716979653625 0.11331743853422832 0.04435554749017689 0.11475473974857288 -0.13886540888821206 
6 6 6 | -0.20528175385041436 -0.01457914645094865 0.0034092537392863076 0.01914803915614858 -0.1454864256221859 0.1189425687669761 -0.06017203982979531 0.08547916406410033 -0.067493397184841 
7 7 7 | 0.1418394767833795 0.0031438466670123174 0.01807858450345002 0.05340137226593094 0.013873171967107219 -0.010599832240316479 0.0035067550225980583 -0.0018086435767349898 0.0009248131379068873 
8 8 8 | 0.14703661687254688 0.043280573869905234 -0.004818844846849447 0.028881472381005774 -0.005146854593862044 -0.009395256458502196 -0.010562248312590977 -0.009179189017346798 0.012692863076698521 
9 9 9 | 0.1404064846176012 -0.043931035547476086 0.0253650640703288 0.022141600923254852 0.0004733467905910021 -8.304790960670617e-05 0.013804163914403842 -0.012729808902546783 0.006124601701463094 
10 10 10 | 0.1435090420099564 -0.0478510463080747 0.006310873151284094 -0.03037208452970931 -0.0021564348801990435 -0.008703910759443158 -0.00833483904733604 -0.007679296982618198 0.012023808820051541 
11 11 11 | 0.15025781743688127 0.02689725582154995 0.04060159185059291 0.007448436904295397 -0.010615569788610934 -0.011482658131097407 -0.005521710221667513 8.072482015601367e-05 0.0038057271469179666 
12 12 12 | 0.15068912219560604 -0.013242133486238703 -0.0022748542750218935 -0.04446877880149997 0.010401155556895771 -0.005216408577772362 -0.008374615583989897 0.01069958072487247 -0.004884028596512813 
13 13 13 | 0.14436513826587516 -0.0048074497056700026 -0.019126118709830404 -0.04892174408484058 0.016524479467588386 -0.009152862596047705 0.008149223403933977 0.001148575118212576 -0.00025116326912664956 
14 14 14 | 0.15139451663877024 0.008679865175627872 -0.04087351488657496 0.02392906385465318 0.004180439791502072 0.002369441609872867 -0.010138110673904287 -0.007580160891415661 0.00718186782016933 
15 15 15 | -0.47570073775558175 -0.05505902753371085 0.026600809203233138 0.02602044708357793 -0.01714366589841347 0.09871472098087922 0.05738306849148676 -0.0014138633250906736 -0.01939245998757393 
16 16 16 | -0.20153407380456034 -0.010753947974870117 0.0043100656016114005 0.016253044362669885 -0.025081739628044202 0.21816110180662146 0.04553838908871906 0.013080216649821686 0.06226475733943416 
17 17 17 | 0.14009816269980835 0.023006712374852415 -0.018261744329880085 -0.018909876029253394 0.06184770737430592 0.17392660888703454 0.03640608957396027 0.10120294556343706 0.15229386244694604 
18 18 18 | -0.1272726482027995 0.017610699926001137 -0.02755707718429644 0.011893828456864312 0.00934892888567699 0.13045236502584368 0.15096147914517818 0.1159675517474509 0.015303548464196102 
19 19 19 | -0.20562012168466826 -0.013822236287590892 0.01003104143271274 -0.003240050556279296 0.030538857965925995 0.10599174807430077 0.1269864183697474 0.13472714855856535 0.05197011315733282 
20 20 20 | -0.16127210457126484 0.027516318185523147 -0.020487515709647807 -0.015979334122799282 0.07324280651874386 0.12191689504332259 0.0021810455018371876 0.08804395373757497 0.15203871117688875 
21 21 21 | -0.1347419563154526 0.006948724528445378 0.005917807675262438 -0.03039560197485926 -0.026834634252106547 0.20929416726384098 0.04479127177358829 0.0020989725904928037 0.05011074687517186 
22 22 22 | 0.15730261832585324 0.007371963467047735 0.016820200475522806 -0.05205798306352445 0.001108192673168283 -0.015122514158523837 0.0014648645441576928 0.002755192796810793 -0.0076600033029316575 
23 23 23 | 0.13879517117197537 -0.02845489504511648 0.03883266427708908 -0.028601553497741967 -0.0020758145976058737 -0.005612931498057679 -0.013892860411350454 -0.010357893012546814 -0.0002269906295965852 
24 24 24 | 0.14825100341884956 0.033257924943497656 0.011380380256525517 0.032909626136810824 -0.008128528477574082 0.0010404088894008894 -0.013050829981935514 -0.0009948478876442585 0.007194713350863717 
25 25 25 | 0.14682174712011553 0.0011757020360578252 0.030391130960039408 -0.035392842540071176 0.007914791598844102 -0.004915741557429931 0.0020838772055457337 0.009973543354125028 0.008263551929710651 
26 26 26 | 0.14468594966554915 0.027589784760366165 -0.0365871621721497 0.024162125718767875 -0.002704561467629492 -0.004204328029159572 -0.017067659958392 -0.01319475133704886 0.003281972112549207 
27 27 27 | 0.13688832669599582 -0.04153863907825137 0.026952697283277084 0.02338076879341167 -0.007865843757066818 -0.007027108066127168 0.003636527555959619 -0.007572410277423361 -0.014862439512203887 
28 28 28 | 0.13976606793348478 -0.011323802875923111 -0.013333643782232094 0.053160859387100495 0.0051472556967572 -0.017444969602595405 -0.001388125108084057 0.004817478647188078 -0.001848418783890506 
29 29 29 | 0.15354914250780416 -0.01696617434407211 -0.04499671670387983 -0.005335153249851826 0.010611849058053811 0.0007658577308865522 -0.0069021774390220746 -0.008576946138297405 -0.002973906441536551 
