number of atoms: 18
number of fields: 9
Multipoles
---
0 0 0 | -0.7986587055897632 0.007497316912170968 -0.0038634663836230403 0.01785606617023408 -0.014230585805811751 0.22525127592598634 -0.06176870331818373 0.05382580904548152 0.052395170944868626 
1 1 1 | 0.9800778592469905 0.04364286485793793 -0.028636257120380277 0.02174153783241406 0.005953423506887315 0.17506794864205424 -0.001839856464093735 0.08863810438626492 0.03660484625390022 
2 2 2 | -0.8091470404651862 0.06911304163727088 -0.00729786351093193 -0.012537141239384564 0.13411353142354826 0.1493955523147138 -0.06135191402129171 0.07065281199092126 0.031215290715249058 
3 3 3 | -0.8465879853449731 -0.0007187477209742094 -0.011340538453282225 0.04569863862137914 -0.015019599228545313 0.14257564363985753 0.013649296602562073 0.00878536113349712 0.012317596645550443 
4 4 4 | 0.17514186162210943 0.005420338578306978 0.017716385345387144 0.032100145702139704 0.007157443579731277 0.015223684306885457 0.008370896522169486 -0.004559824434619364 -0.017305839142144716 
5 5 5 | 0.1782939207049027 -0.019735514396310484 -0.029977905745603987 0.00014027672568465613 -0.0213551311752165 -0.012205743223429323 -0.010259209330285657 0.0008815093123429978 -0.003361170915168911 
6 6 6 | 0.1597779364183065 0.030661512538499684 0.0022268251628068847 -0.02531810999457675 0.014330003634609515 0.004501089189432553 0.003938607351507448 0.01547699773552298 0.02185159698736542 
7 7 7 | -0.12073756382511114 0.0672405220923336 0.01729174773877467 0.07678574788702716 -0.008143827139272176 0.016226023063716153 -0.12059129612962373 0.0028357696129267746 -0.059920583394396376 
8 8 8 | -0.46075594976913425 -0.006785905262256126 -0.08891792379370743 -0.03179096768184507 0.12462439430636722 -0.0050452626375038145 -0.05323484338486167 -0.012430341748607543 -0.11684254339703422 
9 9 9 | -0.4637221166385581 -0.08480728807798295 0.037559909614361835 -0.0548717963025718 -0.02362425688717921 0.09239150061414488 -0.08564458185258284 0.05050298469371095 0.061107851661704696 
10 10 10 | 0.18295606704489198 -0.05121148909911073 -0.02579338508779127 0.019020387886443314 -0.005534159749063691 -0.005352316212908901 -0.0047017346004017725 0.01095076824695985 0.0015539260333101562 
11 11 11 | 0.06257981656872735 0.016038920743454636 0.02097536954660517 -0.036118421108402424 0.005988646324489112 -0.014935345025036415 0.00398825454615429 0.03192853095904421 0.007352568768336173 
12 12 12 | 0.15020634512304964 -0.012600284955684838 -0.02887266452421828 0.03739205973776585 0.007355093805542603 0.00011825784366192807 -0.0021566039995703206 0.021206624027155327 0.0023817859574999387 
13 13 13 | 0.13840550785611638 -0.041699976435631926 0.007098108443264049 -0.02138154831646231 -0.0008602158945717485 0.015268395523600875 -0.006515261195718459 -0.005722209731592829 0.011431498902929962 
14 14 14 | 0.09896837205906528 0.020331367903513767 0.04070076008241564 -0.008870577593544876 -0.020117026471034808 -0.023815290677323044 -0.004886840278252404 0.0016341722472768977 -0.005126472621486174 
15 15 15 | 0.1498057049011462 -0.03666533819569792 0.0007169562240881614 0.03662496352341742 0.010903318440260058 -0.007185710750803226 0.0002811280143206215 0.01819468734389519 0.00691725739460134 
16 16 16 | 0.09318873882175915 0.04152838957287239 0.001225826336248502 -0.019071981558793062 -0.015562485247266642 -0.025107555183502564 -0.006338095130230724 -0.005942042729129513 0.005677350268756114 
17 17 17 | 0.12888308565451223 0.002577710021987281 -0.040335449089949904 -0.02053019001590397 0.009371394181932093 0.003476573038263851 0.009400024530915626 -0.0049301745997094425 -0.01339948701038109 
