number of atoms: 25
number of fields: 9
Multipoles
---
0 0 0 | 0.13339893218580734 0.09833555534040346 0.1207937828818268 -0.06906765902489101 0.03495590139205285 0.04395956059285596 -0.05290369833552266 0.13832774322930466 0.026659962704254313 
1 1 1 | -0.4998007448459054 0.03586629453569116 0.011246932192329924 0.041681745216986074 0.031107353301348672 0.04544227034908551 0.0024885112354926407 0.07826769241450017 0.04175235977235798 
2 2 2 | -0.6139286641292152 -0.10330520779234816 -0.00986379652633653 -0.10059215817499742 0.055653126026445586 0.058297998453239096 0.20210664542015389 -0.07166527130737478 -0.07053835419204736 
3 3 3 | 0.05755048198327917 -0.04647426309332023 0.03268111034692821 0.03150403189173856 -0.0051029363299416805 0.015713195054093663 0.01999584349172047 0.003991072474506278 0.0003545439563924132 
4 4 4 | 0.059935683188006794 0.02364769275440673 -0.06329671827632119 -0.0025493952043822514 0.011477985793885153 0.014400038677127202 0.0037079555662768633 -0.008692832317441513 0.007950551785927839 
5 5 5 | 0.1516785733974344 -0.008740621026314094 0.04619310312144517 0.0027678529337971645 0.0005287344566307553 0.008501108699096312 0.0015381590843307118 -0.013027803137706268 0.011231958589051402 
6 6 6 | 0.40306557322511105 0.01608058873945258 -0.0056763288520150276 0.015731383163810526 0.003089344022040634 0.015780448982807043 0.005278937798607459 0.00700562742067338 -0.010163377140668664 
7 7 7 | 0.15217873375044522 -0.035181844898433345 -0.03220122800589229 0.0014662500550697715 -0.006870326867560181 -0.006876936053980041 -2.202422134805966e-05 -0.009338971394621226 -0.004780134862976203 
8 8 8 | 0.1574225766352837 0.04092320919885707 -0.00436448822236989 -0.02283694750654778 -0.002961159061995119 0.000319164384728984 0.016105988126562915 0.00012130011528224764 -0.004134806202825113 
9 9 9 | -0.45145637128946703 0.06040471558883619 0.04762976057408781 0.00222109923368427 -0.0659756678557619 -0.05956272769503624 0.04225740057337256 0.002911465502774626 0.04957122745318674 
10 10 10 | -0.3576469948645489 -0.06101713980050287 -0.00015017476420647083 -0.0016502327911910172 -0.18844204334069342 -0.08344575192405215 -0.042888946028000134 0.007632317616762457 0.11983065925218052 
11 11 11 | -0.12932082101442166 0.03400751326285538 0.014513244379700682 9.829357399073349e-05 -0.05162470908154249 -0.09005477517846736 0.0027238013408368076 0.022320208315755638 0.19120392313542442 
12 12 12 | 0.4023358427642574 0.12673925165526737 0.03245145744585685 -0.012010530527258732 0.062171471477401576 0.03156617744449662 -0.07641840042625482 0.03346210258214818 0.19673531394513297 
13 13 13 | 0.07864456861796665 -0.040918909647178744 -0.01821396282697469 0.014801404837312083 -0.06276575707657142 -0.015829940191943496 -0.0963942169737769 0.024571588026231238 0.2178242898757259 
14 14 14 | -0.28387946890133975 -0.009345039570639072 -0.015100446005866169 0.00843620210732133 -0.03532987178394106 -0.0630891003400803 0.0006815251762703388 0.004169292949932919 0.1884813958309031 
15 15 15 | -0.14700603988844563 0.01284126313601387 0.015736463948211436 -0.005261730765008118 -0.1556696108902587 -0.03072232444159039 -0.08159421632801803 0.012967716256678705 0.13029329750082372 
16 16 16 | -0.5859568435128999 -0.03458903046833992 -0.08566456240775537 0.06585061892597807 -0.025944098563005103 0.041410618322711236 -0.029442170738002947 0.041956758327623044 -0.11389331584707063 
17 17 17 | 0.14910096668013406 -0.01225282502007281 0.03300588867423 -0.03388537136501604 0.010714020089033204 -0.006844188971503982 0.011724407984466938 -0.004867818125549798 0.00033464628662468343 
18 18 18 | 0.1337974711198533 -0.043363296208165446 0.01635150072064437 -0.026925814933447513 0.001194265907707239 0.011760195848182274 -0.012235529127529282 0.0027255774885512206 -0.012292740373379608 
19 19 19 | 0.43875030919527835 0.005756387185254122 0.018882320166357273 -0.012067020139576097 0.01576213664771641 0.006223491818779414 -0.0012100311257913115 0.0037307893513094013 -0.006258062464240871 
20 20 20 | 0.1718622845847354 0.041089102002057856 -0.013344857808314299 0.02667056473374378 -0.0007183275257830033 0.010144827938279736 -0.007992337718125872 0.0002937920032883731 -0.01306924921074688 
21 21 21 | 0.1413235410108229 0.019601661393143344 -0.04469689224363566 -0.003437636033416561 0.014327773612721462 -0.0001565759579788717 -0.001619164589183555 -0.009286529949043509 0.006639007351575781 
22 22 22 | 0.14230220416076567 -0.0183006152212315 0.00946448469499055 -0.04220377618866064 -0.00011252979086977658 0.0099841783723328 -0.0149950356143534 0.005832361406381925 0.00344490354235351 
23 23 23 | 0.14349290802364645 -0.004577811929848729 -0.036394399759043114 0.03892966700139304 0.021037975810011322 0.0021786164253296994 0.005502925695321308 -0.0011274913476520658 -0.0012638597112647253 
24 24 24 | 0.1497754487213767 -0.023518269285430275 0.012620934364206858 0.040923054944662515 0.005536418662303298 0.011018227398241896 0.008585816152498458 0.006169151129365013 0.0006140829770600738 
