-4.7247792020037975	0.5147202818084872
-4.750533883083208	0.5195086314766469
-0.86663429497103	0.3817564881312557
-0.8657792625212697	0.3812096807035411
-0.8792671033668016	0.385516029962073
-0.869652244442707	0.3843886940524436
-0.876272642822869	0.3876876901660269
-0.8822238613738693	0.3889392232495719
-4.862493034761897	0.5198530973596523
-4.040320951771701	0.4841813961360067
-4.583196697072676	0.5162926701557427
-4.145359931104518	0.49814968625100126
-5.890242201660556	0.45895946318391934
-5.740136629856815	0.4439283235110039
-0.8521987054024224	0.3808099328396589
-0.8299744901988703	0.37847737998872955
-0.8343686475131069	0.37844604815025307
-0.8775115367545312	0.3828632869830768
-0.643100866613884	0.34947397618209325
-0.848122408765842	0.3844594404838293
