-4.750741709002869	0.5163945634352187
-4.7507264337283495	0.5228206625452861
-0.8917012464500924	0.39015621172351417
-0.8905678826418723	0.3899389032251709
-0.8014217341760814	0.37004126983517843
-0.8798892227153909	0.3871838200532812
-0.8738295457610509	0.38764142960100373
-0.9023814908536127	0.3945112227873863
-4.771215170153133	0.5214778916479259
-4.769130685534412	0.5270998644747057
-3.4323310835693364	0.47252151640289736
-7.15852767909531	0.4157621227696729
-7.159055074504459	0.41414085133069606
-0.886481248265521	0.3901328634357435
-0.8681025918149253	0.37953504870515886
-0.8612811489070481	0.3844673235493207
-0.9049543930914725	0.39634994517172895
-0.8653742156399483	0.38680615941344265
