-4.761706023016313	0.5201110793918298
-4.421184804336872	0.5114929501974356
-4.0911803977570615	0.4847824417245784
-4.414641455476932	0.5035002092276841
-4.411143020326753	0.500816648304807
-4.617113746715546	0.511967170399344
-4.492500725318818	0.5121896999064948
-4.533950620463386	0.5151252867675058
-4.56406137026938	0.519181445758344
-5.801604321122659	0.44368784527399213
-0.5848605108885486	0.345923554667902
-0.8611471301754953	0.3813779533411662
-0.8064932731806673	0.3714247345847062
-0.87021899026139	0.3843765638817408
-0.8736579018332785	0.38729967199666016
-0.8766877400540828	0.3834423731857999
-0.876253449544168	0.38332428421432047
-0.8760509610848398	0.3847405812609068
-0.8824618824741096	0.39118804946085406
-5.103259637052861	0.540997764165107
-3.3745435482867316	0.46670423418993195
-7.176124956070123	0.41237436749852596
-7.150129065662064	0.4136262840877625
-0.8314389527021855	0.3827807979027081
-0.8320795499629532	0.3818947124263946
-0.8355570067567029	0.3841164912354356
