-4.754122601703264	0.5177112504032529
-4.742409898753025	0.5185403760493595
-0.8506247724381119	0.3758286419526466
-0.875079646557867	0.3852382149019456
-0.8778119483381968	0.3862464116221771
-0.8715352341974947	0.38379483838544526
-0.8689776429085754	0.38600759962609316
-0.8721746630770314	0.38668746057098496
-4.512349358980427	0.5057287936515257
-4.811529467614988	0.5216459982370693
-4.782400324335618	0.5196237225115826
-0.8924587668491519	0.3845542879609592
-0.8947751745823926	0.3841124423999233
-0.8572700832532991	0.38242238164183345
-0.8616740631478856	0.38257439701633666
-0.8671012158859805	0.38495045917174964
-0.8719715597017421	0.38590945034964663
-0.8585146578917544	0.38452850903455815
-0.8678339630067902	0.385966507718655
