-4.818094564238714	0.5226837167049005
-3.943781242622581	0.4832079174014281
-4.714019802783818	0.5195056437398483
-4.627082283804111	0.5091311611098926
-4.500442139263266	0.508470108716702
-4.524316590258951	0.5095290504995674
-4.287906066084523	0.4950984533265994
-6.8866128434816085	0.3932554574943892
-0.5939380309532686	0.35796057966347
-0.8593564450928766	0.3826001289049076
-0.8002905082455875	0.3704480216091734
-0.8827731307414337	0.384575807971403
-0.868513095847124	0.38055039127848606
-0.86268092055049	0.38484940981382915
-0.8685303833492145	0.3859812029166423
-0.8624124109655505	0.3866598988625397
-5.105116855469161	0.5444340111125775
-3.371403649763727	0.4693194940774449
-7.1455025789404365	0.4122301464195646
-7.187354278406516	0.4188273465497707
-0.8348366603202763	0.38407619831742645
-0.8366110676495631	0.38453640398347094
-0.8408455124067148	0.38554787378047317
