-4.838578580917004	0.5197454146298163
-4.479130890349156	0.5064431207130436
-4.5517149789563	0.5079867133433237
-4.516680554006393	0.5089113117734156
-4.2125981784575455	0.49080217739445203
-4.479151496368996	0.5076875931021045
-4.558643400491041	0.5092264207509193
-0.8733784069784815	0.38066881099510863
-0.8624751061215892	0.3798705169174332
-0.8667686528600269	0.3808492427735455
-0.8632736730789732	0.37902558443849077
-0.8546197401834094	0.38250957857826057
-0.8514047061299641	0.38185026157229973
-0.8549040925587373	0.37788661672687107
-0.8405712856822547	0.3820232986183327
-4.861093514142402	0.5201482840612779
-4.566272810301695	0.5144033132945373
-4.043420651290553	0.484480171019826
-4.131720892511653	0.4966930786589511
-5.74775989488304	0.44370801010696875
-5.903343611370048	0.460079575424551
-0.8380540162789093	0.37942584824513903
-0.6483465224347357	0.35104870365232804
-0.8495502119595657	0.380425084011623
-0.8383471467920602	0.3791531786532459
-0.8801621088120829	0.38251750216738345
-0.8377041752291816	0.38134944683879535
