number of atoms: 20
number of fields: 9
Multipoles
---
0 0 0 | -0.7019405574368474 -0.015626399542568684 0.004270121330714599 6.47464407229138e-05 0.10545924637648794 0.05635423492699872 -0.056694689323203824 0.03230044673255421 0.062433982972951156 
1 1 1 | 0.95061607543271 0.005447891340591373 -0.02745928729630795 0.04418159423034734 0.1850279958569542 0.06636060893402798 -0.07544052240596207 0.027111585409897172 0.046648883173078415 
2 2 2 | -0.805913764461156 0.00591738176531871 -0.05942258277115844 -0.04450986701997657 0.07638936506711534 -0.004307090155833234 -0.004393531554441732 0.03816772534147133 -0.058169625509413445 
3 3 3 | -0.7967116244091486 -0.016362806339219285 0.06620084507461468 0.030556054514675416 0.10000515601754432 0.034984378161136094 0.035716511652708983 -0.04830054520772038 -0.002133374651155606 
4 4 4 | 0.1685775051141124 -0.008450690690689796 -0.03346955397075145 -0.02129481746930129 0.006670192242233647 -0.004929662361529465 -0.005962248682342528 0.006616957534415539 -0.014779625707120199 
5 5 5 | 0.17338000850463686 0.036238031615692785 0.015079287572800222 -0.007035348876363125 -0.002053863572460817 -0.012334458171954216 0.011479223094963418 -0.0031674661931413326 0.006407250695167323 
6 6 6 | 0.17500808998173756 -0.02891984464129312 0.02452259880307925 0.012734191831710727 -0.003938350037580803 0.011731283036830483 0.001291159606310906 -0.010782257544398433 -0.0017133760864939537 
7 7 7 | -0.17543691846669685 -0.059335098970395656 -0.10900514759597246 -0.10692952912693553 -0.08722367590201587 0.04814700286655701 0.0008388905806317658 -0.031752251532730195 0.038399745610903195 
8 8 8 | 0.9490139125926378 0.01643385798550075 -0.02483785627875491 0.010088304221691338 0.04272880095268603 0.03808674204414354 -0.09488553922983209 -0.05134821611614767 -0.006040580965506327 
9 9 9 | -0.9459140330598661 -0.003484535760222368 -0.016931782397406992 -0.018028324076801806 -0.02511497961461561 0.01283552178304223 0.049269473537945245 -0.02030869970846854 0.03464023661361708 
10 10 10 | -0.5806680321898474 0.05333266408888471 0.12192657946674652 0.06905897668847366 0.015484968033515876 0.021872781786835833 -0.031099319480645333 -0.030437028010441083 -0.008703273098655168 
11 11 11 | -0.9478252509317642 0.001341959105408903 0.0053721668066010015 -0.01587484999628133 -0.023690159845542295 0.016904574081195237 0.052875700421138726 0.0612639093619136 0.0015999344184341507 
12 12 12 | 0.4712533731935319 -0.012123820030831473 0.006523596240925064 -0.017436040118071094 -0.008693048646505155 0.00794611341526759 -0.0024165030297455133 0.009144294118355044 0.014281439295737509 
13 13 13 | 0.41272635165895843 -0.0007480578976595247 -0.026496478238901455 -0.006782492188494865 -0.0029339338037095096 0.003159149167203709 0.0191983189734447 -0.003957744025525768 0.0070864561565287905 
14 14 14 | 0.42731474388439317 -0.01753363937465864 0.011522474968578281 -0.01839985250270217 -0.014004966233924493 0.004210127152747478 -0.005024077178917877 0.01453261254594006 0.01203029713212364 
15 15 15 | 0.4267397812797895 0.01509660231777618 0.018130803252339976 0.0136323342503892 -0.002600934325837929 -0.007497935208670973 0.013862324398935573 0.0057709548581092885 -0.010367609035405425 
16 16 16 | 0.42657988464140584 0.003113460383131432 -0.02657446710359953 0.0025573962714385535 0.00026395970484572093 0.0016659844683406457 0.018697361809900868 -0.002989795541341394 0.0018871922110199092 
17 17 17 | 0.09530950532024884 -0.003685314604347371 -0.021983165972500843 0.05432857422425219 -0.010571504832687569 0.019531626977896697 0.0010799943959752803 0.0071410176832725665 0.019490684238428903 
18 18 18 | 0.15780886100574876 -0.04940750312294841 0.0366462909864433 -0.0038598199042557714 -0.001148822391478899 0.010800142563266835 0.010123104844934262 0.0007953209901441292 0.011605114215644356 
19 19 19 | 0.11884930966635454 0.043527402467350915 0.02687643034671266 -0.03527124155277735 -0.01568908717524598 0.003378278147714388 -0.00034745207958163224 -0.006709234264838369 0.01810534376826118 
