-4.503529247248778	0.5035699432194705
-4.7883618179929455	0.5218169947447813
-4.796084963059662	0.5206478318646147
-0.8741656643659033	0.3776094114718177
-0.891405770394142	0.38470143699110504
-0.8878025822030188	0.38658573422026027
-0.8611712892731251	0.38369474211253657
-0.8709928771326478	0.3855889726199247
-0.8656291830152057	0.38403816076628183
-0.8747966278505891	0.3872646804984384
-0.8681566628383558	0.38623558750613435
-4.824962056756382	0.5200954291342786
-3.964829387727386	0.4846168191786313
-4.691332067900008	0.5155127145203938
-4.648409533528765	0.5122703748351302
-4.488605007874144	0.5048384840366748
-4.50959451270837	0.5077482473235799
-4.271739998021526	0.4930494549621042
-6.958268158989733	0.3965272257308972
-0.8491399174165246	0.37977227581752293
-0.5612961312892146	0.3484231913817738
-0.8288434989039222	0.3743706823250974
-0.8629105946637454	0.3789759598942783
-0.8607527691914735	0.37968300057761734
-0.8540927154518142	0.3821812842408277
-0.85296469895357	0.38232363583258366
-0.8508001157210567	0.3837729275038739
