-5.059917819725025	0.5332563599811733
-3.3775578416851224	0.4673804962168821
-7.198208801371879	0.41247893007508163
-7.138832512707079	0.4129929735911416
-0.8123138572932667	0.37669446432576553
-0.8287414778571152	0.3807784772740633
-0.8404246568974366	0.3841010597226755
-4.368740515521014	0.49942766405585337
-4.858540133053177	0.5180225379969666
-6.015872836555498	0.4456391854799314
-0.8907228133364029	0.3814654797748963
-0.8453269668823283	0.3745339602517279
-0.8057861426483592	0.372697635001645
-0.8578965526408345	0.38268552836335734
-0.6075481376280656	0.33807997338116186
-0.6111041058659517	0.33804893307123973
-0.5594415013089707	0.348258324340232
-0.8251747959024153	0.37776344521544963
