number of atoms: 23
number of fields: 9
Multipoles
---
0 0 0 | -0.19465156309490528 -0.050746034600572185 -0.052307011095270736 0.031015571031235024 0.0940450244318251 -0.06938365416240334 0.06816157153652606 -0.013261118032777618 -0.040553988254386386 
1 1 1 | -0.42364791231605103 0.014665938218038799 0.0836967918291383 0.005138871351707484 0.02434232587428814 -0.05759169692156319 0.020065676650339762 -0.0875734243330953 -0.009739037501652418 
2 2 2 | -0.42858518575228466 -0.052740156104653386 0.039554851440215914 -0.03753799091074569 0.00683242927655357 0.04371715582774069 -0.09037799069430455 0.013415008667352851 0.07389927896885742 
3 3 3 | -0.17224036584489255 0.030743488581107127 -0.057119080893116854 0.016782651251240576 -0.3372746435141062 -0.6215486583548759 0.38963823613994725 -0.5387152255320127 0.1691822753202009 
4 4 4 | 0.13187818547767483 0.05160685878277336 -0.003319299748497327 0.00699667927258837 -0.02184870981264393 0.007084849731483273 0.009576632277483337 0.008737096887184548 0.004503241803633337 
5 5 5 | 0.16462346024987207 -0.02372240554465204 0.023993189408661582 -0.04002350661594439 -0.0027891789769792915 0.004397817199819838 -0.011984445501095047 0.009147747468144826 0.012196375302828036 
6 6 6 | 0.14713974137296248 -0.04871061062385338 0.010333763602886441 0.005425585054614549 -0.013272764128160522 -0.009533908114644144 0.00044428866135860784 0.009026988983699287 -0.0012672464728781365 
7 7 7 | 0.14572997024649348 0.021059294623685464 -0.007958229140159215 0.042371624546687504 -0.00045227248768108354 0.009279166222582257 -0.0035781272489655946 0.007913847372863445 0.012933422526133737 
8 8 8 | 0.15818421484237 0.04229366445961537 0.008977651357733754 -0.02557538472231504 -0.014906040656224105 0.006344100137420059 0.004796817051287993 0.0002876741003226944 -0.008990041453560086 
9 9 9 | 0.18334205381766022 -0.006894222004538479 0.02901543107913966 0.041142635677388566 0.00634603551802597 -0.009773919536836782 -0.0005720524247503497 0.011377070860947656 -0.005370465289838826 
10 10 10 | 0.153910399024752 -0.026202468999963716 -0.04454240021078132 0.0017972770681017308 0.014875435949606495 0.0036633466912415736 0.003654518171054565 -0.00916655108817502 0.002465874589482194 
11 11 11 | 0.1341844380199001 0.020163181069205196 -0.017621529827857453 -0.04078441799248858 -0.0010111510437509062 0.008100085067173746 0.002468433276282493 0.010384449338046818 -0.010597985509219426 
12 12 12 | -0.13815676669007715 0.022020398398163294 0.07832170392918955 -0.03451631164378382 -0.04700508255424613 0.0034034599619871667 0.05075173101971037 -0.10200055228729994 0.05221756068759045 
13 13 13 | -0.432680309028445 -0.0781024077075263 -0.012755985816602375 0.01758705511251167 -0.05243141292078216 -0.06810590571171214 0.0603080938794723 -0.00026008450562701833 0.03581557850728144 
14 14 14 | -0.4275725924767091 0.0578666296186368 -0.04585680611029069 -0.00434440666174389 0.025302302744220087 0.07365067794433951 -0.02628794091243496 -0.09324287904473089 0.02857776266593183 
15 15 15 | 0.10086245882668388 -0.0176643474974727 -0.02987647456921957 -0.039479414802433985 0.016399093690997207 -0.015149054779143445 -0.009152036152315496 -0.006539465737632092 -0.008979961023287691 
16 16 16 | 0.10283624868378949 0.005640105879647403 0.001203773523584744 0.052743350580740284 0.01617014905719076 -0.0014283331073299806 -0.007362564084278662 0.008082766484972713 0.01242952370726312 
17 17 17 | 0.13267856680477863 0.0028356795477277484 0.035705725023205265 0.030740192167755 0.01044974652662943 -0.006126843196537102 -0.010882716823310667 -0.008892643788705891 -0.00930138025362985 
18 18 18 | 0.1315758846733891 3.5808026878215006e-05 0.006499979579428102 -0.04652058317832018 0.007718068275250676 -0.007491209856551295 -0.005840214713012459 0.008998811856564835 0.013674839174245435 
19 19 19 | 0.12437325684416012 -0.03760328387883634 -0.023169778110041322 0.01663196407631129 -0.009420201064440812 -0.008952148364387624 0.004906376592971919 0.0034875347254866673 0.003663318295069954 
20 20 20 | 0.13788391030298563 0.023942261938783602 0.028099137059217502 0.02993198819495658 0.007392699099213898 -0.014515116298761085 -0.0006063907021774708 -0.0037731590156993484 -0.008320134697848067 
21 21 21 | 0.1322923778458832 0.023306231940605524 -0.04170654641811114 0.011343423653669664 -0.0012266511395605253 0.015812811019879754 -0.004554004203925123 -0.002965571452254968 -0.003318804161639907 
22 22 22 | 0.13370184829264353 -0.01240564003994473 0.012752103134925042 -0.04404413834040715 0.016267304121449413 0.0033566766109079287 -0.0003986332388834162 0.007827446947853846 0.007111369346453551 
