number of atoms: 29
number of fields: 9
Multipoles
---
0 0 0 | -0.47523952501817135 0.012256081398722054 -0.04630356753148567 0.04568532041197051 0.0002928328908826623 0.01609518292288107 -0.04113228952933678 0.02814390096283553 0.0965057703780636 
1 1 1 | -0.16398947472991665 -0.005018082152519643 0.01891511762246524 -0.02816886790210427 -0.19601004804909328 -0.04298383603995263 0.01571701167199542 0.04731769146249967 0.1186519381002929 
2 2 2 | -0.12175645251598333 0.026345104088686816 0.011548338596965546 -0.017939425650695777 -0.08497738757473243 0.04346413706770748 -0.10417857650475722 0.09176294164347726 0.1743830215557207 
3 3 3 | -0.12533423499769114 -0.029838621179610638 0.006233039700591742 -0.015132149404585012 -0.0285212184776563 -0.05547711627054401 0.04796910447873655 0.09354572404934804 0.19466508366055496 
4 4 4 | -0.20881820134681028 0.013390394621769231 -0.0012252870029880864 0.008939689229673711 -0.06357821021577911 -0.06851289853878993 0.0694846414926766 0.07249140147297817 0.17770967767801996 
5 5 5 | -0.21184752396702766 -0.0068742948537300385 -0.006107907909779424 0.019937314546977076 -0.09718109235245405 0.03187699680075792 -0.08868815567715559 0.07418607850790393 0.15817780571327997 
6 6 6 | 0.15051926562238016 -0.006287662106547883 0.021605216290575154 -0.02862056521478798 -0.18854103406984699 -0.03103106316133431 0.00645047556572579 0.050997140694985926 0.16725267874814578 
7 7 7 | 0.13733572909362912 0.00857270458281188 -0.02811510990170205 0.04715424469894764 0.020778668799898762 0.003750248141853707 -0.002537584284863002 -0.002645046281920631 -0.006594179491509821 
8 8 8 | 0.1361188485010938 -0.04208806670559815 -0.024016605582391683 0.027521422602675653 0.003018897348016265 -0.006319356215250701 0.011729164661211731 -0.0050456999571686515 -0.01150230157569325 
9 9 9 | 0.13804675991644022 0.05096109408054349 -0.0077433467006904465 0.02241546053212212 -0.0032902381632734937 0.005692602020830654 -0.006737074639799989 -0.005786755900624723 -0.01570554716258486 
10 10 10 | 0.14635515618995065 -0.048901195006355674 0.008584246218461577 -0.015440866113035497 -0.004393875574873419 0.007414822610083666 -0.01014886766388875 -0.005602912419597804 -0.01664704756295978 
11 11 11 | 0.14336238860707284 0.042268788171321806 0.019961608154509494 -0.022859407574079005 0.007358061014713474 -0.008662845386741828 0.015032553276631475 -0.0040735418774079215 -0.007551722261069065 
12 12 12 | 0.14721670620791216 0.043939373129035265 0.007096723873848433 -0.011182445870100246 -0.012824256702050991 -0.008241299037722137 0.011597432840942102 -0.0010579362993055252 -0.0015749798854269646 
13 13 13 | 0.1522043086433753 -0.02001946530909087 0.035981285598389624 0.026545237258871132 -0.004032992390819364 0.009539451874025882 -0.0022473943325727946 -0.012945182441621557 -0.0023008282305132313 
14 14 14 | 0.15353090402830316 -0.024648117745611868 -0.027304368604785266 -0.031229869226447337 -0.006099131677273834 -0.0003742578569145142 -0.007787930175443994 0.004937566207176672 -0.010976081515377342 
15 15 15 | 0.059050185054546844 -0.0016357310955284672 -0.033156585892105614 -0.03835488020021547 -0.01804047512792564 0.005865077012508281 0.00395574422437275 0.011760686636083085 0.04194818935712228 
16 16 16 | -0.4636128695011186 -0.06613448675492185 0.024879869493399025 0.0073642465498103766 -0.05631924419195538 0.08897121211005761 0.020187298152541645 -0.01232307053123664 -0.030731606224170382 
17 17 17 | -0.46650461091786255 0.011859570813812413 -0.03278709901190128 0.05590012965217092 0.012610282547486824 0.004208652163557679 -0.03145032973859202 0.11141386622672352 0.04379734651064436 
18 18 18 | -0.4667703421419347 0.051114671934649095 0.03445304616754894 -0.02710248745158715 -0.01144225480612292 -0.09347781637087521 0.03292983208908819 -0.049336801773488814 0.00048700729594111224 
19 19 19 | 0.108405428254581 0.0019342593702242794 0.04033911689163975 0.03549532901922771 0.011325416488923486 -0.0015840840659223218 -0.0033873319573391497 0.0047739959624463185 -0.018281587981013068 
20 20 20 | 0.13318577348607263 0.018275260188321697 0.03407821234346449 -0.0251722658406359 -0.0015101386310068408 -0.017069818968311425 0.010802025542673495 0.0030846190283550694 0.004781048884316061 
21 21 21 | 0.13501228666549003 -0.017599093856755472 -0.032913100789681064 -0.02398963811797073 0.016665714168414735 -0.006335848195348797 -0.0010930776395117131 -0.004861284654042974 -0.012387475377176951 
22 22 22 | 0.13695857554085222 0.0026330251594170605 -0.03804643782461594 -0.022807698304850132 0.002514750238867099 -0.004504151528493648 0.0024800317688107726 -5.190227342703116e-07 -0.019973097590099402 
23 23 23 | 0.1408940099059569 -0.03945708938473507 0.01957315880538107 0.01502304776246765 -0.015618471107430172 0.0054315801585534665 -0.0036096503346165374 -0.003091872162333706 -0.004219011223284169 
24 24 24 | 0.14690334716817732 0.03366543875492983 0.033835578347563545 0.0024493196649416045 -0.00711550786254934 -0.008701534232965281 0.012261795366279646 -0.0013196667720576833 0.0024496275885801974 
25 25 25 | 0.13673499348224216 0.01823606807898836 -0.012132224046728687 0.04023701787808832 0.012327507910586679 0.007852885702261893 -0.0019593231012209685 0.006957689478163397 0.010184871847435288 
26 26 26 | 0.13051408622427185 -0.03330985436666214 0.03113231606468172 -0.0020029373636825136 -0.014067505583821626 0.013833818558146105 -0.0018638270313156042 0.0032002915903812704 -0.0031148497360246503 
27 27 27 | 0.1367505517850388 0.00489700628926803 -0.026002073362850875 -0.03500165574528938 0.009187292918745257 0.006837212339849318 -0.0054629689857819365 -0.0007732832357782066 -0.01675020534301974 
28 28 28 | 0.13228731755716305 0.014129661376923066 -0.007369177998907128 0.04360571915421269 0.008514609035102816 -0.002874802795485346 -0.011654008209883408 0.005492481878991886 0.008854525880634682 
