number of atoms: 19
number of fields: 9
Multipoles
---
0 0 0 | -0.13056738135720547 -0.026879362510354703 0.003963914687135273 0.07484298977703073 0.06253091424082813 -0.04466762234934606 0.06593228442243826 0.009744947410574568 -0.01786466052259438 
1 1 1 | -0.4399927635316878 0.0347408655963425 0.06274926310925891 -0.036402979712716464 0.024242392010776593 -0.06498442241545033 0.05135476074062953 0.007502387154182085 0.06674055660013806 
2 2 2 | -0.44324666110399136 -0.001030687678971753 -0.07159534290436712 -0.03614821878830339 0.04838092046464034 -0.016238631708662646 0.01404408348254385 0.017558257122262173 -0.08327869692114247 
3 3 3 | 0.10401207503146481 0.05056996893919804 -0.018247908016703493 -0.0004647274065687485 -0.015766165773446715 0.013948828999354911 0.00949881450175448 0.006684567318765834 -0.0016618415900984346 
4 4 4 | 0.10815557501815853 -0.0354093096052301 0.015533178141511375 -0.03699744626965129 -0.0019385242365102609 0.009369111660842925 -0.014934788831228672 0.012533825450638775 0.003733028858569336 
5 5 5 | 0.13667670430993695 -0.031103659873649183 0.0291630796575373 0.019716787457090636 -0.009180445335988944 0.01061030902191139 0.00853535551339847 0.009428565025045348 -0.008966069913539258 
6 6 6 | 0.1336458793302041 0.03890236428737326 -0.011892624580796988 0.026047812595152087 0.005795170253772176 0.012787487193188712 -0.010311723469212705 0.006937646528018389 0.0030488807886041636 
7 7 7 | 0.13313279228950659 0.028332592244275895 0.026928655028824723 -0.02848768736872182 -0.0031601440066027797 -0.009749884075381583 0.0030892020407660356 -0.0057762467697327815 0.011543128550779016 
8 8 8 | 0.13056865039678833 -0.0465848934515127 0.010667192250241831 -0.0022576656502828717 -0.010030104798123418 0.011845498680537801 0.010741317461917269 0.0005472305635486428 0.006316965500011805 
9 9 9 | 0.13128910866725463 -0.014303445328110998 -0.028160525823084766 -0.036945527398597564 0.001376220865909053 -0.002012692726099888 -0.008514084107150231 -0.005523068631575419 -0.013512589008137234 
10 10 10 | 0.1393822840515404 0.013938486900280453 -0.02054702062481017 0.040336015744473895 -0.002630317276301343 0.0015995493938997939 -0.005697291579967536 0.015943326261714262 0.009679104298994903 
11 11 11 | -0.37921164156925435 -0.07038397885420769 -0.025099615493567592 -0.06483248499741605 -0.053158809831287825 -0.05467743578752926 -0.09701286109896406 0.027530916095566123 -0.03238845515620658 
12 12 12 | -0.3927380070430333 0.06838075219632396 0.031082167836093834 0.062019429507619045 -0.02081001007201946 -0.04055343758968282 -0.09277323836301919 0.05296546585807416 -0.03698285637061309 
13 13 13 | 0.12574108643683446 0.03117137714809461 0.01329002995217503 -0.03662611640380879 -0.00856127539029766 -0.0034876018034402313 0.013692122730168059 -0.006710926093323481 0.004153089773714477 
14 14 14 | 0.12454685652617015 -0.029566532685444312 0.034314056744771525 0.022038350181435844 0.011034997732141106 -0.00016547465616702074 0.006909068647912754 -0.006968281067428478 -0.010423211353675813 
15 15 15 | 0.12489181958414275 0.0013198715356989828 -0.045397586590664625 0.020048017558629425 0.004159747764950224 0.011462597592830068 0.0027156528334120198 0.0006106368173291236 0.014750144459810781 
16 16 16 | 0.1283455083038907 -0.02969824948164853 -0.011961043495410821 0.03687235657949814 -0.006690189466989449 -0.004353519282108754 0.014960799703154438 -0.0016789304857471213 0.0038436269330361264 
17 17 17 | 0.13185854539121777 0.036189094936911505 -0.03453940843083132 -0.015347387352401985 0.013842827422536178 0.0010230180806445038 0.007803565722667571 -0.001709929520016977 -0.01207812670812342 
18 18 18 | 0.13174331480567725 -0.0033992556770173397 0.04721567415084172 -0.01771178826028091 0.005619644458223481 0.011982914744286546 0.0007111881573157542 0.001312826490365566 0.013001364199590453 
