number of atoms: 24
number of fields: 9
Multipoles
---
0 0 0 | -0.4590532574204751 -0.015864428339924328 -0.03723591385864301 -0.059564023586534114 0.047880138081291046 -0.037778088695952936 -0.014139780332973039 0.0827149121712655 -0.03989027431780505 
1 1 1 | -0.15771064719924066 -0.011826913349231567 -0.01168436304994119 -0.021062111041840022 0.02979503699247286 -0.13055723818961343 0.03587173563159035 0.17545487371234095 3.7979879258698385e-05 
2 2 2 | 0.08656321618008267 0.012579298288204638 0.017895052406124847 0.03769142854428713 -0.05682642863780079 -0.20826365118432347 0.06884543883339347 0.10720564230810173 -0.008551527044123637 
3 3 3 | -0.2841637953316063 0.018162831927758097 0.004174143148540976 0.018122916735043616 -0.04077464026079522 -0.1742137691667367 -0.03605758971463168 0.07402413768753807 -0.04588106414891324 
4 4 4 | -0.13655169750709018 -0.006658160299633222 -0.007544455589485941 -0.02733204237220687 -0.040027537600258956 -0.16545307684340568 -0.039792680397448314 0.08271147298807031 -0.038729691901686625 
5 5 5 | 0.40391569249728043 -0.018394336862340332 -0.021921917521911298 -0.13903231543565012 -0.11792459407225632 -0.18199847851562406 0.054051646572054364 -0.020166491448605127 0.022671441344175012 
6 6 6 | -0.3444327130160003 -0.0029529756776650955 -0.0023579945564882977 0.06247716494239902 0.059625545534550774 -0.12187665063441373 0.008277710063577122 0.2029097277466275 -0.036247461158722336 
7 7 7 | -0.5994514200306558 0.08866795060539455 0.06388687016161056 0.0394411380787994 0.05030384339711116 0.12759295162596898 0.04643196497953572 0.013501851801667852 0.04139464306936039 
8 8 8 | 0.14336858916526596 0.045695157323925054 0.028270120426200484 0.004633801461021433 -0.005025662361419015 0.0006499895992884119 -0.006093126350922709 -0.015592880707870828 0.0008096093046895186 
9 9 9 | 0.1674753023400677 0.027623444554698395 0.012730486924838663 -0.04078896105861974 0.00417987063103229 0.009862528175172844 0.011824727988799051 -0.004930852326250088 0.007657426422365502 
10 10 10 | 0.14484014765630315 -0.03620591282187764 0.033092428054430224 0.001269882361318628 0.0021818460860440385 0.006803948168341169 0.013689686503261982 -0.004193227809005694 -0.007970857638452655 
11 11 11 | 0.1455041111794244 0.04030289569339088 0.017388585089035166 -0.015396899530386813 -0.012909560435579193 -0.009923159055922387 0.0021652805142275875 -0.00749174279635159 0.0018195627755405526 
12 12 12 | 0.1407654477154361 -0.029286629528610785 -0.013396141589662302 0.043072714493459806 0.0014733237781372084 0.01360625332066742 0.013974559035984244 -0.004853389257872307 0.012251025938055202 
13 13 13 | 0.1486823889051364 -0.03974018061251662 -0.026452330396874488 0.006070143065257287 -0.004919849096015346 0.0009438316594667668 -0.012910976099383333 -0.011367136299833713 -0.007027165227692067 
14 14 14 | 0.4489196962083075 -0.017352725058761353 -0.013279667769751043 -0.004299988386755578 -0.006553389030563423 0.005834571906681024 0.003138964141052599 -0.013411459325551739 0.005443741262414602 
15 15 15 | 0.1490230112213201 0.0006003311419222784 -0.036452770262184894 0.031030224990480686 0.00046732557938378307 0.003654473924104763 0.006249059784913916 -0.0005225027353828824 0.014309846630806457 
16 16 16 | -0.3823774994567435 0.020561324785636537 -0.0699013826430961 -0.07700265299589718 0.06936089924122954 0.03470705256023996 0.041166999599614854 0.023590577613518023 -0.11778486781667104 
17 17 17 | -0.3811328834296521 -0.02915405444436356 0.05707615393631765 0.08102645454266941 0.05149572165190932 0.0376403940983822 0.021351881150827097 0.016350580320997662 -0.09933670974359958 
18 18 18 | 0.131145659270545 -0.030921364688161177 -0.03534075540452685 0.023143742860813787 -0.0025433818236466543 -0.0010164188282664175 0.005025914421685454 0.008656813190341516 0.009772978484601836 
19 19 19 | 0.12581769891212424 0.04817833378754292 0.005023836752226922 0.013216866217717256 -0.003495971589353843 -0.011083860888225803 -0.013181518945686853 0.0015602125361448994 0.00278913054354253 
20 20 20 | 0.12421077311236228 -0.019781052068461744 0.032199631183688494 -0.03324684145035525 -0.000353381572431679 0.005930136570342635 -0.00209633666771646 -0.012616549566338946 0.008914597173417632 
21 21 21 | 0.12491078578780246 0.028327051346397986 0.03844772499728031 -0.018999093698668378 -0.0046483807825803865 -0.0030346101163500326 0.009837552165242376 0.010299223073396644 0.012845775515552807 
22 22 22 | 0.13193187706713194 -0.04817349659375544 -0.009138082007423547 -0.013935737970811485 -0.0036235075464273905 -0.009094735447981514 -0.012945885510791197 0.0010360030041915633 0.0040506458860889395 
23 23 23 | 0.12566763493540167 0.02506049296131199 -0.03248219967839924 0.02904934720429863 -0.003937914397943349 0.007215030116528064 -0.0026829980732108686 -0.012759979905127231 0.011028073734176743 
