number of atoms: 16
number of fields: 9
Multipoles
---
0 0 0 | -0.377119860376923 0.024709250676988335 0.0771567591362108 0.06610250663632562 0.037375474810804936 -0.04360000843932124 -0.04480547012842804 0.004454029865633154 -0.11044939871978175 
1 1 1 | -0.3797129931673977 -0.03836671835192873 -0.07391994683213537 -0.06079960623374682 0.04879757766096869 -0.04102215374389809 -0.032136851144210735 -0.020525345596229382 -0.08815753556364885 
2 2 2 | 0.12482581607044108 -0.04882027050666632 0.0015239721331466315 0.014185836044474319 -0.013890808819460192 -0.005741181574111211 -0.0011842072418843921 0.0036254900880439258 0.009072394658326334 
3 3 3 | 0.12352231750002451 0.014852964697947066 0.022881968670565356 -0.04275223836064066 0.0023599474335856364 0.006126976325612914 0.0033155534073970837 0.014318953317788286 0.0061282308083467725 
4 4 4 | 0.132349530815577 0.030679064928419462 -0.036943657214434225 0.017924889835833745 -0.0019163983692974738 0.012938296284220132 0.0046948423861466635 -0.002153877534895014 0.006008862139956266 
5 5 5 | 0.12483305433777636 0.048877560726583315 -0.010697494781665822 -0.011472545755689605 -0.015968609074133416 -0.005565656000399318 -0.0033387222830137606 0.0005341342944939237 0.008591393433223746 
6 6 6 | 0.12566619976794458 -0.018260702409885213 -0.018823649470550378 0.0433895041417471 0.00042015083158889165 0.006534211415579797 0.00651127211508549 0.014702742314368517 0.00615271034826295 
7 7 7 | 0.1270757842085537 -0.022921296232082083 0.03825021610041109 -0.024336204713735984 0.0008838477906179786 0.00932981984141498 0.005958264318967759 -0.010412885708084907 0.00990179058101686 
8 8 8 | -0.3848228045295983 -0.08217572053601278 -0.013854578935341142 0.05940957191132592 -0.06003765315256692 -0.010150523330419386 0.10717892816073821 0.02755071076712516 -0.010486057959013476 
9 9 9 | -0.3814646328405775 0.08377317115102223 -0.0001141834404608477 -0.057820904505594156 -0.057181538956281766 -0.018885785578267728 0.1007917890649434 0.031427931885720274 0.017580867771149773 
10 10 10 | 0.12638999905432435 -0.004531899749009563 -0.047319358463093104 -0.015634249592896252 0.008984695819517696 0.010734393716172377 -0.0028957991447198248 -0.0034849586559306048 -0.01107188576330897 
11 11 11 | 0.1322263001185443 -0.01906953593603211 0.03870511515316217 -0.027851637314398697 0.010896898717000121 -0.0033377126179837202 -0.006249407819222892 0.00362841227549984 0.005267800587963257 
12 12 12 | 0.12388534025611342 0.029720973837217605 0.009525857139046027 0.039015170713433064 -0.0065703401470722685 -0.0037683429285620376 -0.01562479525978504 -0.00735185828960864 -0.0024502050896429315 
13 13 13 | 0.127437738997217 0.005568427082372618 0.04864453512971491 0.012451634943121733 0.008649418531361423 0.010046047446821131 -0.002715897129295336 -0.0037239443306468817 -0.009532395708015942 
14 14 14 | 0.12824513462276366 0.018876717012140134 -0.03754544765247312 0.028274221701031197 0.013820808128514646 -0.004091962196678862 -0.006183685412900035 0.0003496830171150644 0.009985228351345223 
15 15 15 | 0.12485519555173719 -0.030522943886482707 -0.00888168877774987 -0.03913623809967197 -0.007351077794072713 -0.00396636331428207 -0.016239720207072095 -0.005919149292189901 -0.0017547035588649413 
