number of atoms: 22
number of fields: 9
Multipoles
---
0 0 0 | -0.41035657409942683 -0.06786753616042308 0.010239295198152887 -0.07190762655400852 0.05002522517364506 0.006575615306657249 0.07165915813987923 0.08020929865459293 0.06213593043681297 
1 1 1 | -0.4247370268504147 0.1025811640718305 -0.011033092599364356 0.0735068369826006 -0.07552607895721085 0.027968576965408786 -0.12114973960741554 0.009410602223082667 -0.020856028491222957 
2 2 2 | 0.9743262367219172 -0.023495684630792955 -0.03411812386308229 0.0703669736410485 0.1890813123410536 0.04611041332547598 0.11889936789562058 0.014982750248930152 0.03680718374273401 
3 3 3 | -0.8508878312322512 -0.004094469461905504 -0.0062536154847796085 0.0547259531137666 0.14196660420180524 0.04300433304898899 0.09308957965596654 -0.023690494096553317 0.09250794451768173 
4 4 4 | -0.8669806911158293 -0.011542128152634478 -0.02419869134713981 0.031928675623950284 0.16355300348633336 0.0404553289460213 0.10689800302448467 0.03303521538331888 0.032768611908777966 
5 5 5 | 0.11439848063413594 0.016339252720824402 -0.03307244717798163 -0.014239508437470214 0.00915551125093336 0.01533262963708926 0.028903364625235118 -0.009019918186353835 -0.011718220962073991 
6 6 6 | 0.12589581561442542 0.01239290530451307 0.0398259708383622 0.01246957404766778 0.016411632117397313 -0.009015191034855907 0.015045030429692442 -0.0145979009651983 0.0010414430300456894 
7 7 7 | 0.13273364617578542 -0.004893522919002884 -0.04587450421097842 0.017938475235872324 0.00412186762672927 -0.019351492062740346 -0.0004703583120070623 -0.015628125861935224 -0.004132877042896615 
8 8 8 | 0.09554207433425954 0.03170147439331281 0.01019106094616867 -0.03369735113927495 0.019466651585760372 0.0010231877808870732 0.0012802878258562794 0.01970525047841958 0.010273614113490755 
9 9 9 | 0.1306114015200609 -0.01341513167482263 0.03151659843083351 0.03518204163943146 0.0013339950941459852 0.01788545475502553 0.012760855447646113 -0.004970242670092505 -0.008181244848611144 
10 10 10 | -0.5121932018431572 -0.008284321951544563 -0.055813165773289874 0.039529704962684875 0.021653148849296994 0.019606061289409858 -0.009085538566887931 -0.06590961103809699 0.10975172359529005 
11 11 11 | -0.25722897438416137 -0.0472612048576178 -0.1149905635249929 0.0928956919333381 0.022508365875280534 0.050150018998794885 0.0242822202673485 -0.08304316330152219 -0.10140660080683915 
12 12 12 | 0.31034060276954456 -0.04418715186679847 0.08983519225600425 0.05663714794331277 0.1277900195969961 0.05814116174144382 0.02554019456754306 -0.06414588891989025 0.01725790755405669 
13 13 13 | 0.24403554245095638 -0.04474937218788605 0.025021591974066754 -0.10499769638111474 0.12586016690679067 0.03660862381971536 -0.006935589197259596 0.010934563997563587 0.07691495011707432 
14 14 14 | -0.3569851667085784 -0.039495377945728646 0.05400577239775502 -0.08231443366304472 0.07099035641774995 0.03593589854453563 -0.008277712948592093 -0.01786248404324593 0.0150938345878682 
15 15 15 | -0.5529466076624372 -0.013281628513913877 -0.07328216417028412 -0.08625434447649914 0.2430710502741496 0.09983542748591351 0.05157648125102265 -0.10810014002735935 -0.23615946913128427 
16 16 16 | 0.15787309620280743 0.009437318325412067 -0.018012958829138153 -0.05367014875536533 -0.025356777245658674 -0.003434204367128555 -0.004825018444589038 0.001974950293188129 -0.018845967660001493 
17 17 17 | 0.36125190413552066 -0.001904659436751247 -0.037588368181557176 0.007087640043785381 -0.017689234059095615 -0.003150715526482659 -0.009981701375316255 -0.013315246652888206 0.001661561590569255 
18 18 18 | 0.14736668200088632 0.030928425512022267 0.019694945065704874 0.029562709116459706 -0.0034095525500931105 -0.015553571987710993 0.0005823434913325528 -0.013628657905004631 -0.007108231021572054 
19 19 19 | 0.16790031316575793 -0.04454723184149455 0.011017647201014573 0.01588916864154229 -0.00917494135293479 0.012271578973905845 -0.006359717000583643 -0.007508661901268908 -0.002148253931877879 
20 20 20 | 0.12368464026392423 -0.027019156966068568 -0.0029353565114566284 0.0745704757259618 -0.02885756081611508 -0.007712669817903758 -0.011229780943299524 0.012500042457642416 0.008358796564745445 
21 21 21 | 0.14437083855068056 0.00791535341007255 -0.016503246747881978 -0.040530849005337606 0.0004282169349521984 0.0012092383948525776 0.005781987731199142 0.015927294930239682 -0.010823400555635514 
