number of atoms: 18
number of fields: 9
Multipoles
---
0 0 0 | -0.039676444107537456 -0.12630271249499417 -0.017390995663808754 0.024423188393865678 -0.06675429754611507 0.09908101772338658 -0.2318260073379181 -0.04472648601396685 -0.04700878967698349 
1 1 1 | -0.487600229689936 0.045278438064009253 -0.007748272700115668 0.01207567296335526 -0.0002454082679465778 -0.07396053808041922 0.029148047779146223 -0.031161549145026696 0.011240435033568655 
2 2 2 | -0.6097818708492202 0.07661755081256337 0.026686998993931305 -0.12669573535429024 -0.02935866822869384 -0.05726898780797004 0.0985773464454788 0.03161976277774181 0.03181657510734517 
3 3 3 | 0.1896860671854662 0.03666825540064776 -0.04970937017757461 -0.030361279885491137 -0.008474989231273466 0.016610454198590443 -0.008197434381007965 -0.011070044228820089 -0.017815353345942225 
4 4 4 | 0.12319466090468445 0.03382266470894559 0.057245137198325496 -0.013322552933991734 -0.0020668904986106272 0.004671745371882264 -0.01797084777621223 -0.016558000496722017 -0.013763265352313217 
5 5 5 | 0.12246830416670407 -0.02977873895092606 0.03570855056734554 0.0013331677330275815 -0.007658707059248036 0.006155624888171847 0.018192183642779032 -0.010882649394141969 -0.003938523600498482 
6 6 6 | 0.18780521974569464 -0.01340087123958595 -0.04682833643714832 -0.018480137715644145 -0.0014961400916641415 -0.008674699484022249 0.009419575661891168 -0.014271994886431482 -0.0023717486388370626 
7 7 7 | 0.42590049498547766 -0.011165334009904642 -0.031117644419711155 -0.014708436613283528 -0.00027533637852739405 -0.004265143649625851 -0.0027930946180324675 -0.0035568719201306 -0.00134336400832337 
8 8 8 | 0.40745977774952524 0.028819670707368614 -0.003989090752118804 0.02328845123377897 0.0035106007482963264 -9.256921631106876e-05 -0.002074278768041063 0.0035625682646134903 0.0009354217555111884 
9 9 9 | 0.39854503166734245 -0.01944011932694805 0.030121651296532156 -0.0015967126738381076 -0.0032275049459366983 0.005346494506656686 -0.0007146340737175526 -0.0007087983453971091 -0.0014875046711449178 
10 10 10 | 0.21495435949005837 0.029759514523403655 0.004995941757460497 -0.04096375844840787 0.0031537223855534094 -0.004137027212471339 0.010085142391540031 -0.004556663356810395 0.002883698318999357 
11 11 11 | -0.7397538956335463 -0.0012569424509543666 -0.012705709625277638 -0.02215227407659874 -0.11830344299526857 -0.12488584385335116 0.0456536240494898 0.11655713360467207 -0.05070279185456769 
12 12 12 | 0.9729487053313877 -0.04844264955639066 -0.031915149139378575 0.032664666809756805 -0.08779398099319763 -0.1379341036137624 0.025063793986215673 0.12107090723167173 -0.04564795248901257 
13 13 13 | -0.866575094131143 -0.02233465557110324 -0.017989165023940268 0.014800969532847682 -0.10372342907058765 -0.16781696323709944 -0.02781976591954616 0.1367121962517859 0.043964942266547555 
14 14 14 | -0.7972494520548228 -0.0391913102241767 -0.04518126122179119 -0.03612724233492697 -0.07566925490947975 -0.07794893327069725 0.09042569564682423 0.09618740917837301 -0.008299321200945016 
15 15 15 | 0.1615557204439858 0.015774551999985016 -0.019648681766204087 0.029474987020888157 -0.008674515248790541 0.003629741692021148 -0.019380072479128208 0.009772626378207543 0.0004710852231061734 
16 16 16 | 0.15429840527997907 -0.004885658046550609 0.03532519010305777 -0.0014419927257643293 0.01130727096026005 -0.009405644993679825 -0.0018313754232638024 -0.017780419101040865 0.0009463837367787868 
17 17 17 | 0.1802538590249948 -0.00016706481462930675 -0.022542336106655528 -0.032305995274116324 0.005253521297082489 0.002635864056162755 0.0112620163131403 0.014403106596836553 -0.008301793932831042 
