number of atoms: 24
number of fields: 9
Multipoles
---
0 0 0 | -0.3814370147041828 -0.029023304176934703 0.04820369265302425 -0.08347226101508633 0.05389128155475927 0.008900680408890478 -0.03159504502778356 0.07466291250293314 0.07498344697760245 
1 1 1 | -0.38389558395714474 0.021867397529006544 -0.04500549017307855 0.08752458297399338 0.04817610748434637 0.02782995572082986 -0.045223609471531236 0.03866851025482701 0.08035575019161331 
2 2 2 | 0.12098305944478693 -0.03607061216088672 -0.03345022548628917 -0.004402437534217473 -0.0006497847215727059 -0.01154926545094697 0.011733346662520969 -0.00871486870531474 0.0016563174174965398 
3 3 3 | 0.124802983368283 -0.005143091606748399 0.041162542149046515 0.028370175166829582 0.00033785928981585467 -0.0033579599618781208 0.0033200765937123396 0.007261796230594402 -0.01596060442976442 
4 4 4 | 0.1407601186482642 0.047417410044148824 -0.015855025195817787 -0.015632125597983826 -0.00906745381029616 0.0014774096787184318 -0.0027668132621166738 -0.0035349278461808318 -0.007189553488403302 
5 5 5 | 0.1258289554187506 0.007242042130149311 -0.04105690358899196 -0.027784117501657535 0.002053958480785857 -0.0031307548709255564 0.0022723740993263585 0.004347656864756568 -0.0175364044642515 
6 6 6 | 0.12615333182767408 -0.04564123307469548 0.01479977539905511 0.016311122470493523 -0.012800590097504286 0.007374420244023589 -0.0033975133605220497 -0.008884585348247813 -0.005558908950545898 
7 7 7 | 0.1264781856010766 0.03952701444261522 0.031451949761700584 0.0023678073533962667 -0.0008491938348767601 -0.010218364341989907 0.010983766422931758 -0.01135436256959594 0.000803159165929946 
8 8 8 | -0.4642949577146016 0.02401676647660555 0.014576182009700494 -0.06223592345948477 0.004570428832491664 -0.001412335793541073 0.04130526228187165 0.07382524925616886 0.07901123297312929 
9 9 9 | -0.14970681844089118 0.01034500545427672 -0.003157667244304973 -0.01899783627727115 -0.036397563893899844 0.07860596709388593 -0.03273659106824682 0.16499711846465143 0.12343932641531047 
10 10 10 | 0.08661974095665137 -0.015087240913743232 -0.010752787833812177 0.03708127629825485 -0.1608381607167347 0.11347884932704176 -0.005055853477686922 0.1226701451937183 0.10931087413387415 
11 11 11 | -0.2851501735566897 -0.018488880531523897 0.0012594804114991573 0.012383815120144673 -0.12400299438563193 0.05480555991146794 0.08307569912198094 0.12092463319492519 0.056817078669306194 
12 12 12 | 0.4006726154504774 0.01597039961565731 0.03754724161919722 -0.12675711109682855 -0.19228817369170215 0.10192226918101815 -0.0008432599280427337 0.024551950303479866 0.018508707332690513 
13 13 13 | -0.13239292629314914 0.009148174796717659 0.003143199744378917 -0.0289083261670291 -0.09746975097697774 0.06092701925240759 0.07249443423249248 0.136405013391169 0.06091286570636852 
14 14 14 | -0.35409226173600494 0.0042723086942766395 -0.017129912136695607 0.056516810098181366 0.006307806937552996 0.05823645263058278 0.017056483889338076 0.1905603889955981 0.1333668104370005 
15 15 15 | -0.5886863620123695 -0.09810257883956047 0.012708092968234141 0.05685704358074435 0.08547758148007296 -0.03897917188509433 -0.08796962697798918 -0.042155911980839685 -0.0037597211260283598 
16 16 16 | 0.1380045252027493 -0.05036363955747891 0.006519409532235581 0.01332577837974493 -0.00863388785661348 -0.0021784111458614413 0.0071508408442630825 -0.0112078511851389 -0.012840384257743307 
17 17 17 | 0.17018751883314465 -0.03334824757855141 0.01954878502687385 -0.03193106719325002 0.006074874196928445 -0.003683591732124354 -0.015247523588438516 -0.004640144256089845 -0.0023925942675847374 
18 18 18 | 0.14628564995789128 -0.03165440037439316 0.03501409809096832 0.001860879589947149 -0.011672652003472728 0.008860036171229371 0.005130667680981671 -0.004139925397584086 -0.00676134384328088 
19 19 19 | 0.14715575279310655 0.0399832397958599 0.011531019956071881 0.022320031451496285 -0.004096792081466461 0.00360724755994301 -0.016481229660261502 0.0017070166068910801 0.00028996647998941725 
20 20 20 | 0.14001955186831028 0.03435212974540473 -0.023208472187473784 0.034188979437342885 0.008032449047814538 0.00016411639316519483 -0.01836937572923166 -0.008793006003871577 -0.003992067588745471 
21 21 21 | 0.4436489158847915 0.020495547878523833 -0.004162235465858168 -0.008308992909065652 -0.004245182269266153 -0.0029665922653143283 -0.002166405265829196 -0.013481987269510432 -0.0091969057708562 
22 22 22 | 0.15194802616099645 0.048025002790941546 -0.012237600977208855 -0.0013358997330704884 -0.0024076633649639276 -0.0059692205940023385 0.013843956617212454 -0.006385880252903635 -0.00938160057863187 
23 23 23 | 0.1475750292597131 -0.016155091158664762 -0.044844827130958706 -0.00938507254520411 -0.0009435491976552857 -0.00599291908574301 -0.00015905650170079593 -0.013818412448001378 0.008594301985099955 
