-5.028132880164632	0.5263246011053375
-3.4794695402625	0.46335854942841487
-7.017739209110101	0.40341658939123765
-6.330019473442241	0.4643479705777958
-0.5496323346742187	0.3327293768600587
-0.6000412264014096	0.34246004380431266
-0.819011333956055	0.3779498693649519
-0.8401348407333044	0.38164821380456704
-0.7964367485390857	0.3734929698989247
-4.829914330457615	0.5199732362592937
-3.971695547731964	0.485621041184529
-4.691365482325503	0.517502103534769
-4.634739679136032	0.5104651030319544
-4.490219238413038	0.5057473549170853
-4.506589275705029	0.5073332456835256
-4.270754209026437	0.4941648267738876
-6.984038681289898	0.3977033919755941
-0.5526889972476864	0.34734558791606174
-0.8491980816124214	0.3798046585874178
-0.8258613605986626	0.37083688750900534
-0.8593420912523682	0.37784754716130975
-0.8533374983074553	0.37778715439446453
-0.8501303598503968	0.3814133741836679
-0.8499175636263839	0.38170818784820454
-0.8470799343916147	0.38304314246112325
