number of atoms: 23
number of fields: 9
Multipoles
---
0 0 0 | -0.463832265633779 -0.010055389014107574 0.005581193749164222 -0.08199946741405358 0.052621373472183215 0.04267914230338855 -0.015466696957050592 0.12278364201761957 0.06766505417968266 
1 1 1 | 0.4417674852796125 0.00029968420231285217 0.011377300127384143 -0.12440919259652918 -0.12144302169446096 0.15984350776152306 0.00925112857256976 0.021324324154344616 -0.00025020047501997063 
2 2 2 | -0.3346769485501575 -0.00782113179377474 -0.004984689967878803 0.035556307013054074 -0.01989258310167743 0.14186683494616745 0.06684146239827155 0.17080512429733247 -0.010428078989204328 
3 3 3 | -0.3173024771616779 0.012098220857843168 -0.00619103929270418 0.018395726008342297 -0.05971191092275068 0.13233423057013657 -0.05840377936409666 0.09275683457325674 0.04241211421395098 
4 4 4 | -0.15788504796656877 -0.0037661571752830247 -0.007611710661559156 -0.027520301569517503 -0.02312299708287144 0.12230353154441337 -0.06188141144228112 0.12690973839217864 0.03294046740201532 
5 5 5 | -0.17835384556251377 -0.012978429199370456 -0.0011442697786210997 -0.021281656469133745 -0.00899502761753092 0.09100497239042656 0.06146685765977007 0.1436620134078277 -0.028148630994041766 
6 6 6 | 0.0699136511643168 0.003273428266964318 -0.010564951314904246 0.03755772270829596 -0.10588504513401797 0.18034506139920098 0.038154356227861584 0.08598314003295539 0.00046017474998370756 
7 7 7 | -0.6533637513786434 0.06565249317167796 -0.027476249895059975 0.046566967416819545 0.009619944101673435 -0.03560450792411016 0.10576123855768312 -0.053616652097373846 -0.029854239668638923 
8 8 8 | 0.5160698493746727 -0.016102483449915574 0.006800226271316942 -0.0031859088476883617 -0.004644596405566504 -0.0030548786416193857 -0.00969202318093667 -0.007956650146052518 0.002050078240983293 
9 9 9 | 0.19417076259534605 -0.04350406001707601 0.021393860930573192 -0.018521881870748585 -0.004786725836093486 -0.0006006286999439447 -0.008692317358430679 -0.01238956414657573 0.002201764205214495 
10 10 10 | 0.15671671017751232 0.028743677995529786 -0.016000308659956688 -0.03347096456614623 -0.0014629931264195691 -0.007303678586175788 0.015945523523913503 -0.008303520749775476 -0.008962183994085562 
11 11 11 | 0.12507047607538102 -0.03919648413694236 0.016317973075291908 0.027528392186487352 0.0024238258254781456 -0.01037445231537001 0.019590138845967404 -0.007846208747016546 -0.013165139676621059 
12 12 12 | 0.12331216443248283 0.04062377200084056 -0.022830314398944885 0.01554811442599738 -0.008321907532430764 -0.0025229353037616747 -0.01705809526423567 -0.01989151944885968 0.004059672744091889 
13 13 13 | 0.1338420451227389 -0.02534279461371987 0.03835385323419919 0.007331194030089088 -0.00252716132718281 0.010635286219407934 0.013677929509286677 -0.0010682996486571644 -0.012706980940951837 
14 14 14 | 0.1322148683794464 0.04506240550580737 0.012383495644873121 -0.003196932125505443 -0.01668123671239633 0.0040092831911808366 -0.013185537627510301 -0.0016886599406833222 8.527371277827021e-05 
15 15 15 | 0.13393684887295454 -0.020130754313316387 -0.04326114675942661 -0.0022772381099378054 0.004633047701611144 -0.0025916455093363505 0.0071234032956904465 -0.009856062951352813 0.018042572197865665 
16 16 16 | -0.7484982179593906 -0.01399117385040518 0.0013395221677980696 0.004314706678638508 0.040448142844981806 0.13517203158325047 0.022899887869889828 0.017576756417859704 -0.17703603753027042 
17 17 17 | 0.9778986302965054 -0.012236294234037362 0.04095249289695286 0.04924408829530821 -0.01232045894369268 0.12869781607239347 -0.05265933331147287 0.03620308065976853 -0.1321720055260098 
18 18 18 | -0.8425100562250503 -0.004441003277942855 0.016361598500730518 0.030608451781705757 0.03220177139885863 0.03683396114439747 0.00590096585719409 -0.015223560421082787 -0.09356722067035532 
19 19 19 | -0.8081339945794657 -0.046384806357149394 0.03993162291221871 0.006519072076940191 0.0318915907118737 0.05924347042029411 -0.04797448491244693 0.05250678348000328 -0.1283862150904645 
20 20 20 | 0.16917710593890434 0.0020108276430054334 -0.02761253058816728 0.026689902116682526 0.007646307623512274 0.009331266344578796 -0.0014382018069712334 -0.01742194994585413 0.006499460206897328 
21 21 21 | 0.16736391324947586 0.030475371371058255 0.02238152761399917 -0.007281765836201835 -0.014739686745465769 -0.0007558582463556901 0.018098883411297083 0.004935026219379652 0.0015365766954578046 
22 22 22 | 0.16120419340599335 -0.029392185667449434 0.007881481326433877 -0.021566925138117102 -0.0006900824446937042 -0.0024974507222746654 -0.019252826782861235 0.013093299121604706 -0.007515460182366865 
