number of atoms: 20
number of fields: 9
Multipoles
---
0 0 0 | -0.38857533823672963 -0.10779897226625897 0.011363524464420877 0.008371845207766427 -0.1322787492191572 0.024510337887983864 0.0368461503009891 -0.0012314120572060356 0.002566773751145054 
1 1 1 | -0.3776089854614044 0.10270234402102041 -0.005798846834052334 -0.012340685171626401 -0.10631468725909153 0.025034021072450317 0.008082897010879893 -0.002352172961966778 0.0019932781188808976 
2 2 2 | 0.13582508586070285 0.0121614520558424 0.03853708543583535 0.03433476632937796 0.00673198886112968 -0.007880322085673448 -0.0032861595353379422 -0.002718174838104184 0.000560065804518335 
3 3 3 | 0.12509043073162485 -0.0019793734621394153 -0.04815127362772812 0.01681034371079541 0.010060726403829616 0.009320558879253682 -0.0057450644211460115 -0.0056020062005641795 0.002165859557754527 
4 4 4 | 0.12691733828655627 -0.00039496384497561863 0.00938552965697788 -0.05023967911433541 0.009059313961472193 -0.004351092732186556 0.011908582451773661 0.007147495512141729 0.00030205932931487233 
5 5 5 | 0.1261996005008439 -0.0002610318527498058 -0.011590951432278254 0.04945015614398034 0.011478052652877711 -0.004650685261212236 0.011552342480318136 0.007070457165861691 0.0012345375832228064 
6 6 6 | 0.12903838262138734 -0.004288498034247525 0.049700197862730576 -0.01186078940317529 0.012173676514232986 0.009077703693130695 -0.005345820525957209 -0.004770116469088877 0.002627852900557804 
7 7 7 | 0.12430022155750764 -0.011022685472310976 -0.039809210286182894 -0.03095683793507893 0.006170982605938636 -0.012650022413518485 -0.01154583656221216 0.0007552202373970297 -0.003045546917737194 
8 8 8 | -0.20834820762717854 0.06302426873683903 -0.042443772953939696 0.0233628069165333 0.012838492247599734 0.10183523164258336 -0.07463018962629162 0.0077938510384943935 -0.05977687853209138 
9 9 9 | -0.42449543624273733 -0.05811250801999923 0.0587785816212484 0.028922097277148222 0.001606867202536788 0.0922214119607787 0.009732327218851408 -0.0306815277198963 -0.03294900233829167 
10 10 10 | -0.43289748278442364 -0.06788689576928489 -0.02818316281610563 0.021659111886043386 -0.113417650925581 -0.07269186871734597 0.04296006165017579 -0.02503523426794809 0.03953996124073032 
11 11 11 | -0.16832655762422277 0.05893163939682205 0.006416886296430126 -0.029604460099885557 0.2863973206890814 0.7415413413433305 -0.02045498896208082 -0.372378150296727 0.49732858611726566 
12 12 12 | 0.1380478858434553 0.009569831286176604 0.037802671927942115 -0.03551585983273353 0.0037185980972209566 -0.003928270113289692 -0.002913826581662546 0.012199631421465764 0.021493268327302566 
13 13 13 | 0.16218490004692898 -0.04621676168515414 -0.02605959263860589 0.007974956075211677 -0.012513596573438533 -0.012121207250233955 -0.004054541011356007 -0.005896903448337285 0.0050160912896785766 
14 14 14 | 0.15849602134031238 0.005689164987035991 -0.01518207195250111 0.04748634470615313 0.005739022802317945 -0.0009116128099485821 -0.007548441060057446 -0.00015692299998044595 0.009509710939962904 
15 15 15 | 0.13350081530834224 0.034169305414514156 0.03265673029555083 -0.013692236125975268 -0.010160420878445075 -0.01017085736807111 0.0025966717643109284 0.008570414466532155 0.0032469404666148763 
16 16 16 | 0.15830241961289837 -0.018417837298365845 0.033288544531760604 -0.03344141569550569 0.013718818641073664 -0.008037996320174866 0.00772846173690569 0.004813729684012201 0.009841595038164074 
17 17 17 | 0.180326650495365 0.010384872630741634 0.019746104648912802 0.04516686726715807 0.0022488305396339975 -0.003196127070279887 -0.015752060306203026 -0.0032971443891443163 -0.007093236378495877 
18 18 18 | 0.16132150385437327 0.021016226902044542 -0.04527793963225365 -0.010223632282485028 -0.005400582567535569 0.012066446034601294 0.005024527627618399 0.006031090041403936 -0.008164596170464524 
19 19 19 | 0.1389367954478523 -0.025392030884633127 -0.02324675979583168 -0.035231397346161625 0.008949969507371067 -0.011410156302777493 -0.0023766855484974106 0.0035188502630030963 -0.007487400100707673 
