number of atoms: 19
number of fields: 9
Multipoles
---
0 0 0 | -0.14806719018092185 -0.02518658819606332 0.05742656593652869 0.04486020111040948 0.018821489814533902 0.08800086020205102 -0.007950703355461155 -0.015784921018973393 -0.12116701101313423 
1 1 1 | -0.45062838361786817 -0.037607679649498946 -0.03150334469348328 -0.05900893567713287 0.031737573572650134 0.0036159956930892486 -0.06910700998951702 0.012963127863920837 -0.07953026049178336 
2 2 2 | -0.43557585729754944 0.06198878198437404 -0.04780423830072775 0.007936830365895169 -0.05665948425142122 0.08720322652960215 -0.007441618712786437 -0.030590448379099983 -0.012360037068698383 
3 3 3 | 0.10717261886710905 -0.01726703764938717 -0.04722898801539321 0.020179111412290583 0.01090341544449766 -0.002210622912197202 0.008762394176679976 -0.01218802307500234 0.0004740438348833828 
4 4 4 | 0.10450239568339592 0.026953595540969637 0.023253034481569252 -0.03855863443676636 0.007446599009772995 0.00027577058172211134 0.022974335416859178 0.010301881942686551 -0.0020610186674276856 
5 5 5 | 0.14608231673810412 -0.025731711054380962 -0.02568283374634197 0.032465591543064234 0.005571515087840604 0.007895521698814412 0.011417150842490072 0.00944886014931863 0.003909304374840259 
6 6 6 | 0.13167309257692572 0.04421773293630105 -0.01260672561871962 -0.013967189444723365 -0.013745673107606297 0.0034664871952858746 -0.0016871224938967715 -0.004147879366682522 0.008089292699766633 
7 7 7 | 0.13272896221837982 -0.004519220555698955 -0.008213562406999449 -0.04854311738931632 0.0019550710561032653 -0.005147104461058943 -0.012963353046996348 0.00946550203913738 0.004600090982733585 
8 8 8 | 0.13504752667470388 -0.020967329869670207 0.03764449387141009 -0.01910783002269132 0.004345268150062787 0.005588898931702553 0.003204243321029497 -0.02068864190162157 -0.0016811326232254193 
9 9 9 | 0.1344136041031141 0.03176888002362373 0.03191796301562891 0.01731545944405438 0.013220317878757782 -0.004991210963872062 -0.005055788801903623 -0.012778587221620443 -0.00893812376326657 
10 10 10 | 0.13538105886301655 -0.023362740949353596 -0.024580410586887088 0.0336869853715828 -0.0020775888271116435 -0.01184609098657173 0.013429127692342247 0.006412103152422017 -0.0012694454286702086 
11 11 11 | -0.38279086621572045 0.028597946348734075 -0.0888769262414733 0.038595439354989894 0.04773247792157867 0.06731953544002894 -0.019514414200334645 -0.07486546550645035 0.041694547128854655 
12 12 12 | -0.38684597071916293 -0.02155617825430481 0.09192825983144688 -0.03332099270225899 0.04090700039164248 0.05375688963590073 -0.02020167108366054 -0.07524368332176136 0.06370837649032038 
13 13 13 | 0.12612806168607105 -0.04525536563432012 -0.016622058287111965 -0.014709406091775698 -0.012121891032114283 0.0013850923162172532 -0.005998043431504823 0.010506310935834212 -0.005079091888495541 
14 14 14 | 0.123924463946391 0.003888598838063387 0.021018196768612822 0.04590127159810348 0.002046843449580704 -0.001010803377615113 0.004618236685728847 -0.0028155690714038893 -0.01645800320179091 
15 15 15 | 0.1390481404889874 0.03912848244879433 0.007044214917829312 -0.032998207257270165 -0.004487286055226691 -0.0096487406426733 0.004242266211305863 0.011773320736915066 -0.006008859226265191 
16 16 16 | 0.1271679457139575 -0.03868799556534051 0.0022232172851083705 0.03240193321034799 0.0008756293799534416 -0.01331884445313339 0.009247810336631086 0.008576300951495641 0.0065940425905033915 
17 17 17 | 0.12941253739075742 -0.007961645277818778 -0.02028129439943549 -0.04645085067367839 0.0020436095727790634 -0.003050250490927888 0.004963446627698971 -0.0016770544287386872 -0.01732980693772155 
18 18 18 | 0.12949488008396082 0.043870083705610685 0.014705284653311015 0.0197371385006834 -0.01352634394526282 0.0018455609883781397 -0.005725364115154756 0.009772447582078344 -0.0028195340259426667 
