-4.738108524074613	0.5157691514222742
-4.741798288800734	0.5185196938222717
-0.8541709969021055	0.3783255348249156
-0.8732383111758825	0.3847602966974591
-0.8747474375321117	0.38445972610183415
-0.8734958557503958	0.38497835238868755
-0.87666114981123	0.3854103107971485
-0.8817467658706644	0.3890954566522341
-4.784647837824272	0.5190091078964217
-4.109908544754293	0.4874599587023083
-4.404455918792805	0.49911278815813087
-4.382442735885928	0.5019769117677804
-4.446194921219052	0.512107917454663
-4.641841226320716	0.5160068479049039
-4.469370064327527	0.5090322323416209
-4.510203164886283	0.5105414586926375
-4.5460194349003205	0.5139900793544371
-5.795547112188048	0.44570311771870763
-0.6420914526159444	0.3501806732290571
-0.8461284749966884	0.37807186230432444
-0.8471716188265146	0.380278506767235
-0.8622510680335047	0.37926639560774245
-0.8613873151605889	0.3807550198391973
-0.85604424623668	0.3830055633176338
-0.851560595546401	0.3820611454966437
-0.8570949557458711	0.3791053896515142
-0.8528598691801248	0.3839695570479081
