-4.533047003873937	0.5068760316299572
-3.394473805276392	0.4542171930269627
-5.9890995658043895	0.44653543770438175
-6.321605058943807	0.4606969028142156
-6.30655880799932	0.45945428704696145
-0.5570469459033492	0.3418529140098689
-0.895546099643982	0.3871473248395472
-0.9020545334124446	0.38850403790882443
-0.5720620461891305	0.335962140419898
-0.5710188715552029	0.3347356897017135
-0.5238744907547086	0.3390055955942192
-0.5899658726194569	0.34015678003158173
-0.8346595425258964	0.376172975761899
-5.074842298215071	0.5321316215318187
-3.353120052295649	0.46299702744911436
-7.199004743940784	0.41234918101126866
-7.16989033164593	0.41161395080801294
-0.8302631338590161	0.37969768118253144
-0.8170657060911357	0.37789385531365177
-0.8155268192089629	0.3793130113139006
