-4.744011053993602	0.5178535821917634
-4.739365298677626	0.5181099184469409
-0.8697841938329843	0.384328578005484
-0.8747652655843678	0.3850008268036323
-0.8753077113142819	0.3858090664944989
-0.8763122617345611	0.3855459878634916
-0.8707763127345642	0.38612945157217765
-0.8689998668012325	0.3857547815555376
-4.838565051122799	0.519993683371856
-4.523071411599736	0.5086243750572936
-4.481380591535061	0.5074562261204154
-4.478960096441667	0.5073417900172146
-4.558110431789129	0.5086405768032186
-4.558125235657624	0.5088298865724141
-4.213809361934371	0.49035303584778805
-0.8479388713887062	0.3736045915653775
-0.865214498591906	0.3795829661164917
-0.8662942908186289	0.3804532953435147
-0.8585286449776456	0.3789304186281478
-0.860263581953069	0.37963775862805876
-0.8526369910429819	0.3822671435954582
-0.8519025091228005	0.38206633901154596
-0.8449608493726012	0.38307873898968714
