-4.597718229646128	0.5067880427808604
-5.98415292318947	0.4440210710888047
-0.564026795969127	0.34753081611947867
-0.6022895650098635	0.3351259359495894
-0.611729415463984	0.33728097598391804
-0.8154962688354507	0.3748847327946045
-0.873368023885932	0.3818050957145248
-0.8260427154404739	0.3743659534696831
-5.078825677013076	0.5362074533251872
-3.384450630679993	0.46899155836647943
-7.206765556937026	0.41292350580486786
-7.104879239475045	0.41137630783494883
-0.8104823868098835	0.37673120646645575
-0.8188441996351629	0.3790136483487456
-0.859463535119077	0.38933941249696097
