number of atoms: 23
number of fields: 9
Multipoles
---
0 0 0 | -0.4757189521596956 0.0396579523867382 0.016558040706579628 0.04947208720695861 -0.006414422243731798 0.03994022335947182 -0.0763962498093573 0.06107171968050537 -0.0070588840261146075 
1 1 1 | -0.12936070090512075 -0.029185494139034325 0.017083168459208983 -0.008645743312887819 0.05307011288959251 0.08554749880999965 -0.05427684862321103 0.15066303041079018 -0.1371291459767489 
2 2 2 | -0.15530808322211254 -0.020911726792201095 0.001770618106236272 -0.02683736502089955 -0.050950380425421125 0.18116026233099872 0.03455205043143661 0.04609424704445417 -0.11864904747632582 
3 3 3 | -0.20110532097889688 0.004925519145716973 0.012676241427948213 0.022497088275416455 -0.09505175091757273 0.1544437836335488 -0.12703082468979757 0.06855238684596812 -0.04959217703217546 
4 4 4 | 0.13821228766005067 -0.02133048076852687 0.0014226701903131986 -0.032456228285535765 -0.06098141806131427 0.1949347290607227 -0.005386097060098676 0.0818490110851348 -0.14684950678916614 
5 5 5 | -0.1364847302683403 0.010406765293581425 -0.0177006347160266 -0.030422812435999445 -0.0821595756521995 0.12704248543304972 -0.12899768789938598 0.08721296902051373 -0.030373609653178157 
6 6 6 | -0.20501110120057486 0.01850826348381741 -0.0012755709766771746 0.007595691158048374 0.024654240478387844 0.08713229241681593 -0.027098554863765802 0.1327153841349782 -0.1430430999207013 
7 7 7 | 0.13776745470540275 0.050734183742476256 -0.023731411766796374 0.006341216680174873 -0.0009887959581975048 -0.002783610270467725 0.007312716194308694 -0.014475626726044882 0.008677188932477157 
8 8 8 | 0.13824771678904024 0.031118556228499357 0.0003123444432912671 0.04522593627714653 0.0056610969063777255 -0.01538449439211406 -0.007494073513874972 5.163762248684063e-05 0.009062574707002922 
9 9 9 | 0.14143817962912386 0.01963542430973247 -0.025900358354968428 -0.04128476763821624 0.01109813138345555 -0.011039296792870742 0.011190996732150288 -0.004416347064403584 -0.004021029350988716 
10 10 10 | 0.14068744801033195 -0.016849078341283196 0.027443869977068356 0.04659689655117821 0.008334980788836661 -0.008419011324100683 0.01337865121596091 -0.005561933551396804 -0.0017291339507436627 
11 11 11 | 0.15361291258623255 -0.03988330227516239 -0.010070515238065725 0.0270479389859819 -0.015911541568848993 0.0024433483351643448 0.0017689512772716513 -0.0049871919508240325 0.0006734702799662843 
12 12 12 | 0.1467428147453267 0.021611784350310238 -0.03956985245690944 -0.013084756663266132 0.00512953732781731 0.006990918080665907 0.010326300216553739 -0.00417642979699423 -0.01184957390790677 
13 13 13 | 0.14691033504329587 -0.045913316184654766 0.02576907570791931 -0.0053155430444801555 -0.010365539621501333 -0.0015765910637554428 0.00278330217639322 -0.014702705667957535 0.010901955526663778 
14 14 14 | 0.15589292115866937 0.009260584614048254 0.03819310215682343 -0.028602610253466047 0.004416733918321384 0.0065151007893069456 0.004739831794685436 -0.00201017655258637 0.01192328045223144 
15 15 15 | -0.3879916185716912 0.08226038795625874 -0.03940901530247858 0.04487544366844452 -0.048369593280415596 0.05748011117472631 -0.10671746718315853 0.01810547001429165 0.03667269897140809 
16 16 16 | -0.38612138752707104 -0.07994358186858448 0.03472846696009858 -0.04857329205387973 -0.05295714634403679 0.06951927107486792 -0.07539874248500622 0.009982153692414697 0.037425393567653 
17 17 17 | 0.1312196239891581 -0.03043949545443604 -0.008438488547517057 0.039274252347021685 -0.0018417996887157481 -0.008469123579287769 0.012295262247282421 0.0010895389624970193 -0.006483650066661061 
18 18 18 | 0.12988828488850945 0.022997376562627434 0.04463805758523102 -0.007309219919624497 0.014064399981522495 -0.0006141158026844026 0.00587649514791336 -0.006658715785019039 0.005058402176426324 
19 19 19 | 0.12740856944481094 0.0037925717689177444 -0.03529913938091923 -0.03588260168177419 0.006599721743581186 -0.010861032885436361 -0.0042206453450563675 0.008170081001377288 -0.008087992560417711 
20 20 20 | 0.12952564513742526 0.02855632007059313 0.009089254439130624 -0.04026204442621169 -0.00800469948679831 -0.0028982238953743737 0.01576160937673652 -0.0008621024988582812 -0.0061372250588850805 
21 21 21 | 0.1307399755573745 -0.02268952448505455 -0.04543735089124696 0.005275221684570854 0.013762442427006914 -0.00039897818645439655 0.006784375789124173 -0.008221158261198054 0.006148797940663682 
22 22 22 | 0.12684411692834285 -0.0021782192726168444 0.038251341720196334 0.03352872221207306 0.00825904852247317 -0.010687117666325999 -0.002649935864507713 0.009250740735814566 -0.0093445067122458 
