number of atoms: 23
number of fields: 9
Multipoles
---
0 0 0 | -0.38382378576579423 -0.06614419811287385 -0.04353551102903505 -0.051727585286964514 0.0017331389932076855 -0.08581265550036088 -0.03232572964946823 -0.04016535332810954 -0.0481178847123538 
1 1 1 | -0.39512691288333635 0.0631761533656924 0.07001011735398639 0.04212845496582901 -0.015736213694193243 -0.0652849870990985 -0.08018730153873382 3.4440900276788735e-05 -0.04332765628152225 
2 2 2 | 0.12208768054013475 -0.033265806192007266 0.029543775107463147 0.022541685297468556 0.011498656278022192 0.007500321446727404 0.010903619606333664 -0.005349400912291943 -0.006004516043782171 
3 3 3 | 0.15248533033550415 0.021675698553636453 -0.037969277098351205 0.029372404277664656 0.0002698242183499341 0.007294037239649983 0.003994105369797151 -0.0014556754669740235 0.007336477961062541 
4 4 4 | 0.127149400907962 0.026338995600497944 0.012075802539509642 -0.04197045214278992 -0.0036559774860616154 -0.004949264872019322 0.01257089469942287 -0.006453357837295911 0.010343546541838196 
5 5 5 | 0.12438028188627892 -0.02123889647088421 -0.011720903834545889 0.04497027595013452 -0.006513065171255581 -0.005460515530768725 0.013757855354056405 -0.004623985776385935 0.009609712730026872 
6 6 6 | 0.12724599421557026 0.03780820856494362 -0.030699402114176717 -0.014796310019853683 0.011364391737221449 0.008474196439688657 0.009322809818860234 -0.004312514868174321 -0.00717844141322473 
7 7 7 | 0.13058538494396466 -0.0198339746947719 0.032017245725624914 -0.032936580265219 -0.00036207478795686956 0.011844962429606174 -0.002245270112492383 0.006324722007850095 0.009549035132903668 
8 8 8 | -0.47883670010181945 0.06509896009952854 -0.012903436276305495 -0.016835923928682703 -0.012055492045683567 0.00956753206071844 0.08766531186621829 0.023676381106566242 -0.014790646964327423 
9 9 9 | 0.1256167242371724 -0.02733396413862274 0.004577081290442587 0.025982167905240248 0.004606214034493335 -0.07295410255437498 0.12779963045877493 -0.19483126955101865 -0.06553305180749953 
10 10 10 | -0.19473355387840474 0.01552232945407003 -0.014358266359448741 -0.00193878952605583 -0.08296038177662358 -0.09505628065862369 0.15925342419517463 -0.10092676746884534 -0.009126094344813514 
11 11 11 | -0.20904834617598578 0.026017698557463963 0.004760692738608465 0.010800891297517204 -0.01925212815350498 0.059004438778414235 0.1404013519032916 -0.12563046476762252 -0.09741796511275401 
12 12 12 | -0.134531836164677 -0.025444267294334456 -0.020607455514307906 0.0059171591550056905 -0.019905407749907768 0.05805845791752503 0.16518990746751724 -0.09532071319090289 -0.10294676835911352 
13 13 13 | -0.1326326264770925 -0.010104160947965313 0.029971630292651315 0.008931958691414244 -0.08915147060970352 -0.07898707500834479 0.1761544698599412 -0.07108832559298678 -0.00880516175821375 
14 14 14 | -0.14979812441079776 -0.027530307250177338 0.003223259458377091 0.026303918778858223 0.03928621573405319 -0.07544652180389153 0.08832973348994659 -0.19072511217175495 -0.04935526365981327 
15 15 15 | 0.15052046752575587 -0.025694460806585964 -0.03102286317279378 -0.026052194585341443 -0.00047302226316588364 -0.013851071992495282 -0.004398509999349159 -0.005554835459430086 0.0019502053621312633 
16 16 16 | 0.14858868998102426 -0.0076846789427962485 0.043458723469290986 -0.017232575579658467 0.009601969682488885 0.007134199440923395 -0.005947848762967517 -0.010948549484497989 -0.0011648837186398909 
17 17 17 | 0.14501216942013895 -0.010035595270584816 0.04903805215688006 0.01720057249526002 0.008670921953032155 0.012168819329773732 -0.01342739872369707 -8.663620230816461e-05 -0.004519268530263793 
18 18 18 | 0.14674093344200023 -0.030752238423145745 -0.04091529945563978 0.011988076830043083 -0.002944410785748574 -0.011960098233076403 -0.011823572065034572 0.004459184594477655 0.01203050140963991 
19 19 19 | 0.1409870551996194 0.03548141496750252 0.04176577008490955 -0.012247759029594792 0.0009478278618715114 -0.010282604947385957 -0.011427851118883175 0.005227294351966509 0.009367231230214434 
20 20 20 | 0.14123029549087696 0.010653467828748325 -0.05188771711719783 -0.01869785755909247 0.009349641719240362 0.0092584498899073 -0.013242166416341 0.001553538980026931 -0.002286288544083468 
21 21 21 | 0.13604821885541163 0.046308003421286624 -0.009224445516527768 -0.02817434938807339 -0.0059764405444944005 0.007981075563506025 -0.0022557656064692883 0.017162295801200003 0.0031491266306606777 
22 22 22 | 0.15822900888932578 0.009401478201474094 -0.0055209382952373905 0.04707675062438513 0.012904081993343556 -0.004133678775662391 4.497336797090641e-05 0.006430644833254081 0.0017535145615703432 
