-4.420365278484173	0.5059369868845937
-6.97310178064178	0.4005360343840826
-0.5995834415490091	0.3579713493738613
-0.9476521145363347	0.39526725700332116
-0.9001222084000198	0.38403834582222185
-0.8755749129968676	0.38087659123173057
-4.559857418668752	0.5036419960694343
-3.3979923382561843	0.45457972273248776
-6.304622249309166	0.45873986834349956
-5.972151232249183	0.44724277987662203
-6.297042652628813	0.4571164723883891
-0.5454355516542017	0.3334839266103988
-0.5550389466619702	0.3301269000580569
-0.6011543620468287	0.33807538213155436
-0.555309721982873	0.33002996735347906
-0.5531244142055406	0.3295813184986959
-0.8635119114162481	0.37959280330596884
-0.8546030518251867	0.37818059372030705
-0.8203940093276169	0.37278142947999837
