-4.497588187705795	0.5049011218915729
-4.798293513938485	0.5218109663299597
-4.781320766615903	0.5190696380096377
-0.882450553337135	0.3778677437900228
-0.9037078284303197	0.38654360634852186
-0.8650629364644499	0.3842395310234816
-0.8715832660217085	0.3854533232315726
-0.8710087513159336	0.3847741340094799
-0.8649517696590524	0.3863596500730806
-0.8651071167001928	0.38587788811679186
-0.8715808489531679	0.38748800818201384
-4.5035103949466135	0.5061631115997584
-4.781912550735143	0.5205443115674588
-4.787805829507472	0.5192863468521416
-0.8964571918297495	0.38535042577701195
-0.8937807583223822	0.38355217409164566
-0.8705860764991622	0.3857647567387505
-0.8646450369500878	0.38208275282857107
-0.8715786598682213	0.38463844127151137
-0.8691048263716287	0.38489063535673884
-0.8692718733745245	0.386767806713768
-0.8677226655679989	0.38624619172581837
