-4.4913166737211245	0.5055695095674466
-4.793499629473533	0.5213014770782386
-4.7839252048812	0.5200171808343005
-0.9007770281930281	0.3857967190399589
-0.8964554133982202	0.3839632826376026
-0.8698296081739427	0.38546559462783064
-0.8649612677435274	0.38401373698574737
-0.8700798440361794	0.3853742812923601
-0.8690526398408398	0.3853193280410414
-0.8641756549252361	0.3856883833040832
-0.8702158922541194	0.38709013882552545
-4.735769827945277	0.5164342668092851
-4.745657028803235	0.5176452089944749
-0.8758639381652455	0.3852025096326454
-0.8758811000445104	0.3857907485802506
-0.8726136065952057	0.3828312272143583
-0.8715910579652706	0.3821955614609428
-0.8695477304138115	0.38610944573489636
-0.8701893719813576	0.3861460068860444
