-4.4837037212383315	0.5049062485078784
-4.798493135997932	0.521504826259194
-4.788990322784521	0.5210159343992518
-0.8964389859093824	0.3832876046457991
-0.9009442569926541	0.38490272775228634
-0.8642807891441303	0.3836994706909135
-0.8752769400141353	0.3856311705436822
-0.8628123453202886	0.38569209704563395
-0.8669353221210335	0.3864780177231884
-0.8672702634322159	0.38647987918606763
-0.8662696951279385	0.3864321142340113
-4.739177562392481	0.5172578667065729
-4.734166315843066	0.5176089761058181
-0.8706971087526559	0.3840208367563495
-0.8762920975882303	0.385883623552155
-0.871476867130925	0.3846431390034554
-0.8734758286152625	0.38468820321662583
-0.876390923790018	0.38740869904237496
-0.8770656927964188	0.38754219694827646
