-4.835221037441791	0.5197153101619783
-4.558682358309591	0.5086480825467815
-4.219333628810758	0.4914872154722981
-4.482809255431679	0.5072357989353035
-4.513472418991343	0.5090424906771556
-4.557999173649855	0.5093624351120626
-4.481742036000674	0.5078424957019926
-0.8582961096221343	0.37863814846119864
-0.8604267196129353	0.378742773181073
-0.8536609094524996	0.3820359095129587
-0.8519677034687224	0.38178559140029805
-0.862690839284479	0.3795878649897829
-0.85674128809579	0.3785471451377498
-0.8628243687615782	0.3791978625246009
-0.8447460107950702	0.38301450313253965
-4.839881912395222	0.5198213692543573
-4.480625799216005	0.506749680750959
-4.559830462828157	0.5080842426429976
-4.520003632232656	0.509622405244684
-4.213257831414168	0.49016387196617683
-4.4772386507097375	0.506711048022887
-4.565233097408768	0.5094104479443697
-0.860560748645585	0.37771073478657935
-0.8507051479596334	0.3766560820588583
-0.8626855587215432	0.3795713426311446
-0.864942871912846	0.3767252568631783
-0.8543207990180464	0.38208593226943705
-0.8500070924437264	0.3814268476718469
-0.8610780416584479	0.37962142115768566
-0.8443111713110237	0.38280543683937224
