-4.835013181982699	0.5195008149980912
-4.488665520379121	0.5107773351510667
-4.515651327033368	0.5116773136106606
-4.557999147666672	0.5112260986547532
-4.2128759785318035	0.49120993393227763
-4.484699799129004	0.5101200275210164
-4.5597733213914236	0.5106787058945762
-0.8584188678295454	0.37824537290534527
-0.8538128126707594	0.3782680260322028
-0.855444812227766	0.37811179838710707
-0.8582483539061125	0.3771685716305323
-0.8524286682824983	0.38215368432662866
-0.8522083485909852	0.3817298225307462
-0.8563932331093992	0.37808164047944803
-0.8438020919175238	0.38285388054930447
-4.745479971753072	0.517190768752774
-4.750015152415576	0.518697389635761
-0.8757126883350573	0.3854925276593484
-0.8799111920761133	0.38641060474183053
-0.863628372884408	0.37996346077704474
-0.8687386398629232	0.38403956541950085
-0.8631017278810098	0.3845142085262071
-0.8704591938443909	0.38617420202819436
