-4.359232262383783	0.4969840237087388
-4.892588722353349	0.5203051961849277
-4.638391685425912	0.5119391396166109
-5.014985578160902	0.5275958654911618
-3.633632335966844	0.47286297676617767
-7.025424984387749	0.40531926101136384
-5.687257232222538	0.4388773196278907
-0.9164259649043098	0.386528114838714
-0.8466714195519608	0.37571359666386306
-0.8391304622908938	0.3831717807980904
-0.8386921385600946	0.38027703829111553
-0.8877665163509078	0.3890961027206649
-0.8075583492889038	0.3752826165367945
-0.8165936633103172	0.3537279868444334
-0.8302147713909575	0.35658238373197754
-0.899825922888851	0.39579267776847415
-0.8110379934513693	0.3771323322809241
-0.8258062782226974	0.3815472007666614
-5.1230911310039255	0.5436847457752695
-3.3358001798179506	0.4633032998043248
-7.177559597566969	0.41553017650529805
-7.186381824585249	0.4150946717251721
-0.83199415056001	0.38276541160042016
-0.8293318062844703	0.3820448752296092
-0.8379903508648517	0.3848477351778815
