-5.027672451975864	0.5205391521629007
-3.4894671801324786	0.4630051722780712
-7.030848385775553	0.4014391227796912
-6.321155325161696	0.462336854116387
-0.8010627049029677	0.3723303042846004
-0.8226485140738516	0.37841273465629405
-0.583689846603855	0.3377701162003088
-0.5717137469957548	0.3345106242210182
-0.7797390406320581	0.3695431416675664
-4.361313928749141	0.4966845387851592
-4.844790020617884	0.5168032330447058
-3.380762560045641	0.45331153548518904
-5.998959867574879	0.4491652946764589
-6.318000095118712	0.45992045737655324
-6.311323626597073	0.45838693787290197
-0.829212754268861	0.3648232017336464
-0.8898352904895045	0.3812722101734869
-0.8136619720601731	0.37277393337585796
-0.8540401930033765	0.38161976654877416
-0.6079054370415817	0.34207137143335237
-0.5324514680285187	0.32895288827094216
-0.569715289612754	0.334637699930453
-0.5590004639745879	0.33173437082515445
-0.5593147426209171	0.33105279085173467
-0.8353990829795442	0.3784991052735337
