-4.742693677874484	0.5176651299677224
-4.749456395153999	0.5194638296676993
-0.873678081884337	0.38476621531528643
-0.8727531982922548	0.3848489351270214
-0.8722097626980677	0.3834180861782693
-0.8729800465395088	0.3849145799826032
-0.8678159552826722	0.38553969347431905
-0.8700695420464327	0.3860845549639472
-4.484516498229221	0.503235519576369
-4.80716805598667	0.5223363348879408
-4.787024756419887	0.5198666181292181
-0.9024700746834038	0.38547134435716823
-0.8867975468190192	0.37922178489233993
-0.8599767831275238	0.3816063787508286
-0.8678490044920967	0.3846555402287321
-0.869588948496779	0.38516940546221873
-0.8600784833791164	0.38479201206109975
-0.8679412842482543	0.3865842453757833
-0.8753754365238537	0.3883386776126293
