number of atoms: 23
number of fields: 9
Multipoles
---
0 0 0 | -0.47535840941741725 0.05426581530520054 -0.040701043889406166 -0.0017860002899040572 -0.023662590963624067 0.0560156360001135 -0.012819410024224662 -0.09192682383453897 0.005528753101592453 
1 1 1 | -0.11798963928164774 0.009246671627547536 0.033728879287986784 0.004896428410697138 -0.15067304461433859 0.07628759068376387 -0.11178353450334406 -0.12917403939878308 0.01147268400165998 
2 2 2 | -0.1590745875670292 -0.02017773285786609 0.027090072867011688 -0.0055187112969316094 -0.09146184987624074 -0.10535489655114015 -0.0955237142175347 -0.15255104360834104 -0.04162115448594239 
3 3 3 | -0.20996304889569117 0.01664846014457632 -0.004921138100300036 0.009232676361442064 -0.002134224337949357 0.009485999005925031 -0.06912906400764036 -0.21928745491877413 -0.0003171211729202104 
4 4 4 | 0.14901913321399363 -0.01935420556324377 0.030023449975634282 -0.011277833720726174 -0.11683387894744152 -0.0721738924280466 -0.1156441377201868 -0.1802825977454964 -0.029619270092878753 
5 5 5 | -0.13046044898825837 -0.03075458976972257 -0.003199916045906947 -0.013323435236259618 0.0018742400646692822 0.04253941632783313 -0.057233378288046186 -0.21319534882348232 -0.003437909640503348 
6 6 6 | -0.2093046071644995 -0.0010258950275982206 -0.017040717441078754 0.0007712364257234218 -0.14633521033359745 0.031008075277626564 -0.11395645145423637 -0.09911396026608621 0.014820923686161098 
7 7 7 | 0.1327208066802975 -0.019190818731396296 -0.05206794662697614 -0.004419512088860399 0.01471553392584003 -0.009281498699862015 0.007430806807907382 0.004915910362441958 -0.002531498945386437 
8 8 8 | 0.13723557844582912 0.03463125549679829 -0.041911274472293814 0.006557554045442287 0.007588618063602173 0.013539097278160732 0.007110492935084303 0.00962377917732006 0.004739056049580543 
9 9 9 | 0.14031735364392428 -0.04857482852781769 -0.012027793122531922 -0.011215491970554572 -0.008829431332638313 -0.002100137144701317 -0.0004669539061519471 0.01982497109774436 0.0011695655452917464 
10 10 10 | 0.13739770482295577 0.05285233193441202 0.007586426134421479 0.015201426084564248 -0.005852138571353445 -0.005726882580571209 0.00192278591706521 0.017497382580148754 6.847522397238031e-05 
11 11 11 | 0.1526803334271597 -0.01193151027920142 0.0012134252513537837 0.04764950436628769 0.00019297172271291393 0.0008728608261601537 0.010617804838858953 0.0025774138315984817 -0.011539625966724322 
12 12 12 | 0.14705261425803695 -0.027852449213838 -0.02372244755653296 -0.029340792698921127 -0.009074912990555755 -0.011586324066985787 -0.008642111952451648 0.005113739085337708 -0.004106415440385096 
13 13 13 | 0.14554024442323232 0.018255205509143127 0.04760683388680478 0.009579902493279767 0.016792498865647574 -0.0101418495954767 0.008931689484669686 0.002293651376243085 -0.0009568720222473109 
14 14 14 | 0.15198497052794135 0.021339607943991236 0.0357999582340062 -0.023079483911086874 0.007793244351276372 -0.013090597245201556 0.0031077817741655433 -0.004623807027194208 0.002306314092388616 
15 15 15 | -0.3597595989275897 -0.037829345912372074 -0.006076303744862607 0.07477494549840985 0.009592340095529495 -0.016931271318214314 0.055675701695014346 0.046931540827043504 0.009206985555992817 
16 16 16 | -0.39996039417239526 0.03990414468100539 0.017350419303812203 -0.08603623318793613 0.028443291557212102 -0.00997760607180013 0.08716851764292295 0.08555103319240322 0.020760829125393992 
17 17 17 | 0.13075548340369536 0.027554445671604044 0.040570593802029105 0.007965012017950367 -0.0051632484640600955 -0.0055305789792718 -0.0076935141654125554 -0.015481216942709736 -7.149786283879e-05 
18 18 18 | 0.12143060123041216 0.025534176740451397 -0.04270000652028811 -0.00036710188003263644 -0.006335962105335947 0.0091307881983134 -0.003348434709264 -0.011019939995919601 -0.011167386219588807 
19 19 19 | 0.13039390459602807 -0.04051636501003957 0.0033463033945884887 -0.029857991518764438 5.417819413795871e-05 0.0033385456526385596 -0.01613264741056835 -0.003866952051029698 -0.002665966814079389 
20 20 20 | 0.12887907387087816 0.04629442309093092 0.002225145822541807 0.020386354730319006 0.005456047795267974 0.0020995466471883713 -0.017463790364044215 0.006088561588597958 -0.0012626178999027198 
21 21 21 | 0.12845251875384878 -0.016175349189253792 -0.04437039926417292 -0.013788451698609568 -0.002050800410886358 -0.009642726517917755 -0.0033234908445419426 -0.014538290605521342 0.004629411668549629 
22 22 22 | 0.1263052731849693 -0.0300328576073624 0.039634079936851654 -0.006725763838600903 -0.006987849455285889 0.01129530323215696 0.001713701938176976 -0.006827933925985957 -0.01175489357254958 
