-4.753149462142821	0.5175167363029167
-4.738644158295714	0.5181033522282003
-0.8734542714148652	0.3855719648095311
-0.8721605430884287	0.3852182130960652
-0.854606400470133	0.3771016994896845
-0.875596542424587	0.3857722610033088
-0.8706277843008678	0.3862232554632073
-0.8731602497927676	0.3866574135939243
-4.748368193792436	0.5175507846317274
-4.737653913479764	0.51765559335128
-0.8746035870222016	0.3852428031410936
-0.865946954385044	0.38197225912215005
-0.8720397869375919	0.3846807120529736
-0.8784276968140787	0.38640726178833423
-0.8744298768629164	0.3846123912597584
-0.8706981700437793	0.38636505047477104
