-4.744481393032117	0.5177107358895249
-4.743181184646018	0.5180184670001716
-0.8724639889293786	0.3851271984284169
-0.8740701722001517	0.3847513136721224
-0.8701129809302769	0.38358855737752623
-0.8662535406446282	0.38256718522680955
-0.8707259699734285	0.38627629098981336
-0.8764199198119729	0.38729730282856684
-4.7367140180911225	0.5164068026095472
-4.734727018895485	0.5173250069888836
-0.8747846517890588	0.3849882791684573
-0.8764782294356503	0.38522098448889797
-0.8679159423419992	0.38278035015433376
-0.8717681380159199	0.38416571464144184
-0.8764530642636063	0.38736837509268385
-0.8780039241368492	0.3877124524038742
