-4.592498081973299	0.5058658676880763
-5.988396519089753	0.443516270763463
-0.5625542469258292	0.34917654370288903
-0.6056966301077308	0.33564540682082367
-0.6052097411595991	0.3360089650167022
-0.8289903092960492	0.37390435305354375
-0.8721437952979683	0.3815290102527815
-0.8325870231566871	0.3757764355299334
-5.062516864253621	0.5333451285335017
-3.360489254999978	0.4661815516049583
-7.210487032026583	0.41282472349391736
-7.1395400181387565	0.4139871571039142
-0.8276685353263012	0.3810347923103909
-0.8310129839388185	0.38153513296210323
-0.8221155480708611	0.3793928833520527
