number of atoms: 35
number of fields: 9
Multipoles
---
0 0 0 | -0.42686156551746013 -0.014137848358810443 0.0017255872319793598 0.08877668900751308 0.055836703724166936 -0.010468150058778042 0.04517707245149495 0.09576611989557622 0.00821890274188686 
1 1 1 | 0.2656514237333667 -0.03259177264138136 -0.06745736293493987 0.01808426404825342 0.14829906294847991 -0.05245263848403917 0.029766231571027063 0.0878068581488921 -0.09000703585415659 
2 2 2 | -0.04727204415099884 0.012865768207851134 0.013661046435516922 -0.03373136323278809 0.16360202943349092 -0.13660885346263285 0.060183492171105336 -0.05607377795290963 0.024430433583588165 
3 3 3 | -0.011142316610394332 0.025577914982481346 0.03054014034490465 -0.08575311234262502 0.15476775521033495 -0.09137892836710854 0.05189511160113494 0.024636997058688836 -0.011498781654966178 
4 4 4 | -0.10637206519456655 -0.010135720034144882 0.018713718558948603 0.1166280944734099 0.06583340825241989 -0.08707542635395597 0.044441129450700216 -0.0718487935545778 0.07722539284663087 
5 5 5 | -0.27102285548247274 -0.00949345337015559 0.014721535270407468 -0.005934380283400349 0.17238057978188004 -0.11457549029019011 0.015800402870213164 -0.050279096270981226 -0.054657694921809094 
6 6 6 | -0.11680749107500787 -0.010112409177916476 -0.022840767756565763 -0.03268245023431315 0.14851038678503778 -0.10637506441554274 0.07679666984356912 0.017328530090270668 0.0823855273206059 
7 7 7 | -0.15375025353762073 -0.015142854135666461 -0.020923588736354637 0.014586619848888342 0.1421016413693709 -0.11497065448796102 0.03288685763483069 -0.059256210277870605 -0.011932043088936237 
8 8 8 | -0.19128416156608896 -0.018473459695074638 -0.028072749297407933 0.021687029664971786 0.1616394041909962 -0.054820930164115184 0.04455696614522608 0.09780899113338933 -0.08281478709834122 
9 9 9 | -0.42990883669070534 0.01926506800915026 0.017698054966672604 -0.06645657769067964 0.015725583530650022 -0.02346453454124167 0.021496258455527308 0.022321030070354315 0.06096860897377144 
10 10 10 | 0.3556399519012363 -0.010406310203984092 -0.01778544029611112 0.031704794860911725 -0.020925638504623218 0.011465519335233198 -0.00145926737531684 0.006254626592571502 0.013380555987126444 
11 11 11 | 0.15033198026147487 -0.012248890130023444 -0.004915097645383366 0.04816954136972214 -0.010087732422524422 0.008703496078400623 0.0030299535174211378 0.012101114842809884 0.009621843674576877 
12 12 12 | 0.14890657457675982 -0.014927006893116802 -0.05652102245532067 -0.01898290313194238 -0.020689920891761974 0.007419675198635538 -0.009097362097504311 -0.014639017945982245 0.0032839648045258117 
13 13 13 | 0.1272847921034882 0.0055527091316632795 0.04101639465619961 0.03599411459385849 -0.011609100237314651 0.010025905639734772 -0.009443389694804048 -0.002313742387251746 -0.014611966459090528 
14 14 14 | 0.13713774885190044 0.01166847565606214 0.008683575586731895 -0.051483532697445794 -0.0128165015004807 0.0116701648243934 -0.0002533668961081395 0.015916071365019897 0.006332182762884843 
15 15 15 | 0.14230475204524462 0.04905283028839016 0.008311438465472451 0.006436892630274574 -0.011130742869405163 -0.00183813865039467 0.014586754467593442 -0.0029114010906509994 0.0066806363743827715 
16 16 16 | 0.14052157036847635 -0.030241013248682256 0.038818946712981986 -0.007598781635398505 0.0007663620409692798 0.002948942805530671 -0.008687300024848863 -0.002456341421409322 0.01780324400827973 
17 17 17 | 0.13723345446869661 0.016681260322464447 0.04852726289665802 -0.01509628883634858 -0.0139835386926783 0.0020206992667505695 -0.0038629540903168964 -0.01413477338153787 0.00925419209796311 
18 18 18 | 0.14522025589249432 -0.016300439028524738 -0.043303345612934384 -0.010302933652728562 -0.00014211756631716952 -0.005269045075155369 -0.0042874734632011935 -0.016241615625621247 -0.005731947679461845 
19 19 19 | -0.4612948129744785 0.01279964720011187 -0.035475191844434956 0.06144646411453512 0.05843194865032424 0.043896963235821346 -0.07545217862480962 0.03061799530526364 0.04167908094395439 
20 20 20 | -0.27464201401442256 0.018040451181486655 0.002930350570929263 -0.03233825000657213 0.17494686223491135 0.011361448733652756 -0.0982409902245521 0.04872224056866137 -0.04737962599588668 
21 21 21 | 0.40605090306547176 0.048519762553039046 -0.07875895928028111 0.1027633296523744 0.13743206378440098 -0.00149858648499516 -0.020426234436446714 -0.044072930012921924 -0.17653133889488498 
22 22 22 | -0.14840334209806283 0.014468047563020607 -0.006881560060079645 0.017151123560538356 0.19723331676808437 0.06309227995485796 -0.07139929594802008 -0.04453946783603368 0.045044996330147274 
23 23 23 | 0.08896604288629728 -0.01168219533892951 0.016024393027632495 -0.03789804722875679 0.21925496967304745 0.06105334644407113 -0.08215636193094833 -0.05987408796183977 -0.07771986781411254 
24 24 24 | -0.33947121180314355 -0.0035056908760618443 0.04978667979974687 -0.03547984300163356 0.18978006377940224 0.08162609396475103 -0.11080464259453948 -0.006453886057285116 0.08175106543281037 
25 25 25 | -0.13221715397861278 0.008529281378871616 -0.01508975748033576 0.025598719602344132 0.17805876026059686 0.025105873879752577 -0.07865000518160514 0.057332783346193905 -0.033186348221178046 
26 26 26 | -0.6043984417841557 -0.014942647600432851 -0.036924450085929574 -0.11002650316699882 -0.06788056326365892 0.0005646388287813074 0.04722110739858531 -0.06787401833723838 0.09134822368368863 
27 27 27 | 0.1649890954542892 0.013473096155055717 -0.049181323175873724 -0.00048823230166708846 -0.007268056472864239 -0.0019388804241745783 0.004394299820127813 -0.014334770294793138 0.006585357712853677 
28 28 28 | 0.14139913081313127 -0.005990535255110852 -0.030813416913809285 -0.042921961439760965 -0.00734063711670433 -0.010297189017836796 0.006475817659842327 0.009316049627733502 -0.011635158977373607 
29 29 29 | 0.14707317251368957 0.0025566298688678825 0.038063640971855404 0.030316529509785747 -0.00657070153516951 -0.006541758689153504 0.000379924419356627 0.016147356006515363 -0.006573685599777931 
30 30 30 | 0.4449171076927194 0.002963378561598673 0.011662833818189144 0.018409309715343176 -0.009740944368991923 -0.0054723937529376045 0.00786817795946539 -0.0028756779696762227 -0.009597758975955982 
31 31 31 | 0.14299702182311147 0.02310140272857494 -0.030044717818134208 -0.02793260515672051 0.006404370962318185 -0.0011165875685253787 0.005033535284545105 0.0033770845779564004 -0.01683850541390201 
32 32 32 | 0.14188443246563454 0.028853155143266012 0.03784643099785498 0.0061604477256206654 0.006333279271994612 -0.004222076178902199 0.0049622983734083255 -0.01627053774957652 0.0008702060986653608 
33 33 33 | 0.13559449902571075 -0.008971212740927673 0.05228102706974552 -0.004320505988103907 -0.009838426156633573 -0.00014076492460125793 0.01198810705096663 -0.016240028023851886 0.004155119312373738 
34 34 34 | 0.14801762718065425 -0.047867192464379066 0.0018234109720651488 0.0029385834275164405 -0.01265742055357098 0.0038173598717417207 -0.0059011498409143204 -0.006003373888635134 -0.0062250939608667795 
