number of atoms: 24
number of fields: 9
Multipoles
---
0 0 0 | -0.37370389302091667 -0.0724209940089394 0.02375340776525574 0.054166082597122946 -0.06117979618264558 0.04885248650951308 0.07120633057280848 -0.021794831476915275 -0.014207125736750217 
1 1 1 | -0.3917441239589641 0.07967787508064263 -0.03197767419435831 -0.052059651951342455 -0.04081768652295196 0.040408723731031396 0.10075347811664848 0.026413164282767236 -0.040989240744282826 
2 2 2 | 0.13387056473670722 -0.01838957425537791 -0.0428215088463278 -0.018637696516582664 0.008914109457381547 -0.002174122375140217 -0.01003484610428692 -0.011650905336483917 0.002981039924210191 
3 3 3 | 0.1301616021135249 -0.006139346273844826 0.03437417475554764 -0.036473527083221685 0.003999085639987484 -0.011446653501368982 -0.003344534038556734 0.000429210959510456 0.012019630932861266 
4 4 4 | 0.12297161234889242 0.03472569516160054 0.009920147895006913 0.035438190825583374 -0.009812454378741042 -0.0010971944601682868 -0.013417093689704873 -0.004702343611404465 0.008216334310572589 
5 5 5 | 0.12512964305741303 -0.028685161828399384 -0.001259363026869256 -0.04115765560956193 -0.012379427540838678 -0.0010963218379713981 -0.014335832346958345 -0.003000285220692242 0.005547799079474723 
6 6 6 | 0.1267188750647028 0.005444023279097211 -0.04055657041921201 0.030415769153356247 0.007348607438314035 -0.011371198015149318 0.0014531452523281834 0.006900141332718624 0.011341755481843529 
7 7 7 | 0.12880397998140347 0.02125016261329204 0.04445883107638469 0.008786572449418663 0.012284165671876849 -0.0017639798296069955 -0.0084641701203303 -0.007620918830985182 -0.007747432412992144 
8 8 8 | -0.464711096405245 0.009324154436212434 -0.06539072102339644 0.021915671592204554 0.013902130469524635 0.026689709781621742 0.0014103561558086659 -0.03597307592571721 0.10243512767593083 
9 9 9 | -0.34789497871696984 -0.028322577257699797 0.05177918108096128 -0.013259965038170335 -0.02328492759680088 0.08814423163252112 0.02106677867344952 -0.16536140808997493 0.16137431133171298 
10 10 10 | -0.13140999765195183 0.002136121104412392 -0.030980365159200777 0.00487118770042312 -0.05549646903770133 -0.03059844572673285 0.08952361721420675 -0.11542217272840243 0.1262148619257509 
11 11 11 | 0.38916118366222463 0.036190324161147126 -0.11648494659309311 0.048149386420384396 -0.1715673043596692 -0.04594861794671874 0.13224898814264055 -0.009655862036390864 0.03782704627402911 
12 12 12 | 0.07899494503333138 -0.0024435432095179384 0.03424511173346947 -0.02463855402060289 -0.16103421782883298 0.047913506550152675 0.10959646416931881 -0.07663453029042393 0.12168702891497139 
13 13 13 | -0.2808356696405525 0.010186088634345808 0.017798143963609493 -0.007579105504969139 -0.0704620945836383 -0.03298976811186448 0.10094411208739129 -0.08693253601752278 0.12182132331133468 
14 14 14 | -0.1556048815196709 -0.0032488628868133857 -0.021791334231159386 0.004713671643619243 -0.07161096462919002 0.09545304524151095 0.05006910109296917 -0.13726630184789892 0.10700028533396747 
15 15 15 | -0.5777134053654098 0.08627245252139817 0.06639645372871739 -0.04313287614086859 0.05609160151195015 0.08430353923631854 -0.05943447645878119 0.04614821844412191 -0.07544750290802318 
16 16 16 | 0.15293828994773573 -0.04526556499158401 -0.00778998444707714 0.018581828739858357 0.007477849640473426 -0.016123310862076638 0.0011953447762103715 0.004344157447360308 3.4696877385283257e-05 
17 17 17 | 0.13874773525994966 -0.04672889059344564 0.02653459752488829 0.001751958727594166 -0.0034408293096218736 0.011010913234275131 -0.009252398107245756 0.005584913916805984 -0.016293640758748243 
18 18 18 | 0.4369649651138954 -0.01976190921917054 -0.010285124149169869 0.006658942837037532 -0.0007803053662960855 -0.006011109328984331 0.001646559180820021 0.012101823715878928 -0.011808020524665551 
19 19 19 | 0.16950307316590896 0.04426105234349173 -0.025458251611723687 -0.0019954865994926655 -0.001887513439749008 0.009991255720461556 -0.00827786292938892 0.006247037588834023 -0.012511197852107053 
20 20 20 | 0.1468947028270825 0.04447262077495333 0.013910743587576584 0.006426182955601001 -0.012099435610770268 -0.011717064063091233 0.006862091376554703 0.001643800431824765 -0.0009628376236890984 
21 21 21 | 0.1443126550662509 -0.025811162204940345 0.017647013014467458 0.03662978989893348 -0.007584356479470819 0.012110351553751175 0.0046251367119552215 -0.002654210559582868 -0.00939989350133656 
22 22 22 | 0.1438656096576426 0.042766926461568336 0.0200692251255455 -0.024734792096027997 0.002161993800029313 -0.016885893329495447 0.0038686268449530025 0.00878159843165902 -0.007311029380038787 
23 23 23 | 0.15238843990291429 -0.01802431607679163 -0.013200712075015289 -0.04329804473623227 -0.0018290388196165615 0.0030192643492509383 -0.0053025366485507045 0.014963616321039543 0.002726006141941503 
