number of atoms: 32
number of fields: 9
Multipoles
---
0 0 0 | -0.45747534295713077 0.05646089497635327 -0.003443671603213558 -0.051023675269025175 -0.011278522773573508 -0.03401072494936417 0.09449056909260416 0.06334916333931344 -0.003478982908096353 
1 1 1 | -0.15046642865207271 0.013630949443188134 -0.0012216800622717834 -0.02300335771678803 -0.05579616738343076 -0.15767199234218013 0.14034842220400298 0.008119208065723414 -0.06685646747397335 
2 2 2 | 0.07909141681927956 -0.028187280839068577 -0.0015390253855502411 0.03270893620369966 0.03793713241283851 -0.17336723302970286 0.07471970551577307 -0.034021619346774494 -0.15903859504010126 
3 3 3 | -0.27335250243612474 -0.012497836271664876 0.009707475013097645 0.01732943691295662 0.04028521496751726 -0.06689591050034767 0.10860779573435388 0.02815702896457645 -0.1530501313633919 
4 4 4 | -0.14019867049835621 0.027082262215052125 0.00041796878682057376 -0.020270708043325158 0.018646156274790934 -0.05288923469682315 0.11019381827024403 0.02298507820197497 -0.14482620930722823 
5 5 5 | 0.38280435801632695 0.10334513254127349 0.02140391686754405 -0.0853216145912635 0.07713309392308101 -0.09709751616430996 -0.02240731209791234 -0.06132931854635456 -0.16483313958917126 
6 6 6 | -0.3511508090618669 -0.04769203509354456 -0.019317104816250392 0.030823486950909806 -0.054716971563321073 -0.12632950796401315 0.17406606713264125 0.024569147560528103 -0.049366124054865 
7 7 7 | -0.5879999980893675 -0.027038513780584177 0.06444708557633899 0.09187208919855093 -0.04670545639015491 0.007126461591704093 -0.05972005507783661 -0.02648490284454633 0.10994666108685774 
8 8 8 | 0.1642135869831871 0.000994451601078165 0.04223574312376372 0.03772040898139706 0.003507009320596434 0.01013071971611789 -0.0076702410248841975 0.0017821888895818265 -1.5702105285629265e-05 
9 9 9 | 0.1692573395292507 0.03482001909329211 0.03732257216253518 0.00046311896213395193 -0.005720234931296131 -0.0039057916272144805 -0.010572692300514368 -0.006451305829483665 0.011323172546529276 
10 10 10 | 0.1403212764528453 -0.03684077394700925 -0.010512064051901977 -0.028937704866534544 -0.012371289514022114 -0.007947057585509645 -0.008185763218749227 -0.00642308727567765 0.0007222059522935159 
11 11 11 | 0.1450570063815413 0.005903485883532591 0.0464845100593475 0.010674743750022864 0.007272372619253292 0.0010714998464729866 -0.005043551684330931 -0.0029343049119411914 -0.011212774836112086 
12 12 12 | 0.1413463100902842 -0.03946546793701328 -0.03736899453137024 0.001892305056683188 -0.006466115907037542 -0.0036583089836670006 -0.013563259191542696 -0.01049938519065245 0.013907294811901727 
13 13 13 | 0.15727159916836786 -0.007169176506101433 -0.039118636852079225 -0.02963686690240356 0.007767820685470858 0.013843445940394111 -0.00428302842248494 0.005523751699938999 -0.004040418180165925 
14 14 14 | 0.43933282226073256 0.003744540894940249 -0.01427470976461843 -0.01809899047432462 0.005471947974055027 0.008782470051164497 -0.015161208961209987 -0.003346049051010086 0.0013964613425192355 
15 15 15 | 0.14161521346821015 0.011048248736678543 -0.03506144421923117 0.030926056007769362 0.009372738303370706 -0.005184801225566827 -0.008586381496175128 0.0010779685540729562 0.010640184384651266 
16 16 16 | -0.4674528530506459 0.03610155734876212 -0.047369739228044605 0.03679424497013855 -0.040887504715298985 0.0661478258089451 -0.02449600797034026 -0.010845399526816457 0.0818214302283511 
17 17 17 | 0.3813854444449314 0.09296900300654125 -0.06138669611140812 0.07879491792637651 -0.057635416615532134 -0.06423145309135675 0.16768600847121481 0.06968748896360741 0.08892540526986438 
18 18 18 | -0.357562816513739 -0.041264238956408336 0.038356249076952655 -0.011375278769140143 -0.10718094579931502 0.13176651692573166 -0.03866151283877869 0.0332577854089001 0.1639940587997209 
19 19 19 | -0.2816887932700265 -0.0007198655213676489 0.016987617394371074 -0.01704390070806251 -0.032920588496642665 0.02042205639847689 0.06179209955233687 0.07544787359945067 0.17294979082425857 
20 20 20 | -0.12520507243857093 0.015859406769650492 -0.011403151009324246 0.01818831826747863 -0.02665168683338094 0.03905207311702102 0.05112120337950508 0.07608865129310206 0.18034132730461752 
21 21 21 | -0.15589261746998417 0.010625644120429331 -0.01472795914951981 0.01937717985752074 -0.13148653137957017 0.09596763611822785 0.00286175253960518 0.0469610496988441 0.14484873663609163 
22 22 22 | 0.08693583181905762 -0.018922868274488944 0.025427279861880047 -0.02811446289671838 -0.13278537375658206 0.046723573294059816 0.12438287411714179 0.0598404797067123 0.1659832307439862 
23 23 23 | -0.5942269497255843 0.03081400161106303 0.059821251981779504 -0.0931517697977936 -0.030891942301863845 0.007839241243367682 -0.06438392230915473 -0.042533986992023466 -0.12056077672308578 
24 24 24 | 0.15514035852652786 -0.03223091869058035 -0.011958390559484352 0.03528247403346684 0.01727851093654169 -0.00806432222954756 0.0002929188524668105 0.0004489197007692178 0.0012208957577228112 
25 25 25 | 0.4495922839137252 -0.007378277191756044 -0.011130605847915236 0.01852858461865486 0.004630911872608413 -0.009899979299934063 0.00639713366487559 -0.0009864294353636217 -0.01180491560575028 
26 26 26 | 0.1714068572041081 0.05066073057994364 -0.0071182939594597264 -0.007342586966159134 -0.006701775063100069 -0.0005998676966245349 -0.000596075440822119 -0.006920520681175067 -0.016790822840479232 
27 27 27 | 0.1424449897765493 -0.05272071417933613 0.009528264473225249 0.006649688754370075 -0.009073096560064758 -0.0021842912096394964 0.001221188580535242 -0.006723134351036348 -0.020057404083490098 
28 28 28 | 0.1456089623504252 0.02602077720046912 0.021406413244349953 -0.042440066767866956 0.01511337459713346 -0.011585613609451073 0.004488058192031747 0.0007678418546163299 -0.0029053566485327613 
29 29 29 | 0.1440149318491164 0.03151219531254902 0.005190395522166236 -0.03288741674976345 -0.0005922890173729427 -0.010217057226180172 0.01585423135207793 0.005935426650123445 0.0043698144063073424 
30 30 30 | 0.15408560406131688 -0.003218371763685361 0.03468869982306678 0.03539961347995392 -0.0022733612927044126 0.0063035605899908675 0.008075027486105064 -0.010365784496631237 -0.00754311015125574 
31 31 31 | 0.1493227571399619 -0.03210020620613032 -0.029859110352638565 -0.021651966581177816 -0.013239978235669862 -0.0059554689150018115 -0.0029803010050314417 0.004138525476357607 -0.007115438613998463 
