number of atoms: 26
number of fields: 9
Multipoles
---
0 0 0 | -0.38582222540233335 -0.036484079515120574 0.006980369761769416 0.09458381533241265 0.032239286675343835 -0.005940592129911021 0.0868565236575046 0.08730275302480074 -0.01863919360337687 
1 1 1 | -0.3870109706740772 0.03621581746357908 -0.012900812596408472 -0.09239315169642004 0.03853623915277144 -0.004796659851002752 0.06961672994825999 0.08777741001323433 -0.02175242607688063 
2 2 2 | 0.12168983337039407 0.009716291670327264 -0.04895975572705062 0.006327037329337689 -0.001849106686489658 0.005440343356934034 -0.00514466153410539 -0.01280622518039765 -0.009754628096171654 
3 3 3 | 0.13598432716762676 -0.04271768936929121 0.0175972347917808 -0.0237306270675686 0.0028469842476186746 -0.00044243852389281413 -0.009945985777872127 -0.00440666950945137 0.007715999227944256 
4 4 4 | 0.12799385359841342 0.035941802288778094 0.032940999446161266 0.010841893825628115 -0.010990782322146349 -0.00814979042961993 0.0016760542005338518 -0.008546031629605344 0.007928719246665638 
5 5 5 | 0.131565542655798 -0.005106131013639212 0.049789963865969136 -0.010025101062494724 0.0015473254307625452 0.006558829418005204 -0.0027449313609660417 -0.012993795043929291 -0.011695625015489116 
6 6 6 | 0.128734904722007 0.04325591142110123 -0.018606911276730816 0.01973397069950555 0.00328977406478089 0.00022460744662166688 -0.017119169476980275 0.001451592034129316 0.0067491385868440595 
7 7 7 | 0.12666182128546843 -0.040126972932082366 -0.028203778296785907 -0.009190115087185431 -0.01008942157203872 -0.009843588056999282 0.0007559534824519201 -0.010132170237334637 0.006205345223129311 
8 8 8 | -0.23664235083510743 -0.03812542846917327 -0.06810935529448128 -0.0258709956126008 -0.037536685754984145 0.010361097670455543 -0.014443951591358303 -0.08810483858713278 -0.020347326736010005 
9 9 9 | -0.42356861935484336 -0.012553255982881496 0.08291639218708034 0.013490542015156653 0.055719193919083664 -0.010637570899909478 0.001643288112065272 -0.054968284805315105 -0.03777761733973432 
10 10 10 | 0.10759689481121448 0.009769243958703468 -0.022657432179699215 -0.0052603622440740225 -0.057393720914997004 0.06648041920867413 0.07185715905146556 0.17157079576671125 0.19014109737180024 
11 11 11 | -0.19668773015022456 -0.011265828729593612 0.005337922027168364 -0.015953900918527858 -0.13712372624653157 0.051304320565740205 0.1107792520169739 0.08793590435600886 0.09383055592162068 
12 12 12 | -0.20202162987746952 -0.020374387806488592 -0.0025539106270889905 0.009593214067503011 -0.0870857381527118 0.11114169081134552 -0.049993114356563645 0.08634896214784443 0.1472725657728233 
13 13 13 | -0.12753882521559934 0.02358297673761066 0.005416387318803697 -0.024038441181471165 -0.08522769132192844 0.13624191638473482 -0.053887969568307034 0.06828223178877466 0.1404815638550276 
14 14 14 | -0.12456985542588672 0.0121213347672034 -0.016481866043893477 0.028007214321877562 -0.15112732610766003 0.081973067916988 0.10316101764154706 0.07710862347566055 0.07610265359437525 
15 15 15 | -0.16162753642552374 0.03236550167057375 -0.011044019801165483 0.003559911057106954 0.008593315941659683 0.03728241761185508 0.0705149125096426 0.13893265284863376 0.1602086861623307 
16 16 16 | 0.1312523411051688 0.008675040526080487 0.005970328371135295 0.05101476590949812 -0.0003097089300376934 -0.005041933454006872 -0.007531601336765402 0.011000990507638288 0.004058966348752019 
17 17 17 | 0.12070030279496546 0.024467473842579378 0.018076270169147184 -0.037621860329407786 0.00019008049716571845 -0.016836269667180968 0.011009987914637238 0.010793169048288566 0.013682713314624886 
18 18 18 | 0.13833140248861842 -0.03128412930856948 -0.012769190189533654 0.03433691973517419 -0.0031103562286121165 -0.009340893458538764 0.006042353147264286 0.00695688044653193 0.012461379187422336 
19 19 19 | 0.14145228724577663 0.013778208329608873 -0.02662132572064125 0.042872370244338834 0.015240192994769315 -0.0047459723356447145 -0.014269122749982214 -0.005584320405892138 -0.00030431288329943164 
20 20 20 | 0.1405183380044135 0.030785310473245852 0.009053550167017352 -0.041156678156866515 -0.00014230708725233369 -0.012622999263668463 0.011284977470254618 -0.002033410641307393 -0.012092474526491856 
21 21 21 | 0.13680315136929344 -0.03742709651460301 -0.0083011218208628 0.039874124638383336 0.006155095234941666 -0.011501936909446635 0.009529600875064187 -0.0023196352418644443 -0.00971301522478462 
22 22 22 | 0.13565770162162605 -0.016504425083332892 0.02688414354468135 -0.045629521971000016 0.014610297847714388 -0.004669738599898516 -0.010904692628580013 -0.004153096880619135 -0.0015685942128657673 
23 23 23 | 0.13897540318498836 -0.05179921436825513 0.01779496687120616 -0.0052136078731260345 -0.005180632404779889 0.00035184936291134567 -0.006284002019239326 -0.012338306141861977 -0.013137756704078865 
24 24 24 | 0.13729017956820966 0.04907110691094603 -0.0033398296370132485 0.007043331895519284 -0.010514003652365173 0.012931400610111499 0.0009218443763968517 0.004465281288317715 0.00357028805448031 
25 25 25 | 0.14197034094931738 -0.022242854865915162 0.005475930769424282 -0.04361808920092028 -0.00021440652922150442 -0.004497798504736516 -0.005363442874028566 0.01596072381624127 -0.006938133536933465 
