-4.504540139556783	0.5053037604632131
-4.795492222578625	0.5216548391992709
-4.792755084183496	0.5213526688708127
-0.8665553166892545	0.37401822179052463
-0.9084342021403994	0.3878007713422943
-0.8617005926350829	0.38283873598313045
-0.8650552718425724	0.38355562438022756
-0.8639241692524898	0.3856979437358003
-0.8732587565886174	0.38803425282330983
-0.8691472418502061	0.3869736688763597
-0.8680261725781317	0.3866159127888532
-4.577557168667025	0.5094766241062506
-4.777152774075321	0.52042798530984
-4.325940569816339	0.4961991959732233
-4.47334799758072	0.5037542153484106
-4.502048459033737	0.5078802742136119
-4.698987684500758	0.5158176298768257
-4.64686929923153	0.5114118085521824
-3.9447838107853235	0.4828848041961451
-6.982061347884688	0.39905572161294756
-0.8811413339635679	0.38281803027443767
-0.8766550581550568	0.3822904657771867
-0.8717412241408133	0.38436663008772026
-0.8646394071319451	0.37888977844570465
-0.8625064594840357	0.3804735950035392
-0.8482781880857994	0.3796634529565072
-0.8297684621186384	0.37452303465978254
-0.5562511984588864	0.3484709746487581
-0.8581248218659534	0.3839743601317785
-0.8651822466564152	0.38575869525237
