-5.039629805033776	0.5283373620678533
-3.463516864677483	0.46309230436922827
-7.07339398150117	0.4071230545230587
-6.309420110086226	0.46310603426696634
-0.5911713707222421	0.34078300335673817
-0.5421594400275146	0.334777225245018
-0.8164311990061276	0.375089370116297
-0.8196013911866732	0.3780079538807709
-0.8194355660054707	0.37974909942119467
-5.095577614698872	0.5420135492586584
-3.367919421593907	0.4684801538494358
-7.181708817488974	0.4142435488399902
-7.159822052785922	0.41561666414386617
-0.8369278650657512	0.3841368449492199
-0.8310947113595849	0.3821194248416881
-0.8418809202316998	0.3859218019102253
