number of atoms: 24
number of fields: 9
Multipoles
---
0 0 0 | -0.45872448681500533 0.027839882450670275 0.06746139659476988 0.011895397166382667 0.00020781623938059132 -0.10528639301358161 -0.01834806361511954 -0.01703936027518097 -0.039904892552872155 
1 1 1 | -0.15418584725521356 0.007780166846037747 0.020073360750415773 0.006956792830501969 0.03598760078027041 -0.18411772980775892 0.10489231960063998 0.026125227208139288 -0.0067091718950958125 
2 2 2 | 0.08253342554468901 -0.028157431884650634 -0.03021406612110761 -0.010473350768557283 0.10643846817883428 -0.1513797208062401 0.10384870627498453 0.12740433840892681 -0.04497192187283418 
3 3 3 | -0.28382748800211566 -0.006729828271459448 -0.018401032162363155 -0.012703066734134424 0.08762659212002519 -0.12528380443569123 0.02106352183325523 0.06806278063977007 -0.10580320772048461 
4 4 4 | -0.13434675509015737 0.021046420017442478 0.026589681909688908 0.003130144396500296 0.08534437214429716 -0.15257098402424948 0.008951955406947846 0.0483882030026455 -0.0904530679926319 
5 5 5 | 0.3964095965848493 0.09779622806132848 0.09158506562515319 0.0014466168434151933 0.12344772416837461 -0.02306660170166414 0.06579060041810517 0.16684183477859663 -0.06489584339309179 
6 6 6 | -0.35189719320111745 -0.035511018736928385 -0.047613716493312655 0.017195620508569806 0.0356319929563516 -0.22875680244124946 0.06331580450913098 -0.01789485553044399 -0.02433807853115139 
7 7 7 | -0.5875700283358416 -0.0021480767454485233 -0.07272042894619217 -0.09177920153587185 -0.06176755000341572 0.028935184011463135 -0.008499211202831184 -0.043803903889403153 0.12403117562449718 
8 8 8 | 0.14881707032657088 -0.004099610380442244 -0.018752707681138462 -0.05000159611409182 0.0025059437790922734 0.017717855671614584 -0.005106207224161246 0.004123497941809892 -0.009274082753960628 
9 9 9 | 0.16717286797753428 0.028713176128136262 0.019696190444216322 -0.03645071840765588 -0.0038630553473478014 0.009970462466409659 0.007485258173130995 -0.0001462908558658069 0.013998048163648611 
10 10 10 | 0.1434669395206667 0.001955688102998488 -0.01699596787749034 0.043845428764021366 0.0043032125978011435 0.0006098955899048874 0.010686996140695397 0.009577088217603634 0.011727936907725493 
11 11 11 | 0.14257197108828823 0.03678213657406727 -0.021262458064363464 -0.024055389232274127 0.009578715756755226 0.009264723951492136 0.004145045078830405 0.004018069023694256 -0.012007337359989045 
12 12 12 | 0.13763995913779659 -0.029341093590169415 -0.019225631549424502 0.04110841289123713 -0.0056664737491967775 0.010367837750236345 0.008565226072989408 -0.0033756728854394103 0.016492627029794205 
13 13 13 | 0.1540649752657537 -0.004895053365475546 0.0072264727035592875 0.04886726800546931 0.0026534495723837454 0.009117174555037936 -0.011526823904627065 -0.002991718132120704 -0.010814176138761252 
14 14 14 | 0.44453255814874637 -0.0031857954990235594 0.010457766346654393 0.01931641682763231 0.0030193719422395696 0.014720217127448797 -0.00411285589186831 0.004969122636096509 0.003259339813312139 
15 15 15 | 0.149171471382592 -0.040980822838487384 0.013159244938597348 -0.021794956685175795 -0.010596680636161903 0.004925815650747673 -0.005564736387397754 0.01028720771262973 -0.0008493097464863834 
16 16 16 | -0.3713084826605355 0.00024642691347076057 0.03113177611934541 -0.09736786694618538 0.055838456978219826 -0.007058125030678804 -0.022155407236171397 0.08661079346029224 0.07274064723416822 
17 17 17 | -0.3839853257717012 0.010991356104107487 -0.02536084914621831 0.09676549562247891 0.06032014623353915 0.0004953584923077732 -0.004360105676354603 0.08839582912135661 0.055357217442404766 
18 18 18 | 0.12683422704229153 0.026504087407678605 0.04043609839502716 0.014570970802960442 -0.006989869345170418 -0.004220751440041666 -0.00874058025670322 -0.0038755832363395987 -0.012913829042019525 
19 19 19 | 0.12483894014885633 -0.050596049670773906 0.006993634621689271 0.007233068689522026 -0.007873147957930314 -0.0036874136752537974 0.01283617599574592 -0.004111717375181836 -0.0035145005532202086 
20 20 20 | 0.1207155519740657 0.01901266491027272 -0.045982367200249764 -0.012205157603925543 -0.002903560773794098 0.004788064775209352 -0.0012119997444098166 -0.015542712931374289 0.006215210707529997 
21 21 21 | 0.13077358560629215 -0.008229423299565254 0.048498909729343134 0.012482604544965276 -0.00015846987564132573 0.0021536053205632654 -0.0010422897992359353 -0.016758904401721245 0.006037083149166443 
22 22 22 | 0.12744894018579556 -0.04123038972746841 -0.02933074696404518 -0.004580378804306966 -0.007084820543713674 -0.003886555533406018 -0.011391201231252573 -0.0013334619608779148 -0.012257917121447087 
23 23 23 | 0.12727484234278097 0.046522808989579445 -0.01911374318620623 -0.010380989060490432 -0.006042710230959053 -0.0007335675929927157 0.015741234940658776 -0.0015374525165824636 -0.007023256200877526 
