number of atoms: 23
number of fields: 9
Multipoles
---
0 0 0 | -0.3843475674681418 0.10540642592244713 0.002753550443851362 0.017855419134856193 -0.12790679506510963 -0.026239988781597882 -0.045240028595182676 0.017465071131512272 0.008501344789426752 
1 1 1 | -0.38996221705493905 -0.10416964890063518 -0.004292545365692327 -0.020939287404184756 -0.12508247366902178 0.00685329604040409 -0.02965869063546027 0.012918892329575986 -0.004358985978150772 
2 2 2 | 0.11848528048125673 0.001176403682971298 -0.042871970233338455 -0.02499353097955606 0.012910046912158425 -0.011170007675958384 -0.004478443585970175 -0.0025541197498426924 -0.006279098210516287 
3 3 3 | 0.12258471476672927 -0.006154205704438195 0.0005325786063973006 0.049948521718301844 0.0036626517242310786 -0.0031340181314857742 0.017305684211569736 0.003881014577169801 0.003024024484048027 
4 4 4 | 0.14891825021476734 0.00033359749132284063 0.048278296210835035 -0.023939619310985847 0.0074025516198607385 0.005369028156493664 -0.003537961210491971 0.0054429097081941874 0.004066571601307937 
5 5 5 | 0.1395817323409827 -0.004135495525825904 0.04779180712706318 0.021944507713047234 0.007808474153127802 -0.006562628415026386 -0.00379396820635856 0.0016694290246948565 -0.0052440090641245355 
6 6 6 | 0.12501612711619348 0.007602601459601148 0.00033558162993463267 -0.05014190553269704 0.004885829553068207 0.0016277743987134687 0.018602124065332497 0.002803304941784874 -0.0008573921960665959 
7 7 7 | 0.12037748281493721 -0.001263217535628315 -0.04024587648710117 0.029736803427682375 0.012539198183660448 0.012332302243685452 -0.005254329381119014 -0.0021714566592001615 0.0066531337186183735 
8 8 8 | -0.4781114939466615 0.053655713027110426 0.0010690004262399817 -0.037069825081065017 -0.07362727019989362 -0.018860223852075392 0.043392599607099576 0.03282593351598758 0.012272754903321087 
9 9 9 | 0.14830304049644738 -0.03586094957535052 -0.002556584887406166 0.020138466977848112 -0.09009401122287214 -0.033234518135887375 -0.06457757904577291 0.23373155564412237 0.01459800638004029 
10 10 10 | -0.21127284556152848 0.01315447746560565 0.008732498384433891 0.0030062970525086686 -0.0184546823597631 -0.010533496218351156 0.05276660145704367 0.21120882135987473 0.017560851912350083 
11 11 11 | -0.1960711508194306 0.011134048797904791 -0.0016349151789252306 -0.022063284759769815 -0.19901130240518097 -0.022019421663644182 -0.015877614267751108 0.14574112420210733 -0.0010850642237557845 
12 12 12 | -0.13163973384056682 -6.066228517420113e-05 0.004333968598453198 0.036380212637742194 -0.19886343130636316 -0.03536215530583138 0.009245750166023064 0.11887806014459418 0.0154890487728315 
13 13 13 | -0.12927561885169148 -0.03219147676732667 0.0015796484733077874 -0.011371254792169954 -0.05104187445909413 -0.017878931505606436 0.08650875401646822 0.21841604165559403 0.02664197637026845 
14 14 14 | -0.14692795065886077 -0.024979876860477195 -0.008057590918228446 0.012523303901100003 -0.06475776002265737 -0.0165908828998093 -0.0935426595192735 0.21242379421257157 0.010168185001699996 
15 15 15 | 0.1513087555413566 -0.02122213107200311 0.04024437739156735 -0.016048575396471094 -0.0061775088887548344 0.011129767293260501 -0.009711117985069894 -0.004895435398416358 -0.001870888224554624 
16 16 16 | 0.1469844842844764 0.019874184328891466 0.007750017038653948 0.04080173351415567 0.010672891333106302 0.0008007614522333122 -0.010498875475311578 0.0120765568615505 -0.0006768783027889626 
17 17 17 | 0.14653337777557074 -0.04435240779939426 -0.0036812370159071974 -0.025411761530832726 -0.002830444057456135 0.0029357338361410434 -0.014339277246906647 -0.016325176408565286 -0.003000424585044747 
18 18 18 | 0.13528153852227842 0.005640530856518589 -0.0007603159595765146 0.05188840476525957 0.02040389495473475 0.003519894566991461 0.0044060407201592785 -0.0013375640262780987 0.0001227555864405569 
19 19 19 | 0.13484137341018776 -0.0004506701381587323 0.0036387160094277053 -0.05517802924287019 0.01891118584557127 0.001546818275599326 -0.0015881779814905625 -0.0037406387429280413 -0.0005427811369296378 
20 20 20 | 0.1335902146713267 0.04940900490126872 0.003650602820250109 0.0245012482417303 0.00036119605375327406 0.0007066097346654722 -0.012738607136936144 -0.015365601020217022 -0.0008918291739103034 
21 21 21 | 0.1376759428165314 0.04653242626660216 0.005807643684265313 -0.028341074738865265 0.0015056134088643131 0.0003874386675979804 0.012811134555682113 -0.014609414564892783 -0.0007341744428974949 
22 22 22 | 0.15594598302437934 -0.01704874762401005 -0.044070439277367465 -0.009944693838910773 0.0011446876511441307 -0.007190078722147587 -0.008819894875730037 -0.009198072313990183 0.0026477976288678522 
