-4.734790406525455	0.5171059318189982
-4.745500815284372	0.5181239138119103
-0.8788608435409068	0.3858242148704058
-0.8765489640807124	0.38573779949504067
-0.8729280244915197	0.3845879451590451
-0.867585711574083	0.38310047007275344
-0.8661358369094423	0.3853471068678619
-0.874348852073371	0.38701441615394144
-4.784997864486703	0.5154690591023058
-4.740100339017737	0.5176026127966272
-3.5287274544812317	0.4665719095902706
-7.006333632055994	0.40367235472608454
-6.295997475220037	0.4635583778457159
-0.8220319296715097	0.3723543024350174
-0.8415634583319292	0.3775048069171355
-0.8933655467840441	0.3890473621045387
-0.8580506052776783	0.3813700340534045
-0.5786215270347116	0.3387315199076717
-0.5966083610083114	0.34235257296267435
-0.8569490205435606	0.38359072443156816
