number of atoms: 28
number of fields: 9
Multipoles
---
0 0 0 | -0.4230654539104597 0.0686886212217964 0.03639885351700831 0.04466961428201159 0.016188392709172723 -0.044812715966487136 -0.07457597889528884 0.04086216847757945 -0.06295691982887167 
1 1 1 | 0.2576935007075871 -0.04669243782445792 0.047531882756088314 0.03513535384520522 -0.11319864163054072 -0.011387179632980953 -0.1293117676374415 0.03010248737862725 -0.10980875922507584 
2 2 2 | -0.04310319517968608 -0.005929300198632862 -0.022248696688587925 -0.028665522688616978 -0.07611845659943187 0.11389946770550169 0.008999884167160849 -0.017954579961086466 -0.1883294228051858 
3 3 3 | -0.018615343491486414 -0.02601374109886115 -0.05654691173606227 -0.07509635632719916 -0.08113763484205287 0.044444072060307024 -0.06144973167646327 0.009537560948189465 -0.15524723366908333 
4 4 4 | -0.09816564849438603 0.08641350164263646 0.044911266241989156 0.07427483363702812 0.005656284464328907 0.07736816937656271 0.05211442801861272 -0.022256714110298916 -0.1266989312239606 
5 5 5 | -0.1313244622780516 -0.04250936383245338 0.007574295026578519 -0.01140271450216951 0.009772680940232294 0.060766884431211726 -0.0016765191319465364 -0.005717916279867978 -0.2027457483626931 
6 6 6 | -0.277408688408741 0.012534360949902273 -0.013901516999283015 -0.007446976706856564 -0.12060767191639551 0.10318725242535429 -0.014302214980460462 -0.011858632349391813 -0.11872072513264478 
7 7 7 | -0.19965199563549696 -0.014604648113942508 0.03108778440253578 0.022564093204198762 -0.1203491290815213 -0.01602073818583718 -0.13655978587112674 0.03820033112914028 -0.1148581108443358 
8 8 8 | -0.15296172600482283 -0.0064404820002718355 0.02245576706404514 0.01651100116198651 -0.08854809773367638 0.0953258867671285 0.007964319199664885 -0.01730726609266839 -0.1324607938810046 
9 9 9 | -0.42481159538865576 -0.024787189768932506 -0.04103525648977328 -0.05157198410423004 0.04282846856475164 -0.004556042400976683 0.0016430004702026122 0.007476073458470401 -0.056559129273028086 
10 10 10 | 0.1420469603939929 0.056249625001184834 -0.002560554256363249 0.014175608657871626 -0.0006780989324021919 -0.004195539302450205 0.005149597592876894 -0.003441680159091638 0.01863422677249223 
11 11 11 | 0.15403525521042594 0.025511212104590713 0.024948147013372935 0.0356242705006849 0.016211588838202822 -0.011982181245926248 -0.0005700041988222322 0.0017639852355486312 0.002911204597483924 
12 12 12 | 0.138489764901081 0.02948303541328876 -0.03520716129028242 -0.027405898286493972 0.007901232723647757 0.0040993934341143805 0.015971300125070455 -0.0033065971328538513 0.009976626284336024 
13 13 13 | 0.13921810972245985 -0.02282736569388976 -0.028743247528203966 -0.03945820603517156 0.01360644670121114 -0.017977354602233795 -0.0036533425529622116 0.0021974335253678963 0.006975888785330559 
14 14 14 | 0.35745976412247626 0.004278675518786594 0.025892902003524433 0.026988910160583114 0.02086900663041882 -0.011488432559835601 0.0057631188328855385 0.000910865102323073 0.01203395752731056 
15 15 15 | 0.14836996774219102 -0.057964688591406105 0.022411453841956235 0.004695595271131153 0.007303195010467589 0.0027052418234743683 0.0157550474700981 -0.0053212834632570235 0.02024713090164754 
16 16 16 | 0.1419752958646977 -0.03659855670403697 0.014470584225484567 0.028261440313793164 -0.012502345377892297 0.010237422469411941 0.008780365502816512 -0.0015869817784633358 0.0035151175178003724 
17 17 17 | 0.1428381448870668 0.014200917238073695 -0.046464654332515946 0.010769594656566553 0.010806157640352598 0.0011097462578945245 0.0076517100087168345 -0.012958462605723363 -0.0072602022360212315 
18 18 18 | 0.1434787736383435 0.01033380230032237 0.022965265319560436 -0.04269012903060418 0.010707946822018297 0.00785072582460814 0.0032662193494465844 0.010272999596131377 0.00465245196728901 
19 19 19 | 0.12718514077478016 0.08255007721018127 -0.002379110110700779 0.12880801548050994 -0.005975767297843638 0.06329267461917738 -0.005678524447779053 -0.12784054438394762 0.08853343433379336 
20 20 20 | -0.5410024388312209 -0.010341702732720271 0.031209564455149143 0.0034044941875774606 0.03583268032580553 -0.029959729546025757 -0.03831689905133273 -0.05761096511556528 0.03452440478697094 
21 21 21 | -0.6204272208427106 -0.12593809170377193 -0.03770942940052728 -0.012927980048549432 0.16818937788937635 0.01166722359609222 0.011379012805825437 -0.041183615565049396 0.0961143282314536 
22 22 22 | 0.053368701291164666 0.027656608098864773 0.016039067590805884 -0.05528555980816984 0.0022014027935792027 0.007054182630538906 0.011000942572805239 0.012073296587269166 0.020844033639008032 
23 23 23 | 0.10670675154412523 -0.06180167045027416 0.005496727457373041 0.021639939068152914 -0.004912491267725196 0.011507042045230852 0.019301576675499053 -0.002705561309118067 0.008569596217587776 
24 24 24 | 0.13966130401226629 0.04030368178827372 -0.007522531068723755 -0.0032543344243419372 -0.018554186030863427 0.0062814727000690546 -0.00324450496528643 0.005429870029434423 -0.0024862253097334666 
25 25 25 | 0.41863180111389187 0.020407375907321106 -0.003704146397686572 -0.004486369549974648 -0.0013819154137725894 0.005114938367871325 0.0068286598293678495 -0.011823517699947588 0.016312327547343547 
26 26 26 | 0.15430932177594847 -0.019354753971400226 -0.00944284718630326 -0.03925304669030129 -0.001666106833122481 -0.008060555310341814 -0.007196838908612439 0.008986995136846173 -0.00808785683536928 
27 27 27 | 0.16250971040673468 -0.0136907845242269 -0.00431330260864194 0.04404477151603947 0.0005963437291222883 -0.009028202416298554 0.0015335475433084695 0.00877870937220343 0.013288322193349916 
