-5.037648271114727	0.5236850977101594
-3.4763889922747917	0.46274144199173206
-7.058476384174368	0.4038216567725378
-6.278106964252714	0.45990222782591916
-0.8172401262652753	0.3763088958886542
-0.8151936107476394	0.37416712515262684
-0.570784624374902	0.33489061045608004
-0.5794126342444452	0.3361237700836467
-0.7927431951584826	0.37386016930936394
-4.551736879960067	0.5041984055270022
-3.401814780384901	0.45483558514613365
-6.296707534278712	0.45771506832056763
-5.973295368890838	0.44705533260769
-6.286421481065431	0.4573342864373024
-0.5481857641638128	0.3353811437080103
-0.5649164925813459	0.3318512636864576
-0.6001683625749288	0.3376578786548682
-0.5590160163104226	0.3316763796967474
-0.5543188533779363	0.3295215359265316
-0.8683895882649421	0.3804612463679159
-0.8700770333216731	0.3812827952934051
-0.8278602756570298	0.3743469453824392
