number of atoms: 28
number of fields: 9
Multipoles
---
0 0 0 | -0.4108690247990259 -0.10726832696756786 -0.03783019669862484 0.025295746297211756 -0.07802613060769273 0.006132298572287896 0.05733669743033938 -0.10963472186012271 0.019732598830650448 
1 1 1 | -0.393669666195672 0.09966548536732185 0.014102889432683336 -0.029544141473912853 -0.04709291487995424 -0.03265970464884474 0.03335718064083353 -0.006197809812977346 -0.012525310354358239 
2 2 2 | 0.8334081754794394 0.0020958541605547772 0.06970805899386973 -0.025890113241040145 0.18477093023752852 -0.02588545883302404 0.12571441910547534 -0.07649608683132875 -0.01460342502759543 
3 3 3 | -0.6332850593948756 -0.028168176561695416 0.04563606684706219 0.059817786918753384 0.12121753226017361 -0.04673220258045039 0.08555859063844336 -0.08412206024249384 0.03872611818300448 
4 4 4 | -0.942545841869844 -0.02193203472058097 0.016632203204549608 0.0038938563866702043 0.0006333441472515048 0.0018620861713525177 -0.00037761330265835406 0.006278013297190833 0.03741092502424695 
5 5 5 | 0.1788158702146121 0.015330124534103646 -0.011009821489052319 0.04802051095903596 0.0019877725524509514 0.00928121128508796 -0.007703301550646287 8.530399278289579e-05 0.0024547392384775355 
6 6 6 | 0.12213325146555154 -0.0034724539454178017 -0.02740554506408028 -0.034445955822425406 0.009114567885646832 0.01618147083545335 0.004944768579739869 0.009424167244077967 -0.0177938290090403 
7 7 7 | 0.15263571606369597 0.0021294675062463395 0.03344030281319855 0.0400174709507443 0.013345056116250224 0.0030255211026831877 0.005130823817826915 0.0006092283762372613 -0.006330511207480629 
8 8 8 | 0.41893993045773037 0.006558406745403206 0.02469750235247389 6.156755978974622e-05 -0.005434982533136183 -0.0010996260398501224 -0.009671813296445345 -0.00934736832801385 0.006240491511836284 
9 9 9 | 0.4005774575034724 0.0023527457947465323 -0.02063985355597274 -0.01632877511262087 -0.007801691670873778 0.00915559160559558 -0.011431149130607996 -0.0003925478271192406 -0.00856578303598874 
10 10 10 | 0.13785727287719873 0.004722205216162827 -0.04960584141112264 0.011083274976243132 0.014697414367432706 -0.007426640653726822 -0.0023716538950030903 -0.005995999425930269 0.002741824012567821 
11 11 11 | 0.13340093298663258 -0.021986847324514776 0.024551705345422 -0.037717274604660185 0.006103139524109691 0.00654176099356898 -0.017719876562124367 0.003295494431379486 -0.0017609862751119076 
12 12 12 | -0.46300033767759885 -0.051788567757580325 -0.04369550159282103 -0.02174430633818225 0.026879244609673725 -0.09618289937674003 -0.00735753357317044 -0.016656597071570266 -0.061337142396034244 
13 13 13 | -0.29680956829791416 0.018120111351590917 0.015913410300475512 -0.0077286117741979105 0.03494526977002055 -0.16678655340877974 0.08275503577365183 0.037518701655672004 0.0162320463993382 
14 14 14 | 0.40602854539049726 -0.06739476672840229 -0.10298610098167696 -0.05164270322437763 0.062130383621085895 -0.06495297283760937 0.12944154597141086 0.1510738109560939 0.06350833530463242 
15 15 15 | -0.1453953877788523 -0.023255046465804136 -0.013515168618633496 -0.005049823414882978 0.08279776598299163 -0.17057826102878343 0.011043013118237325 0.06464885523680733 -0.0991265028017086 
16 16 16 | 0.08836855404382948 0.019059492748349286 0.03619720411326028 0.006991341659739597 0.10596841594161992 -0.1628005584835236 0.08792388509438986 0.137764430162954 -0.02847625767214319 
17 17 17 | -0.34967803661790686 0.021932588556110733 0.036615285064511144 0.034610379772110636 0.06962173259826487 -0.20876392877818792 -0.0143454704204844 0.025099621757130035 -0.1088379945417827 
18 18 18 | -0.12874769200428826 -0.017691269118660143 -0.016493333225309634 -0.008665065133717013 0.04726235439787542 -0.18053758778219345 0.07405063984044727 0.036039897928658846 0.01150856328916728 
19 19 19 | -0.598012935699435 0.07831446738264426 0.059982967348578206 -0.05850990646923558 0.015451503778514494 0.0862740727878002 -0.0845119416954779 -0.021038344451292195 -0.050343589147779505 
20 20 20 | 0.1628769033223958 0.0013024557347198929 -0.018946814966857097 -0.046680639614829565 -0.0007533270851580821 0.018431080532511277 -0.008226347911486045 0.004599030686553239 -0.006485362240357422 
21 21 21 | 0.14093855533756616 0.025696510539684598 0.023733993599818873 -0.040276762108078255 -0.008585390721701905 0.0066316724554504195 0.008023291475454976 -0.00377230546956361 0.014681102056874326 
22 22 22 | 0.15411484881973048 -0.020315482782037927 -0.011722117500408993 0.043752043864313396 -0.008949518766860839 0.00037718325414862083 0.004933495257783123 -0.00917759389999822 0.012714987653309813 
23 23 23 | 0.4476574422045131 -0.014582688075835641 -0.009442265839266285 0.014080483067769963 -0.0027275273144773686 0.01332422319212023 0.0017380717164624758 0.0030772281351527835 0.009423333849315419 
24 24 24 | 0.14536181616341493 0.016320281697641197 0.006670681556792617 -0.04220005569732081 0.003053962620124945 0.0003316476650284051 0.012831668558491313 0.010726932792980636 0.009564846631004823 
25 25 25 | 0.14439033143733238 0.028659705143118216 -0.02895803332930557 0.027541799974233762 -0.00491143381291662 0.003932867775489742 -0.011460374215029859 0.011962328453912182 -0.002311300236862017 
26 26 26 | 0.14083560028819342 0.003092513783894066 0.018376742195817555 0.05069586482675724 0.0014754307168504657 0.01969288058605112 -0.007490374267915286 0.007192217877307704 -0.0067631169646509785 
27 27 27 | 0.15172626924655663 -0.03048362423645248 0.03424251717543774 0.016004192898036614 0.00945668633564897 0.010686211983082568 0.002223098097818861 7.3119018265491e-05 -0.006737803480741469 
