number of atoms: 20
number of fields: 9
Multipoles
---
0 0 0 | -0.18073889719379643 0.0430339719847164 0.08342804375713762 0.12857581198425122 -0.005633328868216421 0.029509324240364353 0.023562082833452753 -0.024184403170435017 0.12549334045045143 
1 1 1 | 0.952551414941385 0.0028364350902794475 0.02095255487607966 0.0012788353076232197 0.10137318153886528 -0.02260817716154833 -0.07197782673015582 0.008667060011617721 0.0390705208075421 
2 2 2 | -0.8979925819443988 0.007580736048759368 0.015894053418463006 -0.026328518808731632 -0.002530896909938836 -0.011453010449154727 0.004006553683067699 -0.04818717242498731 0.017464509520688926 
3 3 3 | -0.6141954304518942 -0.050052104371144275 -0.09411082955283795 -0.1078105851761618 0.007732214832346879 -0.0015583612234502733 0.0068223434258307975 -0.017805017413585783 -0.008657555912934444 
4 4 4 | -0.9346140534859622 -0.007282548948081228 0.01808992291779388 0.00044132916880607916 -0.02225239514518166 0.010166064782276524 0.03268754677244778 -0.04332919539198645 0.003784537468730118 
5 5 5 | 0.42373668538488696 -0.0070998878376699786 -0.009841695762825568 -0.02499542632782 -0.012659778873888068 -0.002309964200943428 0.005194896225094696 0.0019175443728319782 -0.011731885468363469 
6 6 6 | 0.4884703803090835 -0.0068403389529151865 0.0221905829583594 -0.0023714731574196084 -0.000837090425172275 -0.005375924031607054 0.004666918138943604 -0.016440501320905146 0.003206789904168237 
7 7 7 | 0.37526606544588736 0.007254065214063088 -0.01792546105744875 0.028202390223319985 -0.01689456054557151 0.008884076207714071 0.007651708862886478 0.01279320862002935 0.006553335034649072 
8 8 8 | 0.42018704769806725 0.0070434181785834615 -0.006842840932506996 0.02671508891687109 -0.012515797705696791 0.008326576786332343 0.007935728353308403 0.005276145095553052 0.008366267141968333 
9 9 9 | 0.46663801440295305 0.0033590870801193675 0.026497191255722096 -0.005223943929009213 -0.006786956347780025 0.0034770182391139753 0.008268902374356828 -0.010277913601071114 0.005267404023600998 
10 10 10 | 0.12180212135041002 0.04880683313640507 0.004939240917233376 -0.038276440635471226 0.00273526565544014 0.013725396282721668 0.011075117221665853 -0.0013984943553296608 0.01989530536045947 
11 11 11 | 0.13245620311904593 -0.05659254394779355 0.020471674202385187 -0.016037008608192113 -0.005705736582657768 -0.00013844801223656048 0.00436207314609949 -0.005453294815015043 0.025826326341451843 
12 12 12 | 0.15436409064094903 -0.001510144527375227 -0.06045500816789051 0.014905310723439119 -0.010615264972826893 0.005615180727805769 0.010779877643130705 -0.005404890503166291 0.01629967731715971 
13 13 13 | -0.7219993043638997 0.011093108532744332 0.012311149517721677 -0.009661759439607153 -0.07251919084088947 0.07922691412225957 -0.025984817058796163 -0.08819208051678952 0.08773138884758058 
14 14 14 | 0.9845357178247962 0.026570754345913376 -0.05100814179422474 0.028019034287772786 -0.10101539191924568 0.06621695979654094 0.008865015006931078 -0.08563666888099068 0.13688079513947732 
15 15 15 | -0.8837840078697727 -0.014266852463417277 -0.003631592847855824 0.0009534603577352799 -0.11393358939829161 -0.015022657984162023 0.027062950248204157 0.020091986189842332 0.06982637888977725 
16 16 16 | -0.7986273999096394 0.0682956860915681 0.019528377461195852 -0.02395957302992196 -0.022205777900955657 0.07441232783278161 -0.008251064489138753 -0.08411771236978846 0.11708242696072575 
17 17 17 | 0.15396856261504588 -0.02169550114852583 -0.007697466957970236 0.031143871425162326 -0.013192070154530548 -0.0007492192567598443 0.018355458260142503 0.006386489898974626 -0.0006811259536005924 
18 18 18 | 0.17825814566208986 -0.012343431995159129 -0.015559220301087072 -0.03316263266517694 0.0007555065421897537 -0.0025064955471111195 -0.012894345351622448 0.012816013044127803 0.00018974788936041277 
19 19 19 | 0.17805949549101197 0.02162145019197593 0.03273998880707716 0.006526400883147517 0.007841076526539365 -0.008411796313584595 0.002049222848350491 -0.013838988978027968 0.004777702456990747 
