number of atoms: 28
number of fields: 9
Multipoles
---
0 0 0 | -0.41934194144432535 0.0029433051046927265 0.11825523730951756 0.0137763586241048 0.0024911737333521452 -0.0015040643230906116 -0.13062047678495345 -0.10722975922171936 -0.00015847510530131594 
1 1 1 | -0.38799319252265896 -0.007930649001965434 -0.10699376123908384 -0.0002351066154530192 0.014174298141936317 -0.014795920874329243 -0.014763118720336973 -0.05276064473402579 -0.015144822421950366 
2 2 2 | 0.8294121561009016 0.046063223780911544 -0.036338976030206936 0.03994700384536619 -0.08786173072960471 -0.00871982794426273 -0.1770807057273993 -0.10285250978252822 0.08306040917799791 
3 3 3 | -0.6283407147312747 0.05341153392777042 0.05678042947473218 0.01878715043916064 -0.04085497500656568 0.05140990651263844 -0.12467171982180081 -0.08517864306854077 0.0758852208440138 
4 4 4 | -0.9465025162879943 0.01389632579139866 0.004027134641432205 -0.005921431485210315 -0.00971685073874997 0.004457779732121054 0.042278339951288366 -0.01985551311662848 0.042152094814945175 
5 5 5 | 0.13832771994817994 -0.04120210162850048 0.0017808124900862373 0.023608657335851647 -0.014969495751473758 -0.01709201588178882 0.002620114969706931 0.008314661024370344 -0.0014744529743100302 
6 6 6 | 0.17677934408944196 0.010540210688545746 -0.0008588532825997259 -0.05075731022321687 -0.004019153452059549 -0.0024630873858175802 -0.0032890060200054597 0.01120397837201757 -0.000518708960069921 
7 7 7 | 0.1524981997852226 0.05107350658295143 0.0005633331331160497 -0.011314564531082868 -0.010904416592868614 -0.0033848012929822173 -0.0016579010147426466 0.007259716768284288 0.01007570466232176 
8 8 8 | 0.4172736194072798 0.019575100428661684 -0.010633051896737874 0.012271074527018951 -0.0005185561733206375 0.012275639873719052 0.00376550782027731 0.009503646010334403 0.0010536589671658583 
9 9 9 | 0.4073720437642213 -0.0229673292908318 -0.006486536239242754 -0.011420187718906695 -0.004523643819499421 -0.004897568736858292 0.007395812896193789 0.01214793236460349 -0.009893040789642784 
10 10 10 | 0.13898256081032245 -0.010494894717146952 0.00465658755306685 0.04924063042678328 -0.0034443386739124917 0.006329411486383047 0.001649778993971637 0.01420487499618294 -0.008928014964480008 
11 11 11 | 0.12628763562618872 -0.03253324574491919 0.011396337180475625 -0.037232816771686994 -0.004629442150521092 0.011053522637343846 -0.00429568472991524 0.006584204470468269 0.011326162393769932 
12 12 12 | -0.4734899060238753 -0.04888760109336697 -0.038437892012996515 -0.028038100606776892 -0.03988834777799383 -0.06305228937187264 -0.041272126750905795 -0.021357486923637717 0.031273043079047956 
13 13 13 | 0.08009412293277052 0.03956313620166872 0.02247288562686641 0.005241636510360329 0.02694876719291276 -0.057319956439863776 -0.16339292530389085 -0.05406299034984815 0.17580084904615798 
14 14 14 | -0.1190305071576292 -0.01618139103576954 -0.01740204744598812 -0.016948399785730355 0.02096440282150948 -0.12067308629451866 -0.10788124445256751 -0.10655265852799024 0.11035496621349555 
15 15 15 | -0.15932293014569066 -0.00495880724591516 -0.02096502600079201 -0.01659738451803848 -0.010141690010263429 -0.07169774355230653 -0.18491132326529244 -0.00422903416424762 0.07181992686864723 
16 16 16 | -0.3703228472037843 0.056033114484830206 0.004258844607712435 0.01946525335926793 -0.05169388309857854 -0.128119681643852 -0.18768065103655873 -0.013980091979199012 0.045462838950250425 
17 17 17 | -0.2964377555121036 0.02000871996631664 0.013878027240400813 -0.011399654555693986 0.04092760820132231 -0.10289822560759156 -0.07950912406703046 -0.07645981898219292 0.0961530090828294 
18 18 18 | 0.3996135590833818 -0.09770413151064469 -0.06295286958510998 -0.06589745654036862 0.10639552214440262 0.0076346619594210765 -0.04130465089015226 -0.05855081250303344 0.17684013739813464 
19 19 19 | -0.5906925202013777 0.04048178906843947 0.1028395242813804 -0.03523128116529388 -0.047511023287076834 0.07155442460259122 0.010230463935608303 0.08631340483212409 -0.07619937951313281 
20 20 20 | 0.1667092000719227 -0.0008508140372277827 -0.01138228522512036 0.048651022559213906 0.0032445182799043285 0.009693355591695268 -0.004076472002650448 0.007286038065526362 0.00712759460749572 
21 21 21 | 0.14731821276488877 -0.02228727296639119 0.04119468378010562 -0.002002658477885841 0.011385931084840588 0.005259519948531647 0.004700176665859795 -0.01018306396308744 0.007529016670695671 
22 22 22 | 0.14163918248650542 0.032476296592051854 -0.016746022293257435 0.040317446989713346 -0.0019392526164395962 0.015757236890534862 -0.000914340271635402 0.010988947144308564 -0.0014929378500316726 
23 23 23 | 0.14860967419781157 0.009401136070454145 0.04739298281263537 -0.023744296767167154 0.008753956108622538 0.0032722845850108213 0.017203461957045595 -0.006117125391968538 0.00035553807396479644 
24 24 24 | 0.15220404327776615 0.0048096007181755865 -0.040272267155882016 0.025873417362524766 0.003907570185911681 -0.0048515147557270065 0.01642586571665271 -0.007524729702495075 -0.0025050400965842138 
25 25 25 | 0.17378448138924396 -0.029738466264514662 0.01566917153031878 -0.03836379407412414 -0.0029500973076094887 0.013810496319459187 0.0005104466108275071 0.011926133345040082 -0.0038750731275140394 
26 26 26 | 0.44308800449807606 -0.004607071320449867 -0.020618029761169825 0.00788795696691945 0.005235018066932037 0.010522696447109852 0.013184815188891901 0.0016042985742024487 0.001349258350136449 
27 27 27 | 0.149244056201847 0.03658458818605211 -0.012617691652956509 -0.028187226247518085 -0.008615516573781548 0.005157174597484465 0.010737652293833968 0.0026761292972031702 0.008429700115912412 
