-4.819006519780764	0.5202639679458922
-3.9523217359445915	0.4846615079242393
-4.704563031133648	0.5173000047184916
-4.647768698318634	0.5125359257718881
-4.4833752857209195	0.5059913688901635
-4.504834711806891	0.5080264450561498
-4.285788018113408	0.4961612428446422
-6.969874976833199	0.3973858157171753
-0.554082388549206	0.34560504615906096
-0.8419694422764635	0.3774327572330941
-0.8296545101792844	0.3740998270890049
-0.8629430584445673	0.37878373937981513
-0.8576159408039435	0.37734835895873214
-0.8594872311047691	0.38353103193132976
-0.8545385008296643	0.3821144031328926
-0.8485327592435306	0.38343657757859306
-4.510548381123331	0.5066861625190691
-4.81039187812855	0.5216391276371952
-4.785560792506633	0.520121082858995
-0.9183241992495106	0.38976125335514433
-0.8760103198031748	0.38022587439288813
-0.8610211823423155	0.38286011889241695
-0.8573541816626218	0.3816627063124309
-0.8677662337150049	0.38425051417538836
-0.8585893199309016	0.3837863921260925
-0.8624942861398307	0.38496125923408625
-0.8645435120111562	0.38586224814581277
