number of atoms: 20
number of fields: 9
Multipoles
---
0 0 0 | -0.6993688192431433 0.013698492957343492 0.006235993566169635 0.005278121752517541 -0.00545467257593808 0.027872824895002028 0.0015931943829194809 -0.04797383400404563 -0.1385885044105555 
1 1 1 | 0.953451971308616 0.014819003914512421 -0.033456847979689563 -0.04134850542892017 -0.05781056851681016 0.027099912397939897 0.015803694185528322 -0.04960041946216358 -0.19196476969785153 
2 2 2 | -0.8048005501760489 -0.05797399990129421 0.006183904632155387 -0.041279006090898115 -0.10027158285173286 0.03366830173915594 0.01942767154883504 0.04410397271983971 -0.02136532813786874 
3 3 3 | -0.8209324770571307 0.058328535840975575 0.011737156525237056 -0.008020167465153287 -0.05346761990920563 -0.06050681204720596 -0.05323415732227522 0.005395558736696201 -0.05213368793824756 
4 4 4 | 0.1722374675806818 -0.028836123514068675 -0.018707855881618052 0.0216538875346449 -0.009587075944749949 -0.002286691057003382 0.012422010508367052 0.005202145189826761 0.003599662306213012 
5 5 5 | 0.181733360304134 -0.010500446132298216 0.02697523482198265 -0.029195747087112575 0.0024049147472767415 0.007160486671827657 -0.003558403038751854 -0.01039628626484383 0.009778290746797036 
6 6 6 | 0.16495960145628596 0.029910492865586075 0.007351214849025404 0.024561477265057183 -0.004779031552853591 -0.01060294082311951 -0.014402077933950024 0.002086826398042272 -0.004305878220453987 
7 7 7 | -0.15665966827245814 0.12804656801710484 0.09286818636363693 0.017252169358972138 0.016343946818875667 0.05529118869218166 -0.005873860476571504 0.062200561148957084 0.050558415413006104 
8 8 8 | 0.951427545327916 0.016123779936530507 -0.014239665444037332 -0.019406239094900374 -0.052961130651760856 -0.016091132973288937 0.06138646004378088 -0.028315738092008772 -0.0895472077179059 
9 9 9 | -0.5923558797515218 -0.1330269834709119 -0.055223845723107595 -0.013572622627612996 -0.011815809956788126 0.0005327183918062182 0.020085446354226617 -0.0006748172354286451 -0.030460757841173563 
10 10 10 | -0.9493101810175286 -0.004944300131971691 0.007510033397337984 0.002984682648554371 0.04506227397677257 0.01279585376101464 -0.02018255503841975 0.015065807225878759 0.04174034390646651 
11 11 11 | -0.9347066918790139 0.020424238414191827 0.021727014965756925 0.004470219190422549 0.03067343972842767 0.04050289150946754 0.011419734721668691 0.016226003947049854 0.01890729169135243 
12 12 12 | 0.4360523985792365 -0.006103759386947434 0.02315432901958208 0.015993057972642114 0.02047470982016741 0.007678767917269914 -0.003913618339307809 -0.003643477911134575 -0.0035594050892541417 
13 13 13 | 0.08438773519435838 0.01341540474583195 -0.044656225916297615 -0.02728081008132751 0.01742490655876504 0.02265948428472473 0.0033202046006512915 0.0059448331219891515 -0.0005551323898977348 
14 14 14 | 0.13858493352254475 -0.032362689987389434 0.04650570345951048 -0.028228999319830528 0.001226123132574476 0.01607572353575907 -0.0035971175027018363 0.01132542993059571 -0.002569527417570954 
15 15 15 | 0.4230086133187565 -0.021347218669126096 -0.0154003998386386 -0.004790337017224495 -0.000474217914700091 -0.005911340103448417 -0.007842923237528132 0.003853950985818287 0.015227018827852766 
16 16 16 | 0.4242940068957285 0.023817941087506202 -0.005968288299650863 -0.011091480673081092 -0.0013458968783770097 0.007988742414113945 0.0005777106276819893 0.008390560147074583 0.01531591542270876 
17 17 17 | 0.4811193260565193 -0.00021443486970173633 0.01953959460416076 0.012611162758663025 0.01520966708087168 0.010932688652153858 0.0003750426265662904 -0.00045397516818340743 -0.003531387065268959 
18 18 18 | 0.40581371484026085 0.02562646321147943 -0.0010388873039190564 -0.008476280572565937 0.0017233008225636375 0.013087572911950424 0.001784057994919411 0.010200920627045883 0.013911223005933636 
19 19 19 | 0.13962752942869283 -0.013417665888616785 -0.002992251278750337 0.06146165287330463 0.008727284595822922 0.013123582264842648 0.009218515173651872 0.0007122927432118942 0.007466268610330778 
