-4.592889686736094	0.5084810724453996
-4.780761906212974	0.520899240883083
-4.2522888776756	0.4923217095439833
-4.5528640297341925	0.5090691380276668
-4.556192631051882	0.5094985789757331
-4.481170618448853	0.5074986586411205
-4.4796996735464	0.5072633342099129
-4.511976274006307	0.5088323456489489
-0.8808898834061744	0.3833423580927403
-0.8685774054681497	0.37701038285350486
-0.8624069525590936	0.3834385092400465
-0.8598476308232547	0.3794006523030458
-0.8606780116144983	0.3796433586866702
-0.8651533051313383	0.379640352981011
-0.865263067570773	0.37996700205426615
-0.8625424756575355	0.37972932049080715
-0.8662170820939804	0.38629169409509756
-0.8581698630988082	0.38403649997326844
-4.7361229002308445	0.5165014573330019
-4.739344081416108	0.517730145865274
-0.8748364885687047	0.3849838242272432
-0.8712118813620742	0.38343256914939006
-0.8781373628812299	0.38525130982086214
-0.8733442820380322	0.38435769400115644
-0.8694970207505468	0.3859497624131044
-0.8750401327587444	0.38734993783559496
