-4.82544558023974	0.5199360650383914
-3.962109678985455	0.4860887407465402
-4.6982679276871275	0.5177354766924982
-4.639000862910865	0.5115896613984231
-4.486413128580071	0.5052080794394161
-4.510310867478378	0.5078106409202994
-4.272836333313383	0.49383045236706374
-6.967398299289744	0.3973748942340044
-0.848244795142224	0.3794004909940291
-0.5551947982473431	0.3457932978454739
-0.8322818268599725	0.3747259107887523
-0.8613971361659937	0.3784795970725309
-0.8602925513350926	0.37948351987367224
-0.8542370294499211	0.3826920131580831
-0.8536301402633744	0.3822072804220018
-0.8500351605222003	0.3837895320832658
-4.732101208728179	0.5166421944778055
-4.741214010936752	0.5184603045962317
-0.8666482336389456	0.383097223492253
-0.8757795904518458	0.383573917762733
-0.8837412110225542	0.38661825549794626
-0.8750453142453962	0.3853356747156613
-0.8736981835933314	0.3869546188360815
-0.8701014905758461	0.3860205032193253
