number of atoms: 23
number of fields: 9
Multipoles
---
0 0 0 | -0.38062827020328793 0.08646790635756958 0.04257968763709602 -0.03029538431959663 -0.06834448057836959 -0.07182454948175798 0.07175649583134154 -0.002647090989034304 0.01859291792615381 
1 1 1 | -0.3828110873240762 -0.08740886752438344 -0.045132764900379166 0.023458232534528126 -0.07206722415582373 -0.07989783120050674 0.0421416522249408 -0.0031323006569397315 0.012247934691389167 
2 2 2 | 0.12887823380401753 -0.029312775166865722 0.028888649592893837 -0.029229500592679643 -0.0031971789581399304 0.016139682350132183 -0.003755351273382446 0.0033755336354767975 -0.0028175640300703336 
3 3 3 | 0.12800283206490404 0.011993804548150149 -0.0470986617851948 -0.013633705086956676 0.014173847033422603 0.0013120757647722117 -0.006287647662510897 -0.005817346546575812 -0.004301267467885722 
4 4 4 | 0.12654558338673572 0.009400521152972319 0.0108453403309399 0.048929287718188906 0.010075722043997459 0.007130024546551318 0.00750834243499356 0.010151553056422553 0.0011373894471048106 
5 5 5 | 0.13188390650902515 0.02699107825315821 -0.038295258449568936 0.020702874820705135 -0.00660962009005539 0.013839628558555007 -0.008392184147160846 0.0014756620985653898 -0.00390403391191867 
6 6 6 | 0.1256717653874675 -0.01148920733583731 0.04245455427403554 0.025532707768541937 0.012942796198914596 -0.001885371826962184 -0.00882631136498809 -0.007701587261643348 -0.007599479721401727 
7 7 7 | 0.12359930225203952 -0.009653192491970036 0.0038054323347679084 -0.0493304968412841 0.012604687841089358 0.006994872846121634 0.004509751365533028 0.010681758434777885 0.002193563646849097 
8 8 8 | -0.47478856122326896 0.04593393173684825 -0.022560487057993784 -0.03886334780659389 -0.06300651712576338 0.0348021960179267 0.055105012726178175 -0.00922686848392423 -0.06927975730328469 
9 9 9 | -0.13803401697954776 -0.034064409863069 -0.010529114943469859 0.0015220918516075826 -0.007692733744974135 0.014772021570191718 0.07824268817943227 -0.0034121270649646873 -0.21573606002505108 
10 10 10 | -0.20122918214296526 0.006495982644439331 -0.012210511788732968 -0.018681540723850525 -0.17579060625426343 -0.0675657125187373 0.08098272845071693 -0.003640592998033728 -0.115335647798638 
11 11 11 | -0.16039921367174248 -0.02789803501312683 0.011620844622354961 0.017287794837138444 -0.07053468307177577 -0.12174336233965537 -0.03288986787823413 -0.0319412937700048 -0.16992554696921167 
12 12 12 | 0.14649730061076482 -0.029253605653803475 0.012415179488553045 0.017159503201690154 -0.09861361603278156 -0.11297383890835207 0.004239446414580672 -0.03048538061229223 -0.2158394309238154 
13 13 13 | -0.1333900547666449 0.006838414069098441 0.030121552182616602 0.01994722081792368 -0.17098288701732664 -0.02374408604419658 0.09281562409944345 0.00562839356703495 -0.10845995422507103 
14 14 14 | -0.20385410164142748 0.014762586055791942 0.0073135481842135 -0.0070637587443297374 -0.005613190630248366 -0.02185635380618427 0.06527499567017352 0.0019657357745415916 -0.2106166525088777 
15 15 15 | 0.14460092494177268 0.053419456057055816 0.02083783426682086 0.0032483923122602577 0.001561856397632736 -0.0004495193420504103 -0.007474384222124896 -0.0007656544507770324 0.01582518025600582 
16 16 16 | 0.13966657712511055 0.010783366581711577 0.03785348914299032 0.033840925042873345 0.018233040818858574 -0.002169472571403829 -0.005793845923503699 -0.0017490344863693931 0.0009491434554002665 
17 17 17 | 0.1407393001582481 0.0413658339802329 -0.021330751002533087 -0.03001249817872123 0.004775395528415594 0.013288078174550057 0.006895606899930076 0.003413857399191895 0.011548467058206705 
18 18 18 | 0.13911984013888623 -0.008818160069212978 -0.044829616947063604 -0.03277334885317456 0.016331919605122213 0.0003656622365873131 -0.00925970336102767 -0.00016335772221235292 0.003648715352090783 
19 19 19 | 0.1482652674955951 0.028258469267625593 0.011932993041581496 0.035487527114001466 0.007982607662445313 -0.007534094492512845 -0.010021760252429015 0.0016025936140249995 -0.010048580299569019 
20 20 20 | 0.1489915367110406 -0.019336128390493392 -0.042314926865251935 0.011467259616722104 -0.007537112678921823 -0.014476583607792703 -0.0001006917120900387 -0.0027261977942642955 0.006224704851689399 
21 21 21 | 0.14519065576936852 -0.047828462708653895 -0.020682958544388116 -0.004617235923133107 -0.006982274674853776 -0.005811108886907502 -0.0058444710502089485 0.0006472641666824798 0.01831130255081733 
22 22 22 | 0.15554906902093402 -0.01854941908852532 0.03313299050082328 -0.030472169789695462 -0.003426476945897792 0.006795342251307827 -0.009610884860338098 -0.009035998266976484 0.00384980778571373 
