number of atoms: 26
number of fields: 9
Multipoles
---
0 0 0 | -0.14329030116512076 0.05183748571574485 0.024399818419047415 -0.04975931989673586 -0.05614797613946001 -0.042178315183973566 0.04249285685989596 0.012496974748214686 0.11566921299333273 
1 1 1 | -0.4345006134225784 0.006740252334373269 -0.05314852873425974 0.050689283387719206 0.025562022774169003 -0.006452741645618839 0.0012033763708400025 0.033881258863146496 0.1096303231878641 
2 2 2 | -0.4348546289685702 -0.07810281496440692 0.0038238364865401985 -0.014250502936571485 -0.10987412140022179 0.02059400051088905 0.01399300107248169 -0.002146065961276921 0.016502638914404892 
3 3 3 | 0.1156696375244689 -0.013344084866726637 -0.04803812573920951 -0.020590860394573297 0.0034956392689456093 -0.016046815609775354 0.00646721067493528 -0.007262596781603921 -0.006307312338666791 
4 4 4 | 0.10926771996613194 -0.005389332909374273 0.03784071082212578 0.03816897144911864 0.00985609384111471 0.0021665047313363423 0.008509343893862669 0.008758168939593027 -0.010499375419402449 
5 5 5 | 0.13685276404414082 0.004675121832072637 -0.03447083192677818 -0.03294561352349576 0.0010906883481666715 -0.0033990110579958733 0.0032751032314779424 0.015150584830365611 -0.012214068999550262 
6 6 6 | 0.12395986670281778 -0.04164204869957961 0.01748560933485437 0.01371611569736267 -0.011863679963661635 0.010465995831695397 -0.002800153389136736 -0.0028700582133316097 -0.005908328302657964 
7 7 7 | 0.1284232479977384 -0.000497828775932943 -0.0012065056245171926 0.04901698357566779 0.009519008355429293 0.0032402020886913015 -0.011879104112210494 0.007033340299754419 0.0036612508165935237 
8 8 8 | 0.13533547404311963 0.04051975204059219 0.016452309031182645 0.02012345283561367 -0.009865251034004487 -0.01381065459890642 0.004083780866955682 -0.012307487259363311 -0.0014991851234651128 
9 9 9 | 0.13413144398936905 -0.0011041795222386888 0.04297671911309965 -0.019739362842359876 0.006072914189276864 -0.013726959210917876 0.00546626016035691 -0.0076081161995861304 0.009880029945384894 
10 10 10 | 0.13414735615952422 0.0020342668395925433 -0.04033351417205373 -0.027734742205257883 0.00927372620752697 0.010241426769520496 0.01048703303544621 -0.002217464560121621 -0.004996197342264683 
11 11 11 | -0.4772050362006013 0.049788516871158504 -0.0351495125377991 -0.019362487443611832 -0.06199649042738182 0.07252543602671474 0.036444185993467625 0.018465666845010362 0.02134764019124378 
12 12 12 | -0.15032046870409754 -0.0421651416203744 -0.01858841151230752 0.018383348621894672 0.03858321669793319 0.11029422688521161 0.038835832689695385 0.10473621369984225 0.17247859506138885 
13 13 13 | -0.11608977611860105 -0.029516569652757237 -0.022861987362202865 0.015249887582581433 -0.06941017155498425 0.22478251476281516 0.006441859927700802 0.025337523120877652 0.09477296273139957 
14 14 14 | -0.1461784068651335 -0.021622794813125353 -0.004986745663048537 -0.049665585553397874 -0.044311115611259194 0.13262963352169357 0.15099451068891445 0.09005016524034823 0.08150494302255669 
15 15 15 | -0.19766623610312362 0.011362209544685243 -0.017384131344148686 0.0016684080046740458 -0.013568290015908188 0.10476687724201453 0.15765724475549558 0.12098050658482377 0.07252202591102637 
16 16 16 | -0.17819190668398743 -0.0033767696052824877 -0.015355524270098708 -0.023400497317192123 -0.05409615479343956 0.21476314502672478 0.026782970322419927 0.01729818063878229 0.12499848762328827 
17 17 17 | 0.13884568142752052 -0.03447293987398481 0.015739405523454847 0.016271216394383448 0.016916457711566787 0.14724639926008856 0.06504679207420416 0.10983702309133044 0.17852074125648087 
18 18 18 | 0.1339333771561806 0.05226168974205555 0.01879297021733365 -0.005368688085441793 -0.006087534335766174 -0.0031033456053284627 0.006259267404554179 -0.013700317372828936 -0.014094311361980173 
19 19 19 | 0.1293954956741602 0.023900033313327216 0.019049364966507325 -0.04462046836745702 0.012493637932806799 -0.017444123711655147 -0.00042467473141963156 0.0019050559372192936 -0.0042037648226071304 
20 20 20 | 0.13721901955646465 0.0265167007769966 0.005060819485093162 0.052140238327384764 0.006931399514514668 0.002915816002105745 -0.017851323084847014 -0.015961037050097812 0.001864674640958371 
21 21 21 | 0.13678385594793352 -0.024887190360740313 0.031804958871568124 -0.03146368443107618 0.005693402782527253 -0.003155397116511965 -0.01802306388955055 -0.01087104611990349 0.0012982782891665962 
22 22 22 | 0.1275985023336922 -0.014034909118420017 -0.011050169101306751 0.047292362930050576 0.009072839526481616 -0.016726923914467055 0.008855538804992985 0.005940018828333566 -0.007983677320518188 
23 23 23 | 0.1483715050397556 0.014365010860504696 0.044249024243091566 -0.012121773739591503 0.010047714483567291 0.004486068035150696 -0.0064535848615045865 -0.009508307612687224 0.00778782613473347 
24 24 24 | 0.14695636411108048 0.00857999851483558 -0.0054577890027941375 0.04532679029160468 0.010297743671930315 -0.004502548726795884 0.002981848713381785 0.013696118194881274 0.006833241214437911 
25 25 25 | 0.1589409489813649 -0.03408246977936271 -0.024079238012808327 -0.024944429671571244 -0.007331159705983537 -0.008271678679968199 -0.008819495462059587 0.0002616007543784914 0.004813591086370612 
