-4.574173432571067	0.5076679138640474
-4.796393371969821	0.5223865646004324
-4.312296788599481	0.49605534459514006
-4.469104251654355	0.5062905513827192
-4.508509844776476	0.5090736281338836
-4.700510858713106	0.519711904755244
-4.645670976960256	0.5131590604474826
-3.954841482411889	0.48601683557255204
-6.976668102482638	0.39894522274338295
-0.865353376750626	0.3759803790620756
-0.8791578405878212	0.3823328438765856
-0.8625461765008068	0.38282007858395656
-0.8584945759389075	0.37822221547503715
-0.8586156327983655	0.3785909483601515
-0.8432903678925103	0.3789017132517285
-0.8344421551241769	0.3754429746529173
-0.5575306988057238	0.3486302271341642
-0.8546858991968092	0.38365515761551233
-0.8667927846076725	0.38625581564951206
-4.787738272320126	0.519081368786446
-4.389428658556344	0.5021867999732469
-4.445157028746559	0.51189430555046
-4.4064251898103945	0.4984710879682768
-4.098315355404343	0.48524227904296513
-4.521237571339181	0.5102641671197015
-4.6269127169689215	0.5129950363608325
-4.538068898115742	0.513178358252996
-4.47060684503239	0.5088113340955852
-5.799603064743791	0.44548446797424507
-0.851472345418966	0.3810730014211865
-0.8621402727575221	0.38457427997513444
-0.8490712785752141	0.38025985547257296
-0.6432138099063562	0.350246824730973
-0.8597813978497899	0.3789381880338566
-0.8455090877989504	0.37791997975103353
-0.8625263499027185	0.3802614059611579
-0.8674535267819673	0.3807997126926423
-0.8530535173583237	0.3838576494652592
