number of atoms: 20
number of fields: 9
Multipoles
---
0 0 0 | -0.1910756324432512 -0.06126511738163862 -0.054968211770732335 -7.976249771580858e-05 0.0474969363000967 -0.08209194926265294 0.08416902613417318 -0.034475990197337734 -0.07469078431777418 
1 1 1 | -0.4215270081867528 0.01756209642694621 0.08129472929564942 0.01990973653634184 0.02124777409406026 -0.050285713691823025 -0.0011208166798808705 -0.06703960306191961 -0.07360843947732666 
2 2 2 | -0.4308178761408996 -0.03959196906762674 0.04468870029207551 -0.04480449025156752 0.044578784295242535 0.03277964240278318 -0.06447898064007863 0.015678511243206156 0.10638652441562485 
3 3 3 | -0.16909067337433825 0.02046498067877002 -0.0633914960053418 0.021864109879071787 -0.33737861103038325 -0.6508885452100676 -0.18421569323474704 -0.6242863014185434 -0.27670812553519697 
4 4 4 | 0.12943603008126925 0.04639576054176778 -0.008842716123894822 0.0210428492440982 -0.026443487486549365 0.002764747445967875 -0.004257328106537401 0.00261426519002009 0.009699898914020266 
5 5 5 | 0.1584935664900886 -0.003646561473069903 0.03320704711547511 -0.042047587205979946 0.004875547610814793 0.0004490728016921295 -0.006042723720705816 0.007228848505638747 0.015389766858723357 
6 6 6 | 0.14989212871334712 -0.049246386634018105 0.011081973420338658 0.0023347474102453345 -0.01242350957191898 -0.008058021392797298 -0.0025817255267409564 0.008972863288247075 -0.0003433803960917992 
7 7 7 | 0.13661631921696094 0.015513521662933544 -0.018312312394771088 0.04175836059059723 0.0007246614572798029 0.00682169721903043 -0.0003532206015143083 0.0001528497297840999 0.017759351899890793 
8 8 8 | 0.15795108983001138 0.046558606296112075 0.01839132680361937 -0.005557040365873718 -0.016652401104750483 0.007618580690181232 -0.003800519722135521 0.004802098899361855 -0.005970211042406591 
9 9 9 | 0.18449634248591607 -0.025628422980669478 0.017919274853977804 0.039515710114637045 0.005612692174111947 -0.009071675940778175 0.0067694125586448 0.0114291872197955 -0.003430055128153621 
10 10 10 | 0.15612619939931405 -0.017521980828265324 -0.04378657045298687 -0.019986213029195156 0.009399733718814715 0.004386867814722937 0.008085768382614815 -0.013692529245581871 0.00010181107217646715 
11 11 11 | 0.13573621357340326 0.022352285083308103 -0.010505725676995332 -0.04211735806965836 -0.002743238781400368 0.00926345438111567 0.005186102926442525 0.013085026129092889 -0.0031761641156080236 
12 12 12 | -0.3775314235248084 0.0963754981709002 -0.010899474694699075 -0.014996172064789417 -0.10494457060065775 0.04140041160183802 0.0037226210089601488 -0.01718520585631557 0.0052638673102801065 
13 13 13 | -0.38099413197080345 -0.09893890177755087 0.012053370051967202 0.008503656336080427 -0.1150959317538032 0.019773013063896533 0.0324842970674954 -0.007802709434086832 0.005000637174562735 
14 14 14 | 0.1188471550636625 -0.010623013956317382 -0.0398705200962118 -0.028660291593682198 0.0075366487553614695 -0.01367947797690071 -0.010023327643283113 -0.0010390886924617625 -0.0002867994437231542 
15 15 15 | 0.1369416670863982 -0.000524625577455543 -0.00260098682407696 0.0523906798295229 0.01200680913298744 0.0011019963738833807 0.005493329733576933 0.002606980757501879 -0.005759704557550482 
16 16 16 | 0.1281941246598518 0.00016344485051238635 0.04585280841181479 -0.020656265106867716 0.011500719225840016 0.008972602976889408 -0.0070941677450131815 -0.0041334345781963225 0.00477895865876694 
17 17 17 | 0.12874301105832076 0.008862581577696217 0.044556401279914955 0.02252891162658079 0.005118668530328741 -0.016119242742182866 -0.007663673532463677 -0.003239680039238062 -0.0014304748468103275 
18 18 18 | 0.12699311142961567 -0.0025159370017277267 -0.005630828925260872 -0.05058615074413694 0.01252280699682477 -0.0014960866465050285 0.011801722210343608 0.0061269700852333 -0.0028811453584566505 
19 19 19 | 0.1202806565211989 0.0038991945195364724 -0.03867241995432507 0.030710049411207974 0.01309185178808467 0.007696660926218472 -0.007981701623092325 -0.0058847061080695515 0.007698361978415204 
