-4.487114863360432	0.5037716630207998
-4.807010910192252	0.5224540636086982
-4.784271413302113	0.5199366268086169
-0.8992982598996196	0.3845920511211691
-0.90158667747586	0.3799847400476646
-0.862747194771655	0.3829401597664192
-0.8712548114764431	0.3852755853967793
-0.8585747790979433	0.3843518278628875
-0.8691825729008512	0.387589565314227
-0.8582912151138693	0.3846053039756721
-0.875987049407235	0.3880541978594642
-4.824299979583944	0.520216867908148
-4.694459938482976	0.5163448463380441
-4.493364829404909	0.5065160504395407
-3.956655933558708	0.48519072040021277
-4.275279120107273	0.49495825017375633
-4.638679319137143	0.5112805688727914
-4.51184764313115	0.5084104933691417
-6.977481057054471	0.39885248209676333
-0.8483518651853484	0.37719047500014824
-0.8617873426035391	0.37982155570814885
-0.5514396526320631	0.3467448370664008
-0.827207802491061	0.37377692275478236
-0.8546089786735395	0.3825254516802436
-0.8535305607123592	0.3824641667964849
-0.8578125036443391	0.37819446168462134
-0.8490016208925957	0.38340927063350805
