-4.864680525464357	0.524773860886584
-4.1152288452137356	0.49708032598998547
-4.598312267527525	0.5189131870626668
-4.046373416247261	0.48592073952838366
-5.713047891612511	0.4379421176178016
-5.979619460217833	0.46744276427068276
-0.5994514719366857	0.3503516023245626
-0.8865329266706404	0.38492671316917715
-0.8503338218373162	0.38281162438230615
-0.849279582785544	0.3826770614290033
-0.8585735011363462	0.38379378783905815
-0.859222891063124	0.3866958042279349
-5.098070841383603	0.5385502709218822
-3.3488059116783044	0.46319557558434776
-7.172993552745201	0.40907397827581005
-7.160558655987949	0.41412084191326204
-0.8408503885504219	0.38433191861850263
-0.8354549197481305	0.3822406490372364
-0.8317089290392081	0.38357524449188674
