number of atoms: 24
number of fields: 9
Multipoles
---
0 0 0 | -0.47411906951668836 0.06429446907512879 -0.01604310997609751 -0.0037005051726557545 -0.06266505250884588 0.09101852053138285 -0.009587028592592941 0.009303907332846065 -0.026078708710291953 
1 1 1 | -0.11864562711689874 -0.027586927202408 -0.011558231070655785 -0.026569825152272016 -0.08956903641366556 0.13300066651281692 0.06244886901489594 0.0749324687838659 -0.1638939159301099 
2 2 2 | -0.15354797240390816 -0.02906707598697 0.010372457000921579 0.006538846062395917 0.00047983869711327776 0.0597778734548929 -0.07020730649875512 0.15933754871481176 -0.14463190217125707 
3 3 3 | -0.21447651574491466 0.012605148907329004 0.0008794839750595776 -0.010587737013428774 -0.12175278064518145 0.07852876914060726 -0.10517526551579565 0.12292888593941213 -0.0626715879570402 
4 4 4 | 0.14936898579713365 -0.03184768741377892 0.01762559623702099 0.0008296846610115404 -0.029302802864101838 0.08658012327480193 -0.07796942443825541 0.17796793492567098 -0.14703171958084593 
5 5 5 | -0.12057860724887526 -0.010505198008172838 0.012002877985162879 0.026331049066632046 -0.13654356358497066 0.1099167826014281 -0.11127146516890317 0.08926559046898018 -0.06379741609396361 
6 6 6 | -0.2126906122577097 0.018317696237611716 0.006787051089378305 0.007948607481598563 -0.05834557290120022 0.12068043919684461 0.04981071982550658 0.09543698927559055 -0.14263792174402787 
7 7 7 | 0.15007781043384227 0.03854089787004185 -0.0007161788781699508 0.044257666145874903 0.00035543936714302316 -0.010693146804658967 -0.006567077480915127 -0.0107946855530968 0.004957954927344279 
8 8 8 | 0.1453877941324231 0.05102387424989362 -0.02173523875004338 -0.0026259091383039634 -0.004626616289386029 -0.001085912183993649 0.007023805852828696 -0.013593816877788016 0.010211145093581847 
9 9 9 | 0.13398427799755241 -0.012163799293570967 0.025803968851079065 0.04112611589750402 0.01348630497352231 -0.008150397583610969 0.01589815508879159 -0.0006628119092347924 -0.0012137449439225806 
10 10 10 | 0.13283299827506045 0.014415092190551246 -0.023706305255037627 -0.04687827587057339 0.013346521719841931 -0.007322614368785724 0.01125129977207477 -0.0038078071115689198 -0.00031355509014202885 
11 11 11 | 0.1440106995698286 -0.005120831748763654 -0.00799001400751351 0.04548817994478994 0.010990827066555834 -0.0014383622955643446 0.008503164343812732 0.011537431510539249 -0.005942774767882533 
12 12 12 | 0.1462404823358845 -0.019430731407748748 -0.03663942176834853 -0.02350114211321726 -0.0002225188566089897 -0.010656373708022863 -0.012780169891321727 0.004553526773196477 -0.003957302477031144 
13 13 13 | 0.14023912349685874 -0.030865621360148855 -0.002510361090466255 -0.04114243212533682 0.001924101339962197 -0.014279188822549346 -0.01251777074197525 -0.0024615776750755783 0.01152067709111164 
14 14 14 | 0.15318399816148864 0.003596858301313185 0.04391254398033079 -0.019867768645206327 0.011527293116302009 0.005353645789423822 -0.005947165721227919 -0.006514092815921521 0.0035783121865451285 
15 15 15 | -0.6772189547874259 0.02581419714030719 0.01810223462549769 0.008101283133517715 0.016837566642087003 -0.028132328034502923 0.09691951413548897 -0.03528233909563443 -0.06914599313640882 
16 16 16 | 0.8642528094364135 -0.003756035013476731 -0.051702126233414164 -0.02901173743985225 -0.0320464833366052 -0.04277318181682787 0.13380785674952372 -0.09393738918714412 -0.1268402433263679 
17 17 17 | -0.6340689704059592 0.07482392149039518 -0.015293038562205787 -0.04657383908258876 0.012100798956547636 -0.04042093208374237 0.0716841672580035 -0.12627876225771764 -0.1358681912024015 
18 18 18 | -0.9461047528468596 0.00241889162048472 0.013153910524561779 -0.02678072577524322 0.0034964650200794262 -0.020968579579379067 -0.0337552036865699 -0.018595083068919473 0.04519524555728555 
19 19 19 | 0.1793967069352589 0.0024870718001236084 -0.013323519687293972 0.04128824575031166 0.0008164554249337422 -0.0006885835160861568 0.005774300662091159 0.011933823940497431 0.002094011733767689 
20 20 20 | 0.17423922575070383 -0.03481877091562213 0.01744655592106652 -0.01947265897499335 -0.009132069796899742 0.00957999237594018 0.0024809819383258287 0.0007875887420266476 0.004897053470342409 
21 21 21 | 0.4237960271463669 0.0057730699989333245 -0.020727272206679317 -0.014601986491126467 0.009931876095878754 0.008466722722671592 -0.008844309808413204 0.0010863551829174165 -0.0005458081399677058 
22 22 22 | 0.4060097823848662 -0.019711019693542 0.00858213925566705 0.015679224150786264 -0.003403911989211791 0.010795838938644995 -0.002377770369899072 0.012902072765263244 0.011677677178730562 
23 23 23 | 0.20651625486660674 0.03426155297794271 0.026431566370117534 -0.004283087660561663 -0.003530812709962998 -0.009508616947486968 0.0004781357074788217 -0.0014654250224748248 0.004424606830861416 
