-4.385232417085604	0.5029761638085772
-4.882747379909987	0.5177119638133372
-4.6320009985576585	0.50668526527482
-4.987146772063703	0.5254862315115962
-3.6512685579122683	0.47188643994790597
-6.951191531416504	0.39975356968904363
-5.688317507865714	0.4379738840113849
-0.904418050236058	0.38034539589593813
-0.9110171909152294	0.38533263290593056
-0.8403743583856002	0.3793838890969259
-0.8802055576056345	0.3919713099003489
-0.8602439850012479	0.38369420587050923
-0.8709651632249406	0.3861558329671838
-0.7773747553250527	0.34631095252405164
-0.8320486973089518	0.3513729817553066
-0.8664649043507437	0.38428520896468066
-0.7863709472991316	0.37109875229027023
-0.8301047922386589	0.38232533139989344
-4.554032171756841	0.5039623551390892
-3.41301961980581	0.4571843025861096
-5.977346542408159	0.4480046116465735
-6.285049020883413	0.4570186277719534
-6.295299555983086	0.4574467801192147
-0.5999560067825663	0.33774251478242756
-0.5520569785133458	0.3293877407443369
-0.5526524805386638	0.3286023489683727
-0.5548528322698404	0.33009947712681814
-0.5524081246087522	0.32890848942677064
-0.8677163045390195	0.3805945917331073
-0.8591709375997938	0.37824010689404136
-0.823204788365415	0.3731296346782175
