-5.021134361901209	0.525224181028829
-3.493868975480436	0.46436399061164224
-6.988858937673277	0.4007996720653939
-6.32571901846688	0.4651781865686097
-0.8181424879630521	0.3776763848482967
-0.839222011135618	0.3811814659668771
-0.5735581585757693	0.33708546055997873
-0.591323662679109	0.3405048501498447
-0.7924872936227988	0.37259551860364526
-4.233910999156582	0.5016285025194459
-4.849245684366561	0.521543403482092
-6.973804521210642	0.40111092926249453
-0.9291344605868099	0.3851281538089875
-0.9542218577912016	0.39288551009797806
-0.8554777378006447	0.383189221733469
-0.6014708525781665	0.3628489802459169
-0.8295604046500995	0.37879721747336975
-0.8568120494974173	0.38554763591425173
