-4.727805437203435	0.5158666167133885
-4.740085264596533	0.5180840145770589
-0.8802794978830027	0.3864528292374484
-0.8781737460057175	0.3854635854764542
-0.8673477484148364	0.3826880820119204
-0.8746080103785286	0.38496825619644925
-0.8741793707320017	0.3870460480516403
-0.8754089294448316	0.3872745528664554
-4.784246679282886	0.5182954891857545
-4.0952063561206264	0.48304676250366446
-4.414602125349641	0.49668699790006815
-4.379150351619301	0.49887661173833137
-4.442775788605319	0.5096536881318748
-4.463397543243788	0.5064710791641138
-4.649348502743836	0.5135810223508469
-4.54215156230564	0.5107436218655429
-4.505773670545196	0.5071317471161327
-5.8006064236075225	0.44469854284574656
-0.870892988603003	0.3811957771466785
-0.8458491536434043	0.377795913708202
-0.8644926264388041	0.3807679880870692
-0.863291422510373	0.37935728388408596
-0.6466233255360012	0.35101127906662194
-0.8553988435548183	0.3814739569380902
-0.8581808365621741	0.3830611772480194
-0.8592357152674578	0.3823445802361242
-0.8559284764236026	0.38480883173257635
