number of atoms: 12
number of fields: 9
Multipoles
---
0 0 0 | -0.10759204273641565 -0.1345537431594412 -0.09306782564318275 0.07026894079916332 0.01678928363318642 0.08819133317660442 -0.10845281509479972 0.0024674803549063653 -0.05459814435804743 
1 1 1 | -0.6022385494925899 0.1413105353426078 0.028827968380207434 0.03737411607562976 0.08664497655076361 0.09462251704937973 0.0777164957292337 -0.09422688491423951 -0.05070438880189784 
2 2 2 | 0.4264339239413101 -0.014747719639922094 -0.0028633216559053897 -0.01910611182152596 0.002916264277508987 0.015824547371701685 -0.004525404740113854 -0.008601852151581746 -0.011355979575625208 
3 3 3 | 0.09072488165007953 0.005716408328683811 -0.016933920744548428 -0.060186243453619837 0.010081555727614199 0.019631117179510087 -0.0013259431511560013 0.009024328541108463 0.0006192633848784689 
4 4 4 | 0.09328023962959009 -0.018904009085808433 0.05677080174238124 0.02073394172040802 0.018144228686213244 0.005456310129587688 -0.015369054152457167 -0.004876790025450895 -0.0024525466582770027 
5 5 5 | 0.12684877821230944 0.036008919637423746 -0.03363776287329966 0.03907481546351161 0.005860865923255998 0.019800904370597387 -0.012759986537535677 0.006924521717428842 -0.012320561067578324 
6 6 6 | -0.06915488671126901 0.13901956643088723 -0.12135158390964998 -0.050242059990791864 0.0580723871085772 -0.08885174604244163 0.021772065602993444 0.018553947000919096 -0.007480718463466899 
7 7 7 | -0.6455974962534263 -0.04222076310210383 0.04961276970501267 0.12238981089558716 -0.0663112255065738 -0.10798349580322879 -0.1132113154284712 -0.1532680959419697 0.058459374807635786 
8 8 8 | 0.45705592337142686 0.0049004258627904015 -0.0020601423910393225 -0.021049632104473467 0.006906290704555095 -0.01343137206016834 -0.006267086076235392 0.0024280520549959488 0.0030057849370780077 
9 9 9 | 0.09522646105837584 -0.012957785917369652 -0.039849555544207146 0.04393269895559692 0.0025358556916422925 -0.02289397761455785 -0.002759252812484969 0.01542712476626054 0.01078339771744624 
10 10 10 | 0.06291502338500188 -0.039874438612459547 0.0031677350716962753 -0.047868707393112275 -0.004193091461922591 -0.006182600293630971 -0.014487711092454935 0.002790756454769246 0.016702146199096025 
11 11 11 | 0.07086779431421619 0.04375891892637308 0.04156293246277649 0.012976215572323842 0.020074323920605583 -0.017560617826369588 -0.013093193666514008 -0.0054772494963212445 -0.0016483501583516524 
