-4.73580193976175	0.5156776592270751
-4.743206243581959	0.51908298310303
-0.8787745338393351	0.3865025691308732
-0.8584726418113279	0.37850866917314024
-0.8688754078966512	0.38344323129777896
-0.8849037032054078	0.38826470772293575
-0.869666734240593	0.3862183662995996
-0.8731921432234745	0.38719318716781226
-4.838264878648637	0.5206174249056199
-4.2169753244539265	0.4927764408110629
-4.5659490871294865	0.5108077054016046
-4.562619517307488	0.5113264132424337
-4.477209493654086	0.5077074106917348
-4.483209456754146	0.5091359245833782
-4.509961647575084	0.5084500822969895
-0.849239237561578	0.38160902441304
-0.8447136403927098	0.3806205188520947
-0.8583189832436567	0.3788256638328071
-0.8556532704912945	0.3783079901437274
-0.8647532358763055	0.37929878185503474
-0.8617051966985763	0.3793368353744127
-0.860890694580783	0.3793184785190212
-0.846136611636345	0.38260973568698586
