-4.521363764888534	0.506568885871263
-4.79452564347541	0.5212443264835476
-4.791631263466572	0.5215615649508658
-0.8887236927481119	0.38441082654242786
-0.8784649715828711	0.37918467894511776
-0.8620922361532632	0.3836638953790059
-0.8711199183262424	0.385593588892933
-0.8599560284127478	0.38297704846560987
-0.8779557066216228	0.3874401198103598
-0.8632040418945687	0.3847507292588431
-0.8620859784327322	0.38413004487044317
-4.7515536010359325	0.5180766192198147
-4.742635127346348	0.5181459042968175
-0.8749547427173463	0.385615345685019
-0.8625875017425622	0.38061305298272885
-0.8712313077325774	0.3847337661635385
-0.8713571251220669	0.38391313381208175
-0.8695551074109836	0.38596733821274426
-0.8722947233963795	0.3865550846896674
