number of atoms: 16
number of fields: 9
Multipoles
---
0 0 0 | -0.37822029359819886 -0.028766281203310175 -0.011364984828154736 0.09970679811530002 0.053482959737325086 -0.005508523815947274 0.041690558387069455 0.11085965832283666 0.02643391807894408 
1 1 1 | -0.38568423168508037 0.02115334934509463 0.021203007160953552 -0.09655403582480279 0.04398332545661611 -0.008013650744861 0.060161616458334115 0.09437581038998573 0.021262703003233744 
2 2 2 | 0.12658765312001752 -0.032615866435699144 0.03873067234945724 -0.008551221636724607 -0.0001856201775668674 0.0025427971898707557 -0.012303763937235434 -0.007174723487235193 0.00467569919253451 
3 3 3 | 0.12539910904361984 0.04725688356245995 0.012126892175475624 0.01070476148225518 -0.014925766398310983 -0.0034063168604403053 0.003112079857039212 -0.010684100955504594 -0.0014541790701599684 
4 4 4 | 0.12325763753706376 -0.010762829655260686 -0.048099744423402174 -0.012601546477818254 0.0014053549677419844 0.002134838806962513 -0.006750913556467543 -0.0042663922098820665 -0.015377744052719038 
5 5 5 | 0.12641262559210487 0.038160568928297965 -0.03356717493547342 0.0025208861933341924 0.0004102335637985714 0.006250592233986022 -0.013935589477041769 -0.006670596776454549 0.010507012608639317 
6 6 6 | 0.12982243653154724 -0.044862769893649165 -0.020346260699606464 -0.013872824241580189 -0.014107004378974853 -0.00503770835226453 0.005485612596266518 -0.009245335514520071 0.0014006818525903364 
7 7 7 | 0.13129506765245935 0.010813268823173553 0.04803297365612099 0.013352749525059915 0.0017465683515256731 0.003762664535847635 -0.004813883289223507 -0.005903144859967755 -0.015892502753479056 
8 8 8 | -0.38568634161053694 0.08764091554531629 -0.03310661282042379 -0.04483211930553536 -0.08006597109039645 0.062504625936391 0.08023453177501184 0.005942435331914635 -0.041790419477918284 
9 9 9 | -0.38594858953483246 -0.08525340189908527 0.031153139816470034 0.0449511871013114 -0.06586454065079837 0.060239313402377606 0.07514394084777182 0.01075536612872028 -0.03121915472760081 
10 10 10 | 0.12618757181600326 0.024801538824241846 0.034968312662382484 0.025776619252727447 0.015026773465436067 -0.0016040903666658481 -0.004990723767753927 -0.0016136475904104288 -0.00838176947416887 
11 11 11 | 0.1241306942169802 -0.020844923828408947 0.012603283136848307 -0.043719801657591914 -0.0028575547418250914 0.0019524598004181588 -0.01651187642784317 -0.0030763956088388283 0.007752127457628408 
12 12 12 | 0.1349344287219424 -0.009369619856476703 -0.04532783160081234 0.02352877717809257 -0.0009204863782882461 -0.013477120643383467 0.0012747622480202437 -0.0013784357443265354 0.0034915766080114183 
13 13 13 | 0.1290665731535312 0.00402521027648706 0.04540755471381357 -0.02252255533233363 0.0034753017331423893 -0.014830455368872626 0.0038329470475690843 0.003411317080249323 0.010491989053474662 
14 14 14 | 0.12810056516154378 0.02168971056550983 -0.007619186383866205 0.045240354516180636 -0.0026858177640017213 0.002028156105338573 -0.016941651518938228 -0.0014210073494177224 0.0071878237933933895 
15 15 15 | 0.1285353889066133 -0.025294762163248604 -0.03632921409795951 -0.024579729446288813 0.015188605400989178 -0.0018994773851362882 -0.004519372254761432 -0.003235011160801424 -0.008823463507850656 
