-4.823052173296276	0.519990222788053
-4.490618778473282	0.5068235752462606
-4.273253157391561	0.4956180814700147
-4.698818550068431	0.5180943337557717
-3.96396509010998	0.48648342642569037
-4.515780972677094	0.5095077034596881
-4.638802968603294	0.5126904319116277
-6.9726370680680025	0.3982456108590555
-0.8610946582238344	0.37791978665671533
-0.8459460021587455	0.37909122376023685
-0.8551825605880585	0.38260269060604307
-0.8496768228048367	0.38114008343088934
-0.8547655575256718	0.3779388018165163
-0.5532459636850965	0.3469012367967792
-0.8304875371016673	0.3742363560417964
-0.85000786245992	0.38346066657207367
-4.4978272367549605	0.5044438671832561
-4.7902313630210696	0.5205233645942761
-4.805509723691783	0.52324108162005
-0.8920287648005277	0.38218533964795093
-0.8734478814733293	0.3764996195867572
-0.8654129005914232	0.38285659664919697
-0.8707148944817288	0.3854285603378617
-0.8744313178808474	0.38753149401828163
-0.8656651934567234	0.38538976876805453
-0.8672839487976128	0.38610640028820226
-0.8610004151603516	0.3850642087981534
