-4.86918466796237	0.5259581643248029
-4.104083228521506	0.496435682188282
-4.050773764876828	0.4868687408419809
-4.606734664375832	0.5210477425947221
-5.979211883697754	0.46736165548168074
-5.720945831465915	0.4396735214533116
-0.8634966188238077	0.3821223199276054
-0.5887783700317792	0.3472516889802011
-0.8534210571575883	0.3833180818423831
-0.8531635442149839	0.38394264041123094
-0.8612756717580918	0.3845624497558831
-0.8538585479812077	0.38563136480232857
-5.10178631892593	0.540807352120525
-3.373239137786615	0.4658179492907173
-7.176760631953987	0.4116616866030048
-7.147255596343917	0.4115438487480717
-0.8258928343102173	0.3806267286025
-0.829410838051865	0.3819692549388654
-0.8386534175229448	0.3849393770803673
