number of atoms: 21
number of fields: 9
Multipoles
---
0 0 0 | -0.6605094158257021 0.018296075835345024 -0.014814551139546411 0.01136371537575986 -0.043357446892319886 -0.0302233688767849 -0.08059529909923263 -0.006526238939361179 0.02222648646696551 
1 1 1 | 0.867700089097359 -0.042742566787219716 -0.015914586605328167 -0.03631788122117056 -0.055227463274048136 -0.13935535128620696 -0.08444503674004074 0.07098992538950157 0.11448635903069342 
2 2 2 | -0.6605886166672761 -0.05203258172753393 -0.045285508203273116 0.040163117271480725 -0.06615136883063445 -0.0748950721429617 -0.10050533116992183 0.06408671163227983 0.06572442220310626 
3 3 3 | -0.919279028053019 0.006080843534012134 -0.047183990978259566 -0.02485030570282542 -0.006788183063146429 0.05131422669981449 -0.022177746561340927 -0.023562209270848938 0.04608106109768444 
4 4 4 | 0.1927171463368863 -0.01632274547436559 0.02653969235951952 0.030835472383568326 0.009699004880850714 -0.0004217640905142088 6.356672827372684e-05 0.003844133873070628 -0.007626912460797342 
5 5 5 | 0.15174746004811968 0.023300102721425794 0.019345019708198914 -0.026335485439059773 0.0006723461902547417 -0.008074255316800323 0.014849960871160315 -0.0030868926159178496 0.00803129974536866 
6 6 6 | 0.42406426406056896 -0.021607293710594378 -0.009567713267498704 -0.011353222308486897 -0.00562901570148593 0.006649790920217493 -0.004387998294492751 -0.004140351019459831 -0.009065345872390091 
7 7 7 | 0.40188146428677485 0.021976704674015378 0.013287774179162532 -0.008158148566894285 0.0001912395587613987 0.002956988336491676 0.012457859344272803 -0.012117107301804462 -0.0060248823318385745 
8 8 8 | 0.2014101286165496 0.017561769038943777 -0.03744655398465354 0.014551915129111024 0.00246071328182483 0.008444053239844504 -0.0017910134918217246 -0.00045452708799654287 0.0057741120225079205 
9 9 9 | -0.4953196084801519 -0.013704644826769944 -0.028621323617937802 0.04989993463490521 0.016234342689670674 -0.03994787847372273 0.052432088742358114 -0.020178320488203637 0.0716701199462808 
10 10 10 | 0.2335317505052048 -0.021463311445678326 0.05334828933223632 -0.07582636103532125 0.0024114787316336897 -0.04027307140947389 -0.005419525202331222 0.01879248677003105 0.14016307559652647 
11 11 11 | 0.29503200466380086 0.10564011127482624 0.03660534215321954 0.028263205935779245 -0.04201618609794492 -0.12676575527083248 -0.010530319720062449 0.011918799088255543 0.10101767255033338 
12 12 12 | -0.24040385429183253 -0.03575732357451225 -0.09488265901963067 0.1060759828399181 -0.10004183196460009 -0.09161205594030722 -0.020475679463456308 -0.026478333480454995 -0.04812827314829254 
13 13 13 | -0.5537045523613573 -0.09752655499736866 -0.01823557110997093 -0.04752520002472692 -0.26700335433103184 -0.22748884036474684 -0.15090973514101783 0.01870250758630339 0.07125223136797243 
14 14 14 | -0.36228299184082857 0.010414011710445498 0.05501975506031893 -0.07321782922490017 -0.012986236130834777 -0.04207572918075244 -0.016499953222371862 0.003133569355725362 0.048993081158820874 
15 15 15 | 0.12703360744478664 0.03401839814362162 -0.01756023895156976 0.0693188150129426 0.014454447955114275 0.025545051224947317 0.010973499879413505 -0.006221911785972513 -0.013523124185861114 
16 16 16 | 0.360221581290152 -0.025248067299373643 -0.023938442538279016 0.015339627668195004 0.0005611286341131414 0.004066201202863055 0.015295735131854874 -0.012713038996841305 -0.011639297674431129 
17 17 17 | 0.16558230040064736 -0.03758538957601829 0.006895523141432858 -0.04623700242761513 -0.005680429895668143 0.013375071631636147 3.2227370021814826e-05 -0.008566267604903909 -0.025563453160298403 
18 18 18 | 0.15182613034043513 -0.01547035014343196 -0.02659028784915161 -0.036648570407831406 0.003808986098417896 0.0038804093607840763 -0.010297019301638101 0.010113736787120079 -0.005416136849298545 
19 19 19 | 0.1698633054648322 0.04694087061235647 -0.006383291467783887 0.008455912750355803 -0.014337640497332908 -0.0051156554159614885 -0.0007519185566516224 -0.0008444333667184621 -0.006148294687073234 
20 20 20 | 0.14733390409077363 -0.020092829963459177 0.04074673680929452 0.011304502259077195 0.002703157423552707 0.006144753681223268 -0.004306121545765154 -0.013412194011856914 -0.0035516829376885366 
