-4.756492026110915	0.5213551202091719
-4.756704690015742	0.5278847993706949
-3.4326754407565585	0.4732853449303414
-7.146018441729919	0.4146185139024399
-7.178425888143512	0.41813789483437963
-0.8732339506701787	0.38510710676937604
-0.8816322953874338	0.3873941395688089
-0.8653056473416205	0.388191259989387
-0.9191461154190774	0.39731945357457943
-0.8756513768961056	0.39016710855734427
-4.738673063262881	0.5165197789049519
-4.745889794331109	0.5203570312949105
-0.861318019269695	0.38253853737095217
-0.8510157810672595	0.3791377802772041
-0.8870200947812125	0.3885362137031694
-0.8688240803494236	0.38387262150665546
-0.8858442558023676	0.39015330258416
-0.8848025514345922	0.38978854183113515
