-4.735472486587985	0.516395280626463
-4.743704254806065	0.517734812018629
-0.8744243584867954	0.38369446773759075
-0.8704045500217101	0.38354986720438033
-0.8748037312728066	0.38535171363339976
-0.8717705354076455	0.3839186449931793
-0.8724978517561324	0.38437017658908956
-0.8728438044228528	0.3867555745834299
-4.500135826011241	0.5079256362571234
-4.800076429997092	0.5222994377093044
-4.782163153801664	0.5209830704164996
-0.8981462894475347	0.3856032668140847
-0.8946501157093678	0.3829920337279479
-0.8716121253095332	0.3854898818271018
-0.8693086743233641	0.38458981246662516
-0.859476541286228	0.38472681978732637
-0.8610121315014009	0.38521988018421516
-0.8650906694515389	0.3860930619236268
-0.870031395213896	0.38718639815951306
