-4.593086158574607	0.5052972442662693
-6.006267872061083	0.4444310950491132
-0.5474373027728826	0.3435311111484106
-0.6037930865731437	0.3354719930700549
-0.603110298709732	0.33592757719705246
-0.8261217156419104	0.3726964490109782
-0.8573104553391602	0.37909119757962934
-0.8380716735054471	0.3752320558127575
-5.064801800239501	0.5370730581299522
-3.3904723631057117	0.4708367875037262
-7.217875839967591	0.41455335890951506
-7.088612173361053	0.4112866147191459
-0.856206260991856	0.38775037057091233
-0.8286792283452048	0.3809744638069163
-0.8122242279414715	0.37712418655915214
