-4.836368042899736	0.5204421829381729
-4.519166788176428	0.5084192096994724
-4.478744585301928	0.5074530932062321
-4.485274769654966	0.5083442927102948
-4.5601158406274465	0.5101047272589864
-4.556678120125451	0.5096685102348689
-4.218932382664777	0.4924422233116104
-0.8474234577964312	0.3730196532280787
-0.8617901328930994	0.37836060954011336
-0.8667836084329402	0.3801778961124807
-0.858744119604823	0.3791081636014537
-0.857689360985325	0.37870747501133073
-0.8537335070885742	0.38227859296626265
-0.8506248769489075	0.3820411839447505
-0.8444161467373626	0.3827937955038308
-4.597959653784386	0.5098401050885155
-4.774126713102897	0.5198885310400061
-4.260231943986172	0.49389317502946445
-4.548269136829565	0.5099331870205174
-4.555170094045969	0.5102482438712382
-4.482518867298726	0.5078969158809237
-4.484018720614188	0.5082121404015326
-4.505163296354076	0.5081386793225237
-0.873713948573843	0.38115740254313507
-0.8777535106745131	0.3816585491406331
-0.8620509332673353	0.38296189718523527
-0.8576128488593006	0.37870983635141164
-0.8596601258045206	0.3797661012269483
-0.8621653631193976	0.37910530918435675
-0.8633708711161897	0.3792209266729248
-0.8627962768026999	0.3794182601567039
-0.864704148205798	0.38541549866143154
-0.8596035827539259	0.3841659819289753
