-4.488859135711622	0.5046353904335322
-4.7890357864052	0.5204504105943292
-4.804598061191133	0.5232838298225639
-0.8977512524061989	0.38283329182793346
-0.8816620833837632	0.3801543571858776
-0.8687287962798445	0.38462670387310727
-0.8763552622297334	0.38628896583890765
-0.8671008021263477	0.3853536226449863
-0.8744305281749633	0.3880341325318701
-0.8584845170166148	0.3847141884651615
-0.8638587919031032	0.38573097143031376
-5.0293567297996455	0.5254460862921615
-3.4815817033929672	0.46303919921685105
-7.009476781943884	0.4019567984539284
-6.303530761930479	0.4634840073731916
-0.8473844645963704	0.38157326750315906
-0.8013410202960151	0.37310041893847196
-0.5799150475780294	0.33849214228547303
-0.5989440924124098	0.34304661205655035
-0.8007886124028728	0.37595871017396537
