-4.838629295331507	0.5201824382734461
-4.480217811242243	0.5080842360887404
-4.5653319787241164	0.5105426401336269
-4.5211084130760675	0.5101071207565954
-4.213130273695939	0.4920413211980676
-4.476964201580201	0.5072083737045152
-4.559973420342822	0.509768451111362
-0.8583613877755039	0.37801426017014045
-0.8537057580557763	0.3774237630254997
-0.8619779349176702	0.379444444256097
-0.8638651712377838	0.3789487053740122
-0.8489790534391864	0.38180501355417107
-0.8520375003705773	0.38139931620514395
-0.857164791494137	0.37929811415103715
-0.8451047181329365	0.3829839548492667
-4.294804466382088	0.49820006525563487
-4.814861105934624	0.5229668117339185
-4.823393605086387	0.5212101698893032
-4.828725241522008	0.5232023401981409
-0.8955411002747973	0.37900287909985164
-0.8702301627524237	0.3844176288914588
-0.8669909778293874	0.3858496429577619
-0.8496253086090969	0.37966627237664624
-0.8606948522352096	0.38196977064870064
-0.8623160885897627	0.38166731388662034
-0.8595214754951617	0.383136234048235
-0.8684939606926454	0.3876119681458906
-0.8605332744933947	0.38593112530632595
-0.8681817634713578	0.387382413688669
