number of atoms: 23
number of fields: 9
Multipoles
---
0 0 0 | -0.3696238442198192 -0.019302120343714504 0.08111342192980203 -0.034050005962896084 0.022534002217212662 0.0679282783448438 -0.02430181300346484 -0.033402180182803005 0.04702803076528681 
1 1 1 | -0.38860417432387173 0.04188383294373672 -0.08526940157000255 0.03349285375098753 0.04812033296066056 0.04809099246976525 -0.013422514650827593 -0.07293873388117822 0.07627672599986524 
2 2 2 | 0.12092113405788896 0.03095356610721243 0.016757101987228244 0.03542484228344792 -0.008775509231328426 -0.00013048414712536904 -0.007846946146957683 0.01490533338372143 -0.0025264817327194642 
3 3 3 | 0.13691268658181766 -0.04599756409794013 -0.017369900225721584 0.015187546690339749 -0.0030028024916607713 -0.008119216146805854 0.0024039089218799007 0.0076325724234714235 -0.005307249070738311 
4 4 4 | 0.13086277862901308 0.016830657805691644 -0.019617975821567282 -0.04305747886082181 -0.005897133278738642 0.002242671741539415 0.0062962003947405615 0.003960228628035228 -0.015789780568313018 
5 5 5 | 0.12299880227137949 -0.013808280644282847 0.015148680576360537 0.045720107095092964 -0.0009616424610198505 0.003453719939128488 0.005839981032544637 -0.0004053168037061926 -0.01824230938412512 
6 6 6 | 0.12387990405300986 -0.03598420711784189 -0.024356604040594636 -0.02619031557671834 -0.00884037039756432 0.0013628667768232278 -0.011145912235621619 0.013716395036485071 -0.0007660302759855556 
7 7 7 | 0.1269908073524154 0.042366629504005125 0.015725684697260794 -0.021059079831661477 -0.0014923565965146832 -0.015161408200519403 0.007904717596419633 0.0049545680155412275 0.001091794536801246 
8 8 8 | -0.48389288210749193 0.05261279123894351 -0.03035652516991123 -0.024299381058877273 -0.05882163386819732 0.00022737491140751052 0.06567997100708757 0.04918302284774842 -0.0189636199986008 
9 9 9 | -0.20283395793749293 0.007081485616590618 -0.010191241412774958 -0.01414840033702349 -0.18127165118664595 0.033715827175035844 -0.03798765136745639 0.08983818235878348 -0.09152621991925634 
10 10 10 | 0.14523512718283182 -0.03019401591203151 0.00016855448480414796 0.02000817292853758 -0.08937382525261135 0.004697944639057035 -0.08242263536801674 0.1735640971476052 -0.14622807687443062 
11 11 11 | -0.1231198595522276 -0.029746404727414584 -5.890268583260391e-05 -0.012788406844983375 -0.05054619815919271 0.046302283879387 0.07724362496460702 0.1549085799536324 -0.1378649406530259 
12 12 12 | -0.16075295599521677 -0.028606105471824204 0.006581132916164336 0.015098205095638636 -0.05236623426668032 -0.016862958716146237 -0.1008241424023091 0.1554584952404205 -0.11896039532783657 
13 13 13 | -0.20138773654780717 0.01437431062067212 -0.007984787694497873 0.002892980665951368 -0.039003976981310036 0.053635454414204586 0.04472925953394105 0.15189135425217035 -0.1478283273058764 
14 14 14 | -0.12571309660302266 0.00015617059128260308 0.010194249121360162 0.03374001169575073 -0.1947364097618395 0.029511513137389346 0.0062789836231541725 0.08761671072965518 -0.07782066096734261 
15 15 15 | 0.1425876633376867 0.0030310603711100276 0.0162529136024768 0.04927201452923091 0.02122333919588028 6.34133522351557e-05 0.0013257672699117401 -0.002419155082573762 0.00037287322103002373 
16 16 16 | 0.13594936170999417 0.04966086133165084 0.005275371399752023 0.024373861865750142 -0.0004809349650791969 -0.005028430984293388 -0.010854679906913266 -0.0107824536727268 0.010097493987112615 
17 17 17 | 0.14696944791736832 -0.02159456898666679 0.01500674396175546 -0.03861698483723978 -0.004632176950399075 -0.0009039776803032524 -0.017096022579440727 0.0017975578519264291 0.0032923945625986475 
18 18 18 | 0.14846317946983278 0.018211184391123937 0.038982706587248825 0.019694701757896102 0.013014139688834823 -0.00213476630990051 -0.004307836574978168 0.002315725822493631 -0.009890030218787324 
19 19 19 | 0.1381072704773343 0.04607144840583228 -0.014024950872234768 -0.02560331845676728 0.0015293842626991428 0.0035310308636466196 0.013004584392851131 -0.01138374944422553 0.009175261250905706 
20 20 20 | 0.14248111148420572 -0.044453613456532655 -0.008054745965738934 -0.02499053968610648 -0.004614662001697823 -0.002748552552263399 -0.011581287786418175 -0.013031444397905143 0.010481011126468362 
21 21 21 | 0.13310173652814195 -0.0012399550496674783 -0.020888851815290512 -0.05118416893861713 0.019298736695994988 -0.0028094062376995362 -0.0004618873856957788 -0.002377977982572088 0.0026566663793498157 
22 22 22 | 0.15832289242357445 -0.01255117138587657 -0.039551200946368686 0.02362117690809243 0.003931101546005496 -0.012797279338420795 0.0013959569406481478 0.003364464866858954 0.0076516929290085375 
