number of atoms: 20
number of fields: 9
Multipoles
---
0 0 0 | -0.7063139417714766 0.01277475365247537 -0.0012601034550635902 -0.010470205858981603 -0.01247848853745451 -0.01850178549059179 0.012442345432975612 0.058109623111010415 0.13413011854940537 
1 1 1 | 0.9543086980023663 -0.008283552629263847 -0.052576662444682 0.030881833938575465 -0.054417525210579576 -0.007647307890746975 0.004449479784363222 0.04932541194037097 0.19472874760109174 
2 2 2 | -0.8141056262936583 0.050668749721985526 -0.04739908913090767 -0.006318322158782509 -0.09537973227865881 -0.04421199165885104 0.034686115521774086 -0.023011809045619773 0.04119747493937547 
3 3 3 | -0.8266663276544914 -0.046146294914387626 -0.044201632130345885 -0.02846466590339863 -0.06538933264261983 0.04021461052850668 -0.06308767227443736 -0.02500796577056003 0.05014949663028958 
4 4 4 | 0.17405834845732682 -0.020306968571918965 0.03178851489815283 0.014078096042685772 0.001522078113883041 0.012315209159283766 -0.0018582247035816445 -0.01115135594659017 -0.0006920012873040759 
5 5 5 | 0.1833712077084132 -0.016827895296699952 -0.02392956495260138 -0.028729837022659674 0.004013114823996104 0.0003841021428892664 -0.009262383112280712 0.011778857539462338 -0.0060490138326599165 
6 6 6 | 0.17176040774177181 0.03946998438229816 0.005837204555559268 0.0007303031704020387 -0.01579041730361834 -0.007402671624959224 0.006277947922079938 0.0005464092224230039 0.00012803765977150399 
7 7 7 | -0.1777595026458636 -0.10929025654169186 0.0730888916061316 -0.09616959192759209 -0.00562285496106828 -0.06098963735269374 0.08114168565758981 -0.031002960971342145 0.043667578012749224 
8 8 8 | 0.9567012157200834 -0.020032748573596607 -0.011989184145931767 0.01503371290471539 -0.0712755227280549 0.018319199783680126 0.02550071205030877 0.0567636371915692 0.07419133549566105 
9 9 9 | -0.5842842515169488 0.11727010530931198 -0.06994615526217361 0.04806536353336436 -0.017996196251041152 -0.002720672311326076 0.027756560132719158 0.018404608996036707 0.03537052759408183 
10 10 10 | -0.9523305993299154 0.0003921657190804061 -0.0020222051687521034 -0.011456368729104244 0.04662513575195084 -0.02875188670433398 -0.01849847673248356 -0.03019463018192208 -0.039378104894029015 
11 11 11 | -0.938830275588602 -0.020701207640277972 -0.0054180733033193295 -0.02515636239461159 0.03431565164559606 -0.011137790008617468 0.03436449656160258 -0.02077654572078319 -0.012242096363675299 
12 12 12 | 0.43024659664506126 0.010273108325837972 0.012144687080226719 -0.02502497465070264 0.02139399282566156 -0.009019985971805849 0.003908607026758028 0.004174966187797063 -0.0005327361318840414 
13 13 13 | 0.1157457277714059 -0.01147280265783049 -0.05670567332784695 -0.023267503694030047 0.009760615113744148 -0.003803468824646961 0.02073716868672895 -0.00820980231932286 0.004431703359058653 
14 14 14 | 0.09440589860846016 -0.006753271980438244 0.027296916768135806 0.05143017004860462 0.009313031941051701 -0.01961329160973994 0.01717349033015799 0.007658248725071742 -0.00275183320990091 
15 15 15 | 0.4282278625173854 0.02004890456733713 -0.012290033417043194 0.013197434685002177 0.0013735323106226311 0.0007495646165010167 -0.012677040246604142 -0.010239967306506007 -0.011212367429424814 
16 16 16 | 0.42611158957316353 -0.02508014122591534 -0.00012768722602334647 0.0095287318344715 -0.0023371586780443245 -0.004449020541384892 0.003517757476270351 -0.009923353766801564 -0.01475800440661104 
17 17 17 | 0.48572288685249954 0.0017784019731910583 0.008115173887485994 -0.022019881494017263 0.014553897853278569 -0.005496383526286361 0.009098928271412196 0.0018106820680625724 0.0002593469811095792 
18 18 18 | 0.40865600091772625 -0.02669763911845911 0.0022842924677684926 0.003033611598007739 0.0005121315026522356 -0.007229263720695993 0.008687926880246553 -0.010136469461581702 -0.014885034440813679 
19 19 19 | 0.16918611507201908 0.049956197104052066 0.023472233406971587 -0.029036555230806654 0.003252105457272634 -0.010231625768990884 0.011070691217262398 -0.002094518639685826 -0.009711498560275702 
