number of atoms: 32
number of fields: 9
Multipoles
---
0 0 0 | -0.42484568751619367 0.0290986906245691 -0.06877101993304892 0.024866275890935808 -0.050886301966536526 0.011912191658088442 -0.09682303467932774 -0.01047945025694078 0.008534905330188889 
1 1 1 | 0.2476879363593838 0.0418939019434902 -0.028680783295272804 -0.06924950493903925 0.009403513272887453 0.11449596294511649 -0.02506071768311698 0.03186854714764068 0.16746136295194886 
2 2 2 | -0.04394160859495422 -0.05091868513831137 -0.012764799392880364 -0.022793322764856506 -0.08029462048440505 0.09110496806474627 0.16073174818074878 0.06673238536776786 0.12333772763483773 
3 3 3 | -0.03326214094151325 -0.10022470267291249 0.011751322680049952 -0.03271485868458273 -0.05527759661562357 0.10888311918028495 0.05144237983685275 0.03983895352006626 0.14063678237345492 
4 4 4 | -0.10470227854636338 0.03890194642413465 -0.12610167133817726 0.027931473629046074 -0.08658428475639683 0.041726406004296335 0.13707550541591934 0.017754641992973073 0.024692659906436258 
5 5 5 | -0.2998768311573716 -0.04005886445002632 -0.050697451894854736 -0.02030875750315466 -0.025770626313789718 0.044463327754265335 0.10250775906022455 0.09992535834036316 0.125316361845499 
6 6 6 | -0.12409659333128165 -0.024692427364486035 -0.018235922555079293 -0.05928632328140744 -0.12070423358561276 0.12115372461295641 0.07767800135585011 0.038384363347461245 0.06914298360898607 
7 7 7 | -0.16859423673635376 0.004741730520882729 -0.04345033850856364 -0.034132540255998024 -0.025396000801516626 0.07458574591595878 0.12902316381996243 0.06412623119623378 0.12699554660630624 
8 8 8 | -0.18418760620500496 0.013937471114909611 -0.04169928947400106 -0.037421493588425066 -0.006128998964199367 0.13738647004389393 -0.011151992374240605 0.027077748581316678 0.17565367557618633 
9 9 9 | -0.4289852676861603 -0.07539016959549302 0.007263929844310577 -0.03077857942431322 -0.061194537056498875 0.03683583695622128 0.012608409055424223 -0.008469083552015824 -0.007362791627120266 
10 10 10 | 0.358684805583087 0.03173741193612713 -0.020457280080357756 -0.0059646041582922735 -0.004952295390157143 -0.007623104629037875 -0.012530073580790385 -0.010106536461927811 -0.020210335084790847 
11 11 11 | 0.16327124082334876 0.033645205523050746 -0.03724842191117223 0.01312667979855776 -0.006607319323489554 0.0005830112250922977 -0.010761225285220973 -0.008578401535168086 -0.013306284939347917 
12 12 12 | 0.15528416875639417 0.018562976941333752 0.018352593288441847 -0.05906962845397408 0.004290685011774835 -0.021327048045784176 0.0010267361096164746 -0.003782262505228008 -0.017629287484752534 
13 13 13 | 0.1533913635508405 -0.004205073883053346 -0.035881326745558446 0.045671610485856634 0.012686259595326127 -0.012549982164841936 -0.00981131027222497 -0.000309969975795007 -0.003484131448357119 
14 14 14 | 0.15276091718294493 -0.04835778486753285 0.021525766451052336 -0.01867293509566665 0.003104731610069668 0.001136891135447196 -0.013416512226940855 -0.014737671941978 -0.010220972328312115 
15 15 15 | 0.1434790315811424 0.03243499376252403 0.02118547080577486 -0.028523998350562667 0.0019627614995939126 -0.015531527501403724 0.006744458737332412 0.0029758700851704057 0.0022055635272342643 
16 16 16 | 0.13669507048758645 -0.019603105395495368 0.02076855698346903 0.03824322950511671 -0.0018999178411600026 -0.0007680621655481288 0.010796037952871668 -0.0015008120591717953 -0.015822816412381334 
17 17 17 | 0.15814044143702521 -0.04611591696550461 -0.0031163931100808995 0.032831253808444226 -0.00016118553462246885 -0.011166397375720663 0.004506114584286172 -0.0009720032636984412 -0.014965239355227847 
18 18 18 | 0.1717849672237597 -0.029712162027397702 -0.033646884387772066 -0.02470315939968788 -0.00792815416526436 -0.006659588471052987 -0.0047292701599590745 0.007865510386983942 -0.005608062807516269 
19 19 19 | -0.1692199058746402 0.0906523229065303 0.018040457914119318 -0.11745845827602969 -0.00905847047280545 0.0289372705264906 -0.12999630318627237 -0.03642489248263213 -0.05739408324794237 
20 20 20 | 0.9556104295340724 0.019856892401991455 -0.016231775759260308 0.003322573200820794 -0.013406980856096566 0.101139663664519 0.03466996614036176 0.012464391481420463 0.08056439911824416 
21 21 21 | -0.5788946595214055 -0.10371341399432522 -0.02645736910313977 0.11316920753592219 -0.025159870096302838 0.0008105205341385535 0.047565519773551265 0.012832407991274037 -0.0008434288548722186 
22 22 22 | -0.8975982642134657 0.0022325273720120325 -0.006363658647417107 0.011473355964919468 0.012966794508266152 -0.016054519030901212 -0.0063521942828135055 0.0041683323325819085 -0.030228605939474292 
23 23 23 | -0.9262116675044973 0.027391965463744127 0.0073267565302069125 -0.010406652208390262 -0.013350637504586826 -0.00025441091123576084 -0.015054679542369567 -0.026020082117580046 -0.044390932461644834 
24 24 24 | 0.3963790611475392 -0.017020041109365433 0.02425798700276935 -0.019259751302726662 0.009922543129943982 -0.009749303565088548 -0.013982583754037289 -0.004423691067189065 -0.00256711614292348 
25 25 25 | 0.44062931982487596 -0.01350988193634038 -0.009266231231936253 0.02245062358196048 0.0004443151810285797 -0.011714190535932454 0.003972749733812946 0.001433322480732561 -0.009904748342107363 
26 26 26 | 0.43374781506592797 0.02518421211969327 -0.013512127849640251 -0.0023166303234882896 -0.003322100385395346 -0.004284038532625033 -0.0032474224105098932 -0.004347842557945837 -0.01625802945174033 
27 27 27 | 0.4412101835576322 -0.009321731906634495 0.01792540833811972 -0.019544651324031395 0.004563015960620922 -0.004990957992822016 -0.013026775007506831 -0.006301048078322317 -0.004461436123025882 
28 28 28 | 0.4423085012742578 0.024493154729232372 -0.011060422195430162 -0.007241249706174682 -0.0035701972113750405 -0.0027609274834641136 -0.006088077274906617 -0.008285396356064947 -0.01332086182029077 
29 29 29 | 0.13348962826903987 0.001143560104054096 -0.05095306049273359 0.03485957593159462 -0.002719215347064017 0.0040412078273397685 -0.024236747934814135 -0.013883876912166011 -0.0071706626524107135 
30 30 30 | 0.15551879426514859 -0.05522067580795942 -0.013098328894860654 -0.026236663917539118 -0.002326434003651264 0.0019672704721645138 -0.013908797890208604 -0.015080555320581224 -0.006609272545849315 
31 31 31 | 0.1425155781266806 -0.0063683373056517565 0.05405416914678928 0.03456391356020862 -0.0020774290770964945 0.009621802927133764 -0.020228695158732147 -0.0032166438613506557 -0.007252283613349458 
