-5.0433506054774035	0.523100549411246
-3.445389808133499	0.46085275036214535
-7.096407053492383	0.40506541434442517
-6.2930021739079605	0.4603494721415395
-0.810040506918523	0.3749445519818734
-0.794634800268865	0.37203910673771995
-0.5712129101489843	0.33522919069195484
-0.5697810817652725	0.3332422296678796
-0.7966508010104082	0.37340730924124776
-4.387134697632901	0.498298108537887
-4.85452895333101	0.5160104936226937
-6.018108474935001	0.4445117266620405
-0.8475931091515824	0.3739917285468598
-0.846065259263325	0.37286904503302737
-0.8395808515323183	0.37831117635563555
-0.8397606000953667	0.3780024911641828
-0.5885697453888717	0.33308180862182635
-0.5609937898560153	0.33457457091296355
-0.5873731226442519	0.33188038150706534
-0.8002193222822038	0.37187921775563665
