-4.728563075010789	0.5158365963678679
-4.741820127674827	0.5178979385905274
-0.8729731980655745	0.3825886143386345
-0.8774153680395917	0.38595595468565175
-0.8809226524421133	0.38636308236444905
-0.873298438800679	0.38401637893816004
-0.8711062369842604	0.38638224349634903
-0.8738158895534752	0.3869953115587504
-4.4837313267444	0.5043338806173235
-4.794378767924609	0.5212970547154666
-4.802308951179448	0.5214738021564836
-0.8984031793271801	0.3850752914786066
-0.8966995782886078	0.3817088358185903
-0.8689171362566482	0.38446609837795737
-0.8640619812200057	0.38383882339880065
-0.8646943302948104	0.3838154390645081
-0.8637092495800406	0.38591223986079465
-0.8698820661462082	0.3872448753167395
-0.865947660114032	0.38624571030142024
