-4.741979106352085	0.5172106013501842
-4.742781141900399	0.5180677007389104
-0.87426083773982	0.38518192971283544
-0.8725255320756208	0.38314490093267267
-0.8706757493335348	0.3838290702102263
-0.8756540753971175	0.385090399353894
-0.864838769755045	0.3848169305114612
-0.874921477143222	0.38710451910865573
-4.835442657351338	0.5198854565398086
-4.477276335736922	0.5068321802993349
-4.55975245408561	0.508748401988009
-4.513712920617269	0.5090046443689215
-4.217224712405639	0.49172464005931527
-4.480105473083999	0.5074902924628568
-4.559252018541406	0.5097269244190781
-0.8632410454604308	0.3792584392810578
-0.8560854781366253	0.3771271116968641
-0.8643755063995748	0.3805313398276277
-0.8636609673432115	0.37956505097439663
-0.8472653654001779	0.38037617127533857
-0.8548608689021955	0.3826097758502726
-0.860835383628551	0.3799968982446708
-0.8466615026342977	0.38316877647582226
