number of atoms: 19
number of fields: 9
Multipoles
---
0 0 0 | -0.1255239006727198 -0.05384704402881134 -0.0613760116457585 -0.012586831717765517 -0.04284267150601021 -0.015870219106737114 0.04284109787524121 -0.07557161330244976 -0.05580495274621247 
1 1 1 | -0.44525643398219295 -0.030315159657215002 0.06122745287202752 0.03631633173916109 0.05233448135125685 0.004882803212883109 -0.0038644462213883366 -0.08413363245131127 -0.06139954666284842 
2 2 2 | -0.44015778515755866 0.07256562628812703 -0.01805125468086657 -0.02381688294084141 -0.10753978174549389 -0.027901536738445604 0.02847130599139736 -0.001660509077276478 0.0051430934243129525 
3 3 3 | 0.10531520254424132 0.0219713547070446 -0.002093080570910749 0.0478504771064589 0.006892031605285803 -0.007527529378074172 -0.015394678683647163 0.013197918299407741 0.0003751728504824168 
4 4 4 | 0.10040097317308139 0.002657346339557907 0.028921486318027382 -0.04353816901904264 0.012221732736256116 -0.01410686898961684 0.0011922515651680969 -0.0008313997290744473 0.018918723998947454 
5 5 5 | 0.13358805700554 -0.02687608066718462 0.009209461999441488 -0.038128147701433204 -0.0029383169448539154 -0.010889136467037182 -0.011531431985116676 0.012673767027832239 -0.005937336196389197 
6 6 6 | 0.135449111145861 -0.014037939045007032 -0.01863770930232687 -0.03985897446273855 0.0059854289504631085 -0.008787647802097204 -0.016815751926123102 0.0025817803572731686 -0.006260115410608749 
7 7 7 | 0.13459220858865806 0.004322239168615876 -0.027806964807334945 0.038170193750721164 0.013156510813219537 -0.0089192710190084 0.006184407520097758 0.0018798636908094407 0.008869206673227843 
8 8 8 | 0.13870820543649964 -0.014528004260517695 -0.025344011085434052 0.0368831885819892 0.0019089725274446423 -0.009761842445747555 -0.0005682204397688711 -0.0017809126137274698 0.01679862422608147 
9 9 9 | 0.13261549602400236 0.04674012087907792 0.011156487406064721 -0.006805222402756284 -0.01505654025123518 0.005188201107002925 0.005158460028747783 0.005338437882615897 0.0032445979800739015 
10 10 10 | 0.1325224231621851 0.0003440049613812858 0.048559229206172214 0.005188503264459726 0.009697650758367007 0.011102972164606381 0.0004378741241093055 -0.007665911797623683 -0.00429654157814263 
11 11 11 | -0.3745417731019538 0.0938534030653391 -0.0006054444875560217 -0.029750768081655915 -0.0873017540608867 0.028057040907486935 0.07155669221294142 0.017230552483285918 -0.016286001026459607 
12 12 12 | -0.3829779860539997 -0.09294117376103454 0.0067402171294775395 0.03829593742898109 -0.1089843156023793 -0.004980691387935329 0.056814884058538524 0.010605233410752446 8.654315097815778e-05 
13 13 13 | 0.12717768466952162 -0.01739394668200229 0.0163778920860836 -0.044373523791968184 0.0039616084865643445 0.008519850407608878 -0.015684615261208866 -0.0004851130812174114 0.0007698260009354149 
14 14 14 | 0.12218286805028888 -0.001242819691813546 -0.04847918736673906 0.01054119380783725 0.012998078312548712 -0.011395001427186495 -0.0014349902418365047 -0.0047552444594941455 0.004803125165575332 
15 15 15 | 0.12374679313914083 0.01155042844034576 0.03051398787902601 0.03849920594089013 0.014665361111375072 0.005401856674146487 0.0037752207110108996 0.002747620304373027 -0.008051646913760552 
16 16 16 | 0.12742320655261352 -0.015481269534851284 -0.022717447767993462 -0.04152576198692975 0.014014482476354053 0.003911540606099335 0.002757649086156007 0.007066008952537568 -0.007082912020309291 
17 17 17 | 0.12738048672864388 0.003658362951123067 0.05087633500642246 -6.008878299206133e-05 0.007628185537421319 -0.015500766691036982 -0.0033366966311402808 -0.005222702674755501 0.004046029798873057 
18 18 18 | 0.12585115962432625 0.015266054332346138 -0.03157319519748346 0.036561646574401606 0.002166534050390116 0.007955011154401224 -0.01609430745517511 -0.0026200524372686075 0.002801846624787676 
