-4.83736480107888	0.5204411328784571
-4.4898537995718595	0.5081218229727011
-4.557706360318504	0.5098289474164109
-4.513215022086049	0.5088906304121018
-4.225751358507348	0.4931502851630661
-4.480204124137671	0.5068374788069963
-4.552919146268531	0.5084879438165592
-0.8582085927857179	0.37824542954594964
-0.8552381955744415	0.3776229106185674
-0.8628713532798473	0.3796528437564188
-0.8653603199204069	0.3797642735952553
-0.8508010614009236	0.38151103272282455
-0.8502758323313148	0.38142299953605113
-0.8585704768482776	0.3791629162879387
-0.8429682761532143	0.38246124659226005
-4.508019618868286	0.5053364891500396
-4.794048483114581	0.5223425594057898
-4.785324832283104	0.5214533141533781
-0.9032936897603723	0.38618999751389954
-0.8590159161133905	0.37228954307073536
-0.8679593498360809	0.38559285378260433
-0.8764729865566604	0.38600583858349946
-0.8670563080960996	0.3863506622276629
-0.867744279814048	0.3866875976745051
-0.8683050896402059	0.3867824940041047
-0.8714139829383722	0.38716587144257497
