-4.586293678000886	0.5078292731464429
-4.77595918332481	0.5200669837800587
-4.251460590070725	0.4922397084498157
-4.553765242340648	0.5095505085264257
-4.554420854715332	0.5099508088937283
-4.477695011197413	0.506765412780309
-4.485673335668534	0.5096607020982712
-4.513371068291058	0.5098505319698673
-0.8731515894246273	0.3790174448669462
-0.8774793649107802	0.3820553967244419
-0.8607434676024277	0.38266428227341703
-0.8615448220553086	0.37971667825884897
-0.8586612594270777	0.3793808202519763
-0.8645673285377422	0.3794347720261085
-0.8614922254592595	0.379188424968503
-0.8605572025715703	0.3793184917432098
-0.8609178403977277	0.3847014511410312
-0.8726948641696844	0.3871612994487474
-4.493201548250265	0.5058160908063482
-4.785460964516697	0.5212145950821042
-4.795226507563809	0.520657547066714
-0.8942005366887549	0.3840696049789294
-0.8970741731987614	0.38427340067035193
-0.8689639581307886	0.3851404697868097
-0.862168847357605	0.38246301246959935
-0.8744338796583436	0.38585744247820486
-0.8681040052785092	0.3847280923062828
-0.8717711453044948	0.3875116955765969
-0.8648833260606075	0.38615153276033987
