number of atoms: 18
number of fields: 9
Multipoles
---
0 0 0 | -0.49882773557238025 -0.04442927724448171 -0.026717274109663028 -0.020876655826817345 -0.08199098509867317 -0.14990877929699375 -0.0874612869185754 -0.007101047976094317 -0.057613379404328556 
1 1 1 | -0.43500173378517903 0.038931855069344434 -0.039870981494015065 -0.050147534014191794 -0.03582721620362026 0.10752514772298034 0.09721794795811532 -0.03626430468474632 -0.030427356341329617 
2 2 2 | -0.10878821003073824 0.013238702536513984 0.0985141306069957 0.06897321988459218 0.763088924629623 0.01170017764755738 -0.12231217959558219 0.0915720279823194 0.4384513755299385 
3 3 3 | 0.15847232437507153 -0.010697409880296865 -0.020523721416783342 0.03974489686435933 0.00607008562263956 0.010697640707003625 -0.013368424445154993 0.021795123424847056 -0.014008012843049542 
4 4 4 | 0.21155636287468504 0.031997854107042464 -0.021102907411153088 -0.029656973939365505 -0.003087677729217474 0.007469296945955281 -0.00038426226017462513 -0.0018034625271378555 0.007004993790474005 
5 5 5 | 0.17211891028407655 -0.019068503593026538 0.037110551307853464 -0.01731192615776718 0.013419134308029605 -0.0074425228384714754 0.010628359926866508 -0.02017922913962858 -0.0029480285607735154 
6 6 6 | 0.15956439247569065 0.027597170221765974 0.006526983931887143 0.03756040588091453 0.00986284129516725 -0.009980069462432437 -0.008243571258728663 0.010869578309291144 -0.009792606525213104 
7 7 7 | 0.1745755073067956 -0.03000134596646357 -0.0413031444038199 0.008272593540747431 -0.014787500428909065 -0.00602833028143635 0.0020165703157384624 0.004409518752427645 0.006927858959488425 
8 8 8 | 0.1600394893295769 -0.0032484065969814162 0.03647781639046132 -0.03631584099198454 0.000595227422548842 0.008758115196308987 -0.009322989753864766 -0.018319596762593943 0.0008849966409611 
9 9 9 | 0.11709045806094309 0.011198658486758916 0.15798913205953416 -0.04076661141077399 -0.013917007133935852 0.0680480842606594 -0.10528732815946398 0.1089003355349023 0.03597700874719648 
10 10 10 | -0.49423435587749065 0.03144231784946813 0.015597383633483952 0.04029218956629369 0.039524956553332616 0.055598269893547846 -0.03652028816666913 0.07545012950301443 0.03965569361922319 
11 11 11 | -0.6150160919111602 -0.07137559590019177 -0.04598554920833632 -0.11259101577944797 -0.09188582164985304 0.06072717482656385 0.1890155823631101 -0.046605978430610706 0.05821340478078731 
12 12 12 | 0.04979542527602565 -0.04503358625591952 -0.018663245633839847 0.04304730071450792 -0.003952360900710651 0.01231839013781781 0.011617107133855588 0.0066350053196119994 0.015732571428151564 
13 13 13 | 0.058492421882076484 0.052378783783337025 -0.029208498972203196 -0.022970382463220702 -0.007891115159079915 0.027803022851875067 0.005711383309829183 -0.0016686415577830795 0.006774458385379192 
14 14 14 | 0.16213189065825195 -0.029181968298434925 0.03622615015170155 0.013045078193368587 0.0013488441295555296 0.006942566505455803 -5.686569769004805e-05 -0.007917391187546736 0.0039049008197232365 
15 15 15 | 0.41603606509227553 0.011996362669797311 0.001301159076935569 0.01981950645578326 -0.012921021339815214 0.005997882311887903 0.007926248314568507 0.012903117069727904 -0.0019076425064732834 
16 16 16 | 0.15603538540839945 -0.020874311857532586 -0.04362821162305376 -0.0016248151665872097 0.0027530108941621885 -0.004407382348780921 0.0030523025086583292 -0.008877588325172459 -0.008145337422001454 
17 17 17 | 0.15423858366305854 0.03584416739484665 0.017148003127549247 -0.02632476258461345 0.006379127558681865 -0.0015294781230039975 0.01599894315514277 0.0024635381078660936 0.004528862841341984 
