number of atoms: 18
number of fields: 9
Multipoles
---
0 0 0 | -0.44025606466237477 0.05182441509525697 0.11016142467304853 -0.021553882143594584 -0.10960938930850704 0.04626577083522103 0.04028804096584819 -0.16109975132735674 0.03132885729493078 
1 1 1 | -0.42359448614026984 -0.06336341971898272 -0.12056874596206552 0.019953833467382904 0.0240077274068887 -0.04999074260447502 0.00044134257514870796 -0.11022818353923584 0.04528956920080503 
2 2 2 | 0.9055329870597886 -0.07544626995181987 0.009984441884013016 0.00754119861789246 -0.13647086169049183 0.04893208070877484 0.027112256335707956 -0.12971268647178397 0.08023424965017657 
3 3 3 | -0.8035510503912793 -0.01904506157579796 0.020539780703513612 0.0019124075306459854 -0.08421695111200544 0.02510510913453035 0.018403266573302414 -0.06027627164052855 0.05268561900076684 
4 4 4 | -0.8414544045716355 -0.05719347877083435 -0.01040236399380372 0.005960107772261464 -0.10971670853402114 0.06562830515962975 0.0028176841842002713 -0.09856254222756976 0.045715706708548756 
5 5 5 | 0.12818273227296284 -6.92894677008008e-05 -0.014913627043228612 -0.03863734259408542 0.006840297909802475 0.02227938750244446 0.009648168510397442 0.0014306172460254222 -0.023418900196798133 
6 6 6 | 0.12189120101201034 0.01167601670683588 -0.006826183925540729 0.03934559548763337 0.0024579449616075203 0.022543697439828456 -0.011398976920645162 0.005999511794943001 0.013783096899098632 
7 7 7 | 0.13824729469836483 -0.031202198279265982 0.014754561187532779 0.03730491204638848 0.0005947295145735648 0.009863126098853233 -0.005343668118653376 -0.0007943820593575155 -0.017584132087216795 
8 8 8 | 0.1315967397083061 -0.02946948493097455 0.0015226048343110988 -0.039700995449826824 0.0017380196528205406 0.011150751631948046 -0.001577522786682237 0.013927479040706016 0.016964218065103766 
9 9 9 | 0.08624804508774953 0.04022264920237013 -0.019656372762815278 0.006081382452754354 -0.027595349653245605 -0.0016431996674644562 0.0006712079973332919 0.006519675168983221 -0.002134379140591562 
10 10 10 | -0.3682447288098114 0.02376761053126167 -0.011709857466638295 0.0720838289569434 0.026900330721074266 0.028285421717869557 -0.030862380169419383 -0.021476580310931147 0.029158562792683557 
11 11 11 | -0.4178678968297609 -0.014603084773800177 0.012048790437948329 -0.11054613807463426 0.07226511597927271 0.01433483610201675 -0.06495066456914306 0.1436300609206412 0.03406223827810081 
12 12 12 | 0.15926047444061497 -0.006283915201464823 -0.04655611362031224 -0.019690299408581 -0.004840999894424702 -0.002050703137256827 0.0065281379643199935 -0.01857125803829249 -0.011721469898206858 
13 13 13 | 0.13929740098360854 -0.045634172243365086 0.017679547483387698 0.0013713164760561004 -0.010261525374876256 0.008721801117460144 -0.0006272936353647596 -0.013845444005386304 0.0034900001672119436 
14 14 14 | 0.11902308158409403 0.036764250064381526 0.024152008721103645 -0.01780526330281625 -0.002233224411089928 -0.00607658872340961 0.014346946137365221 -0.015313731522178978 0.011421855041015318 
15 15 15 | 0.11695657979222174 0.004321153167831297 0.048654119356953185 0.00023096505523649303 0.004343545717641871 -0.008355903613900236 -0.0006458709347917792 -0.00634170114677113 -0.019260761279790095 
16 16 16 | 0.1215807526285766 0.03635216529107 -0.02988887231032262 -0.012731108267552317 -0.011647222820017499 0.011627440439668551 -0.0061052685117298335 -0.009232026942654825 0.006336701525090474 
17 17 17 | 0.12556255435056873 -0.05011242134030453 -0.019601845315130505 -0.00481758099058783 0.001980946777301797 -0.005984261957202119 0.020636557874864927 0.0047413025284896515 0.011850218875173615 
