-5.0990572160018806	0.5413523043039354
-3.369489950400441	0.4660092246203925
-7.181390277486554	0.41102822882035517
-7.142280143660886	0.41274855358715795
-0.8337217554161631	0.3828376472679367
-0.8315208939808425	0.3820922997685002
-0.8318428865202322	0.38313507801423435
-4.865486024003421	0.5254650218014485
-4.111758888503105	0.498214012653428
-4.587794834836825	0.5191470281029927
-4.051395801247395	0.4867028822245006
-5.720239174663069	0.43899340088302863
-5.976293038376747	0.46743910130425503
-0.5815029047297487	0.3451469598827366
-0.8908092629745322	0.3856719762367363
-0.8511368648039755	0.3818908948162017
-0.8509096633459677	0.38257159965354065
-0.8603271413110221	0.3844249797068734
-0.8588401808101924	0.3868508507445175
