number of atoms: 18
number of fields: 9
Multipoles
---
0 0 0 | -0.6616802082003828 -0.004980223340286845 -0.022412238060001487 -0.023289455246080393 -0.06048553226225235 0.038227957071584676 0.04303199631505528 0.05096441669879567 -0.06470404829721846 
1 1 1 | 0.8712852227303189 -0.017986152129698747 0.023376691132113304 0.056769873963268144 -0.10136393421878111 0.03141209659865946 0.004720197233109155 0.1288446770101521 -0.1589656988451436 
2 2 2 | -0.654279236443422 -0.0784417389780288 0.02421253426142185 0.01949353302358256 0.01423896198905272 0.0371122568441965 0.03650917984320869 0.10354240110400784 -0.14314819201255985 
3 3 3 | -0.9340631468246654 -0.00603067467725878 -0.012123431265700766 0.006517629921273094 0.023167637660051935 -0.007557376337271369 -0.04032269926984744 -0.015026394269866484 0.008935130997997838 
4 4 4 | 0.18348069757210173 0.017290777423932025 0.033811024074518595 -0.023966168946607677 -0.006474000528522031 -0.005219597999101996 0.004331447162363178 0.0013601586035611756 0.00779032253711906 
5 5 5 | 0.19599315694473796 -0.03429079348183157 -0.013294715595878083 -0.021057666036801446 -0.0032355454123343085 -0.0031955151041315488 -0.009966072548842667 0.002795040336169297 -0.001016494994156412 
6 6 6 | 0.42535684003690466 -0.013379700220297138 0.009301978447109543 0.02049583336753144 0.011670561092379853 0.002965135950813496 0.008004849706709389 -0.003617685539117011 0.002680986902960376 
7 7 7 | 0.4140658208462724 0.02559322161834588 -0.0036931054263639835 -0.007448231315998981 -0.0026081329071833094 0.0007719931713118428 0.0030450593908644026 -0.013259246455861703 0.01414501730190796 
8 8 8 | 0.1809129720813989 0.020915622248798133 -0.038653014295810424 0.007561700004264612 -0.008032426518436438 0.006046660104090148 -0.001587168146030561 -0.00795958669300152 0.002982438459122779 
9 9 9 | -0.6629545178970986 0.009674944020443934 -0.007688995211970032 -0.0008456188395129915 -0.05727529114516477 0.04853142466766867 0.08591133283014574 0.04259860152739519 -0.017970603452743376 
10 10 10 | 0.8668949221719995 -0.037464362635657666 0.011555318701322842 0.03758343991579999 -0.10907075432443152 -0.025868056598067346 0.03432442668026578 0.13731263532039986 -0.11777185268852733 
11 11 11 | -0.6661879369612276 -0.07393739449773025 -0.01997957848238507 -0.024600460636709207 -0.05845070639122722 -0.0031411914356054087 0.07964806516951926 0.1109316453228236 -0.08349397998482558 
12 12 12 | -0.9475001734426858 -0.010312569334849319 0.006389568959005597 0.00741370260505202 0.013063612397251699 0.014240843332588266 0.011227887512616486 0.002233234019080693 0.022745766328908814 
13 13 13 | 0.41537592714847127 -0.0202884145484975 0.003023490454602848 0.01322563185850692 0.001682304651249943 0.006173669497789328 0.011177238255642175 -0.006370152614694065 0.007917789593290153 
14 14 14 | 0.4341383170525531 0.02412263758479543 0.006864760125019344 0.007142293514007022 -0.006062529347865635 -0.002549892439592225 -0.006972901478469495 -0.01153234273972115 0.01143826505101143 
15 15 15 | 0.15493246297460395 0.027641571030158924 0.025989118656695974 0.016000799705250004 -0.00809023783403507 -0.003944802035747288 -0.008577523432620126 -0.0017281353313617156 0.00190247560278671 
16 16 16 | 0.18950846200046068 -0.017766491224962395 0.02075560714927236 -0.03450414697745643 0.0074402321242779314 -0.0022772787446706712 -0.003035774445727243 0.008662472181345 0.006282366272333211 
17 17 17 | 0.19367804361208374 -0.0006244917008331431 -0.04337813470163673 -0.00907091076397305 0.004699174472746362 0.008081887004044906 -0.0026870536968526216 -0.004962993098822533 -0.004343098076759555 
