number of atoms: 18
number of fields: 9
Multipoles
---
0 0 0 | -0.12584600501807142 -0.09650128209761841 -0.009423604073374102 0.00725678336612165 -0.12755155694119868 -0.010058923025115884 0.01987466263998473 0.07096246199615415 0.04209894322231342 
1 1 1 | -0.4484843691214051 0.05832135229020545 -0.027114914948280167 0.07205169866420734 -0.051320242752932135 -0.005499604993621754 -0.1314254284604654 0.05556142417163297 0.033550165846639335 
2 2 2 | -0.45407837397920403 0.055288214646507974 0.01281879458667779 -0.07725629451032341 -0.04164217013178708 -0.09119836000513476 0.06041292333281713 0.04589196134859317 0.00521876743981279 
3 3 3 | 0.15625997565707372 0.022399817038732894 -0.05624212222994508 -0.01279623100438567 -0.008314972921158776 -0.0023255689692466435 0.0022323494415523813 -0.006305201990080266 -0.0011817574060878197 
4 4 4 | 0.06961456025694701 0.010366864137603194 0.044477892106881044 0.016902232863528915 -0.010477604201289417 -0.01909889723142461 -0.0025636117049269145 -0.02530028427694633 -0.015556126728940009 
5 5 5 | 0.10444069729986072 -0.017876717605951085 0.0314376767081091 0.02640859940737675 -0.007772752929734922 0.017690697124554174 0.010484665628227117 -0.016406636297647836 -0.001782225789684342 
6 6 6 | 0.14946528633413814 -0.014644247961363394 -0.04661778092795564 0.005106909332139524 -0.007189664557985622 -0.01638176451323293 0.00023116801743107757 -0.008445962885891896 -0.009190231502188572 
7 7 7 | 0.09655859029187153 -0.02292650866954158 0.03510708574534014 -0.005903895212764901 -0.010753707645076166 0.021728121136032032 -0.002088361842774074 -0.011772335473493517 -0.013749940815970238 
8 8 8 | 0.16437057293916713 -0.00710037152326213 -0.04471121199489866 -0.02125668283363165 -0.005204816083018454 -0.012655025819008452 -0.009739593327006293 -0.014715811196229427 -0.0030153861786651214 
9 9 9 | 0.11956653029246134 0.03264159127535849 0.001901948950576685 -0.03283294362614471 0.009318047175891492 -0.006856993401143843 0.01488570538167756 0.0074360555324104035 0.008181772648704635 
10 10 10 | 0.14134554695067958 0.03721559282437769 -0.012876980125277814 0.028277529825598474 0.006928408513171694 0.0037064204987324574 -0.016404891539700543 0.010549303609602946 -0.0037965929238499875 
11 11 11 | -0.780828560617258 -0.019479743953157592 -0.010634446115267501 -0.010334252798712609 -0.15696869058773213 -0.1468035888375228 0.08585502915050805 0.11801938283888776 -0.025072171568136407 
12 12 12 | 0.9704570514921222 -0.051741925377123896 -0.021693716748858526 0.014542287559957439 -0.05736159207486988 -0.13977038877803177 0.023795001439112628 0.11643886638660005 -0.03285728857358584 
13 13 13 | -0.8195447974138084 -0.054436443542348445 0.018989442994537913 0.03467414710406041 -0.0627308782725489 -0.16948741896300765 -0.048596246992091724 0.11085530468064686 0.018565934670308124 
14 14 14 | -0.8352694395468845 -0.046913809089831726 -0.01690650593487699 -0.00982746246660623 -0.034566020717171575 -0.0963686543616275 0.07814962910892405 0.11466317638034514 -0.027575553151056403 
15 15 15 | 0.16255556036053154 0.01086347531076144 -0.01727765557847868 0.03133589912158457 -0.01412744719329002 0.005026448521044083 -0.02057744903063711 0.009742902070344724 0.004211712984600568 
16 16 16 | 0.1640121165053421 -0.006660655922816212 0.034387390271048826 0.0031260696474252857 0.006695606692126007 -0.008387643789722066 0.0012637953607321705 -0.02001585643157066 0.004135618545434117 
17 17 17 | 0.16321878823817193 -0.004326252217850935 -0.022028470131713877 -0.0288989272315096 0.005784361015977852 0.002327174107879284 0.015139442659721992 0.018771579323956067 -0.012394299126063678 
