number of atoms: 16
number of fields: 9
Multipoles
---
0 0 0 | -0.38968684745228277 -0.04990672615430661 -0.05558732680668539 0.0701874992198921 0.02084341996649815 -0.058464286190536945 0.04987733120524339 0.0015837529284665687 0.08997115307693697 
1 1 1 | -0.38366680286229915 0.043037581546331125 0.05606401420362557 -0.07300895922431427 0.02425836291852763 -0.053256606596620265 0.06528580483372219 0.019097071348651646 0.07469127533889366 
2 2 2 | 0.12710590105427788 -0.043164440290875766 0.021178307690503457 -0.015440108681686384 0.004814162261186656 0.010656350399972623 -0.013727343844299746 -0.0016010546454716004 0.0015257577851873216 
3 3 3 | 0.12660473626761737 0.028543210194405155 0.022549162649755292 0.0348267210580479 -0.006269269371686166 -0.007269214111672927 -0.005866475361865819 -0.010221057127021265 -0.009591869503783202 
4 4 4 | 0.1414620430044834 0.023216792267343345 -0.03723863333959199 -0.028828723771851122 -0.007889954453283832 0.005551458768848482 -0.005077497228414678 -0.0032025260938361604 -0.007829304339868974 
5 5 5 | 0.12924446738195083 0.04448122653087213 -0.01882181858437305 0.015661856932214096 0.0041088308369947825 0.011452350536567733 -0.013229940582482835 -0.0015516219350261797 0.0025980674691398207 
6 6 6 | 0.12623630513563766 -0.02942081248474751 -0.025650446534220356 -0.03238328546057053 -0.006239918477891277 -0.006635354540989681 -0.00718738549059805 -0.010119571617852263 -0.009879498166670492 
7 7 7 | 0.12651774023047413 -0.01901839197125997 0.041121700401205684 0.023221878347344183 -0.003179636390799157 0.008888532390543578 0.00508222208357538 0.007608720098060306 -0.013981802670164129 
8 8 8 | -0.39070680521598344 -0.07587554293764234 -0.004538431520114003 -0.06663319716008231 -0.08226640563740244 -0.002479750409000937 -0.07042106611481992 0.04907130400141381 -0.0049865414449756324 
9 9 9 | -0.3879763440428903 0.08713904344841632 0.00016766576804182326 0.04975794129200591 -0.03766191495858529 -0.007945447158004361 -0.10027437228436094 0.05548416009868546 -0.006587434131540911 
10 10 10 | 0.1287922990267334 0.031009889558776454 -0.0064567126035109754 -0.03829323736898609 -0.008432806708359128 0.002463851606129953 0.015486553381340926 -0.004076543954476676 0.00010891657642736516 
11 11 11 | 0.13131476174758416 -0.009024687886971883 0.047216951873514046 0.017378053502375257 0.008365477151346098 -0.009749052493320224 0.006441046913281791 -0.0037097213179307824 -0.0068241339444398965 
12 12 12 | 0.1247344930497084 -0.013044277306896857 -0.04108454883804037 0.025611757882759215 0.010570954981461366 0.008208453641403232 0.006867177187011854 0.0008337014135264558 0.009749313382789178 
13 13 13 | 0.1265731196377745 -0.029124393177148274 0.00817033531798201 0.04021905227133076 -0.006006336351833778 0.0021489348613518006 0.012595619658862477 -0.0015873880696496445 2.2143350004354192e-05 
14 14 14 | 0.13220576993456956 0.007441861579341668 -0.04866574545600034 -0.013880800643668315 0.010714519918209982 -0.007721261247109232 0.005349398189418952 -0.0026966210259266885 -0.010442562130836478 
15 15 15 | 0.12993366602532452 0.012518538306170161 0.04416145579098165 -0.022641066686375264 0.012212426110776851 0.00692452104975671 0.004485097990377817 0.002021227123634491 0.011321941433534535 
