-5.021619261954675	0.5258783137728351
-3.4870054932060524	0.4643600723547873
-7.0375567716075915	0.4058384936705405
-6.327328138659656	0.4612329426321318
-0.5940857743253302	0.34278168829837297
-0.546708918271046	0.3283980721125938
-0.8050266184829352	0.3736966950041881
-0.8470031836375368	0.3821633252592431
-0.8090373775742008	0.37751058551932404
-4.828150537700316	0.5194358001973325
-4.650053994053025	0.5113472302683386
-3.9673166373372113	0.48499568109192037
-4.504076231233975	0.507416750518526
-4.27160387971106	0.4944075249070036
-4.698507412653894	0.5176641136380974
-4.4838397865553725	0.5057644232369911
-6.994957095903638	0.396802370446646
-0.8218281211771383	0.37137481280486867
-0.8529179559441863	0.3775093405160875
-0.84200131995551	0.3784454205435096
-0.5393864975419375	0.3440652042692881
-0.8491785238276279	0.38081682015675167
-0.8474791873604014	0.38116763434729634
-0.8585602162939693	0.37768278252902904
-0.8459939322582661	0.38280828475058754
