number of atoms: 21
number of fields: 9
Multipoles
---
0 0 0 | -0.18007114849459516 -0.06919946742915463 -0.0322354431743758 -0.12339621339280162 -0.022599551619109023 0.043630111108809815 0.10161464188456598 -0.10831602630456233 -0.02698693746710568 
1 1 1 | 0.9487048457613492 -0.02058246690926794 0.012267759640380493 0.009211518175420387 -0.061438601199638426 0.04898689227368659 0.018535638900057466 0.07847480311171273 -0.06664295131294941 
2 2 2 | -0.5963758747657542 0.09420062346641059 0.04040511088837254 0.10741216203783809 -0.012292695887587411 0.002356083749790775 -0.030063323809615298 0.018320471047965803 -0.01611231608450196 
3 3 3 | -0.8926837996140033 -0.006145296404719067 0.020238747578790028 0.0021104473715210896 0.021404282793399298 0.0036327356667618053 -0.016399701847400083 -0.02246958083411928 0.03223607634284476 
4 4 4 | -0.9100150999057242 -0.024009514440903736 0.005018570467191818 -0.021126752446565453 -0.020887192610079958 0.011306679120884356 -0.004748372026800813 -0.02763710693534547 0.027562372336321743 
5 5 5 | 0.40235606941146873 0.024380413119213365 -0.012395341718976983 -0.023150527363424097 0.015688738628672785 -0.0027659948215010013 0.009093115444658902 -0.007797954312174948 0.005524012871578084 
6 6 6 | 0.44250434506444924 0.010714298862818378 0.00839044547617591 0.02568553161646954 0.006609310190743785 -0.005942151688811459 -0.009102839989640118 -0.0064423285602834965 0.008977796039844077 
7 7 7 | 0.44377000453798365 -0.02846464087575954 0.0066650412695023935 0.00015526900668781264 -0.0017930348398764516 -0.0039094923892551885 -0.0020186848256916897 -0.011614590843598163 0.010652592832431366 
8 8 8 | 0.44202128227066295 0.012149289326163378 -0.011484167788079348 -0.023468875893169625 0.006556523925494976 -0.0016037241507170486 0.010264977416841561 -0.009265196643511853 0.004938474874256322 
9 9 9 | 0.446756139999972 -0.027336888550323672 0.005518757255142721 -0.005760740360731257 -0.002572512806358193 -0.0026736436377647345 0.003102822782526132 -0.012471300151586933 0.009623302559992936 
10 10 10 | 0.1661745330355887 0.048202005372845316 -0.0391373636379253 -0.0028010062097849767 -0.003662328136803551 0.0011471739834817475 0.014132477719843344 -0.01056499481962204 0.008542780612329947 
11 11 11 | 0.13003411840963952 -0.024399953822703924 -0.02351962999181333 0.05163191897036725 -0.004083996203209071 0.012194528839276098 0.02143233316572326 -0.015791853195711643 0.004096686498481386 
12 12 12 | 0.14622128169224324 0.022874102624640034 0.060021616925911576 -0.007974677967663607 -0.007470986562551777 0.004397365616781572 0.017889557889032116 -0.01255786982751896 -0.005599851220538517 
13 13 13 | -0.37691533584315096 -0.09378920522131012 -0.04606721921490661 -0.008882843186517402 -0.14762253462320052 -0.0707387202393501 -0.03040062859688742 -0.040592268883025334 0.011731752812961536 
14 14 14 | -0.38905112952412146 0.08317511643787094 0.02166382489675269 -0.0002829691397516246 -0.04728586261274742 -0.05189582949012029 -0.007256848568206206 0.0016211427314081564 -0.021033474724102427 
15 15 15 | 0.1101060156147351 -0.014437626916161687 0.027678415371176185 0.03960328997645425 0.01341540016616511 0.003211094660481121 -0.006473361475667121 -0.005333540894223538 -0.010648646947447086 
16 16 16 | 0.14287392392706422 0.017803423397806377 -0.04786073018027414 0.016690491285126192 -0.004825172827590178 0.013056147132968631 -0.004338155110855889 0.0023681257006607577 0.0016054906700531941 
17 17 17 | 0.10030632514808357 0.00029407246166969204 0.004040855316177139 -0.050193346831595625 0.0038773792328332733 0.0017762195922300444 0.013822099478818945 0.0053665537477490845 0.011488829074209093 
18 18 18 | 0.14801198604702037 0.0034816756475219736 -0.014050796912685437 0.05024952700112383 0.006879352844589931 0.0013285723414060556 0.013626321730941216 0.004579620727414988 0.0049129862596888636 
19 19 19 | 0.12092636594512107 -0.015189606019475443 0.045149212249514924 -0.012887829926214208 0.0017769830853767846 0.01905294983818237 -0.005497237594848489 0.0010039952647054597 0.0057348051494382785 
20 20 20 | 0.15236174391965296 0.009471810736397185 -0.04389606751167183 -0.02681763984507628 0.013643497395955172 0.0008658070866926577 -0.0027553329746496263 0.002557253898786466 -0.006029666604884778 
