number of atoms: 27
number of fields: 9
Multipoles
---
0 0 0 | -0.3908415858485208 0.017681340621804233 -0.07305684541168493 -0.07439793328704712 0.04572021045138582 0.0322257873973198 0.035403838068993804 0.00813216883433715 -0.12385517209912196 
1 1 1 | -0.37779928044949695 -0.014796192259559712 0.06339677589594003 0.0800583978293912 0.04269934930504516 0.018668193207772143 0.011407470529331182 0.0010774070524971295 -0.11759622926110215 
2 2 2 | 0.1387768729861839 0.0002129620485490559 -0.03640861874923279 0.038364326074872744 -0.0020992521425517367 -0.0037701828951541613 0.007680492904996045 0.008023875819997084 0.004171651911980803 
3 3 3 | 0.12177097359584388 0.04245665255467624 0.02312660176392064 -0.00988827867972088 -0.005605095605180236 -0.012506429279384376 -0.010295750644293129 -0.006946129470631195 0.005373561439511151 
4 4 4 | 0.12712857009137113 -0.04089674797467838 0.016021224184469537 -0.023249834742988 -0.009615833168319148 0.009967089077625934 0.0012147412903712395 -0.005549495413488893 0.00990006796693863 
5 5 5 | 0.12230835300133436 0.0002232216750386835 0.03774926261250406 -0.03361661391838827 0.0012952384131894213 -0.003049287131384241 -0.00032320127715255347 0.016237174178511372 0.011789130576680665 
6 6 6 | 0.1311327073896591 -0.04375125193416531 -0.0241255391338969 0.01283209670352343 -0.0026784775884114292 -0.013407936473312202 -0.008629251672555238 -0.007457916562233332 0.00393102535842023 
7 7 7 | 0.1266376692453407 0.0454516452525605 -0.014223161036182435 0.015384518947674812 -0.011718236789164187 0.007933023863134053 0.00025278974753518415 -0.004887060170809088 0.00824350403320205 
8 8 8 | -0.2220916243892157 0.04333933424678533 -0.039788625670006 0.054763042042247856 -0.02343817384819322 -0.011430517324056639 -0.08537366947384083 -0.06040078991384437 0.06043908581095275 
9 9 9 | -0.4184944620540181 -0.07611041777363584 -0.003555686767884946 -0.04088904026307672 -0.014086479117475724 -0.0002132274985180726 -0.09443595483225045 0.035385533951743334 0.010482608110845946 
10 10 10 | 0.04140123410559848 0.01898582780090837 0.018761779070902592 0.009153871921951731 -0.13842800621922594 0.06847934260983421 0.10166274245246125 -0.1929004912452293 -0.012403736184486059 
11 11 11 | -0.10976065244162925 -0.013717330382913527 -0.014115325643835887 0.008232664775882435 -0.03538464980019841 0.033229074547352654 0.04684567428694213 -0.18795030368100027 -0.018866367526967985 
12 12 12 | -0.15509883648069422 -0.0068777971138415635 -0.03266727058789664 0.0022552910118280645 -0.10921911945186563 -0.0828605187977815 0.06898790343409458 -0.17203932528412524 0.0006938378094546959 
13 13 13 | -0.35047455087889023 0.036836231238756435 0.03408105028181494 -0.004442639431892662 -0.09509983536138454 -0.11821750566448812 0.06217590306305558 -0.1961806672826449 -0.0013260321900033314 
14 14 14 | -0.2837457669980754 -0.0049173617073751535 0.027418398058820716 0.0005229761632046194 -0.043331171950596846 0.04572144810231272 0.04806408458268673 -0.1751490753478872 -0.0299508781149854 
15 15 15 | 0.39833937306631384 -0.07445745737822673 -0.11097414134275038 0.005565007589899608 -0.10290957643838584 0.1646781199336637 0.05861878559170119 -0.0893082863420218 -0.04139749936027478 
16 16 16 | -0.5932028563455596 -0.044816410200885205 0.10550021039516452 0.0143503697880036 -0.013069427072244288 -0.07688776157241628 -0.022730616894867214 0.1171574578784257 0.03326650456610043 
17 17 17 | 0.12152827769178587 -0.027754668934224153 0.030595581050875894 0.028292459271502222 -0.004652132118466208 0.023247427281351103 0.010956899814170652 -0.0038835951012098128 0.000840646331204268 
18 18 18 | 0.12731734599762978 0.018833844959409474 0.0004990529667441269 -0.04812041136070049 0.008310549426592395 0.0023237170152943156 0.015614787862277796 0.003708032676355622 0.011741705478351558 
19 19 19 | 0.12481026063391265 0.022883597592314252 -0.03123191398082869 -0.027078869446735498 -0.0016460653469201499 0.012616443866337628 0.010572305553254571 -0.010711712289538215 -0.0019195359417596945 
20 20 20 | 0.13587626062833225 0.052358077672546056 0.0028541321905855895 -0.011196318351032237 -0.009262558557360766 -0.004951612392400782 -0.0029711890125345237 0.02130280059704011 0.002770906527739926 
21 21 21 | 0.1377827499234755 -0.03348076408115405 0.041274661280808984 0.008689866683878915 0.015138866144518901 0.012424756447520254 -0.004086421768973863 0.003911307964401813 -0.0008387959393688227 
22 22 22 | 0.15190758479477284 0.03801045771399934 -0.030226671575759267 -0.008876287315184927 0.01628283127629884 0.008344140972963177 -0.004462111835194137 -0.0011762692048348231 -0.0015894933083286076 
23 23 23 | 0.17083148463103714 -0.05013195730374686 -0.005064251762479173 0.007847587797568448 -0.006677519781588331 -0.0037151348899226487 -0.0011617999889810401 0.01719176947113932 0.0026154379129097933 
24 24 24 | 0.4442327236783503 0.011457852744840763 -0.01914213430507347 -0.0035663053921457114 0.003171779535260539 0.010999099204288716 -0.002441262420157994 0.013007396591689428 0.00023492768266214668 
25 25 25 | 0.14634166603514187 -0.023323532359755414 -0.015403563012494383 0.041122295633515625 0.015239419709956542 0.0013385548553180911 0.007068789060090283 0.005848077362844835 0.0030427240623142867 
26 26 26 | 0.13115352316964668 0.018580729212818246 0.04357323535313668 -0.013254608495285071 0.004993462041531859 -0.011015808738427212 0.007102286410673871 -0.01105925632657754 -0.005629702498188206 
