-4.7390510295847195	0.5171474999229091
-4.7340013133820635	0.5176500065152351
-0.8748950278505891	0.38559831128460714
-0.8684863330050691	0.38324289396162403
-0.8805021281472826	0.38601348064832514
-0.8739650837633832	0.3852951586302659
-0.8730112779914196	0.3866769582667741
-0.8728306478351342	0.38660083683469315
-4.839206376511103	0.5195482661696843
-4.566004345625665	0.5096357155654035
-4.211120753052864	0.4903850519252344
-4.482814194342745	0.5077904108043767
-4.513008430373522	0.5085819461648785
-4.560466101558397	0.508740588379975
-4.478366530079447	0.5071179954901799
-0.8511826822895278	0.37630839531472776
-0.8634860400102874	0.3787793181932238
-0.854364701615539	0.3824230774443443
-0.8502117914651444	0.3808559244652015
-0.8626159489666502	0.37944995098237577
-0.8577824889804913	0.3788294518557088
-0.8675499339748812	0.38014093171432645
-0.8444552969853398	0.3831396523693005
