number of atoms: 13
number of fields: 9
Multipoles
---
0 0 0 | -0.07768595905576792 0.1804448923700505 -0.0894184583343583 0.020697976741145156 -0.013568990529053922 -0.026461051858905165 0.03632028780911256 -0.010716969169809342 -0.024959994829060316 
1 1 1 | -0.6712560952277453 -0.10855729483801901 0.040385231868966705 0.06078910973354799 0.1115789566410593 -0.09535080316708765 -0.13807026907882597 -0.09746324573670034 0.02778855569325852 
2 2 2 | 0.4889319019760294 0.011630834048599305 0.0002955110846417035 -0.015110442412133912 0.014369670326001643 -0.00868505573514642 0.0031999418180048357 -0.0009293277752228333 -0.004711752436452281 
3 3 3 | 0.07372624719754095 0.017793537668279076 0.03848249023677808 -0.04816300546138426 0.018092054830472236 0.0013406665954644383 -0.00726871016261004 -0.004846173545171275 0.005362033139195249 
4 4 4 | 0.07163726167091333 0.010492454207237165 0.01715931341118875 0.053529345496358835 0.026914204023574986 -0.009871657840264707 0.015518392311434056 0.008650444227151503 -0.01078471848971954 
5 5 5 | 0.052246724266470146 -0.01883326718046338 -0.05607068290062843 -0.012087035564562107 -0.005252209646149973 -0.03501868328312394 -0.002524614428181443 0.006340841502831967 0.001329066095376155 
6 6 6 | -0.7614909789664042 0.016314639711344753 -0.007663060403211378 0.007786423734486053 -0.23154076259088446 -0.05637718209273213 -0.03208713805189733 0.052963373912856625 -0.02090660077089252 
7 7 7 | 0.9773215825694663 0.06072970367581374 0.008283071970767065 0.008700607380847998 -0.11567145639209304 -0.04051267771160299 0.004672145223247797 0.14657487947414588 -0.02905413923864407 
8 8 8 | -0.8306862232900691 0.04508598479007562 0.00865021328002208 0.023545755306278938 -0.12803499837180612 -0.035515543571518836 -0.02435003321439612 0.010431589804365576 -0.009969758803804596 
9 9 9 | -0.8207736615137584 0.0456778311031195 0.0013365139702476612 -0.03143451107223363 -0.08722664526264509 -0.02814824009252011 -0.04414710243814137 0.09041109232750948 -0.02335642835296768 
10 10 10 | 0.1629226016975529 8.508950791092691e-05 0.029305691569644597 -0.023651318683119982 5.893131144464119e-05 0.012910472354760939 -0.016156274364206327 0.005613752320519306 0.013747557849304594 
11 11 11 | 0.16548218963133599 -0.0005397627523119497 0.011552874577686069 0.039375350936435946 -0.009171592564026696 0.0025177950877405156 0.016085830595849074 0.0034593851107012803 -0.0026345507448107884 
12 12 12 | 0.16841563883853994 0.0034378991295337413 -0.0353873722292947 -0.010629941489835894 0.004037880186872638 -0.017571703813391872 -0.006710013860659777 -0.010302280741792626 -0.010276572375213773 
