number of atoms: 17
number of fields: 9
Multipoles
---
0 0 0 | -0.09613462657792748 0.02104967676751266 0.07068382865139854 -0.1691238569760234 -0.03874220750794009 -0.008307952309433295 -0.08359280732925327 -0.1118072835712308 -0.041314909018664026 
1 1 1 | -0.5790998338880904 0.05976487083268167 -0.12423142763850124 0.04350120607169687 -0.03725603110851076 -0.19674176758994394 0.04265213530715152 -0.006499830158344689 -0.07947659026001727 
2 2 2 | 0.4119540567051654 -0.019285705439214526 0.017591516171519175 -0.0014490252563112713 -0.005408523144260574 -0.013934001280141217 -0.005053694992059779 -0.016715522954258984 -0.0112518149204688 
3 3 3 | 0.10183848702526677 -0.0015194752464828412 -0.05451382797941367 -0.027185638977895155 -0.012299183383742158 0.00013455381041728608 0.0018711539859533422 -0.02282075978619681 -0.012322166008617904 
4 4 4 | 0.091393749688081 0.057835136949417464 0.01879387570078273 0.012204417323278033 -0.012487087581147053 0.0063461139944697475 -0.015105635036677464 -0.0022879340662391745 -0.019549611434378233 
5 5 5 | 0.07654633553429036 -0.05240301050751999 0.018805987942037104 0.03235145169668599 -0.006609854296702042 -0.006728346818005694 0.0063875433501056735 -0.0022237032118247353 -0.016650489506191392 
6 6 6 | -0.1337127986182045 -0.08914712446089874 0.0013542172203856431 -0.024970326591039222 -0.05282117534865245 -0.0378967713988812 0.015058684006492696 -0.05520256711196516 0.050530894896622776 
7 7 7 | -0.44214515109104724 0.05962357162237947 0.056164275165113645 -0.017035242787580562 -0.05083854711956833 -0.11292851740636996 0.008358916900289576 -0.02096962460645144 0.03499469652572003 
8 8 8 | -0.4576265368599932 0.014349476545883911 -0.06923385088398555 0.05684194148684931 -0.010394023610409189 0.07397670141249615 -0.04604269196128534 -0.004404750660281392 0.03455101675594466 
9 9 9 | 0.11605405634210442 0.016495089684844054 0.014744166537782951 0.05210947048120988 -0.001721510944590685 -0.0044362699894619365 -0.0017174163085196274 0.0030879345356784205 -0.015187577768245678 
10 10 10 | 0.10998335985424423 0.02891919281235621 -0.02667192580873707 -0.03714819341883187 -0.011437685317073157 0.007400759984960409 0.010773564275121075 0.010763754177420112 -0.014884528853102905 
11 11 11 | 0.1291655195549758 -0.0004719459572490424 -0.0146350160680555 -0.04659700178767644 0.0014647563802892638 -0.0002147660716696392 -0.012846572708861201 0.00038521977364881945 -0.015765284204043783 
12 12 12 | 0.13324967633242524 -0.030489306723372373 0.03579829324435505 0.011283921447961457 -0.014798409438507422 0.011015159028587454 0.006164732122261946 0.010646869076957504 -0.006219576666042204 
13 13 13 | 0.13181255248186763 0.04308393494579132 0.009805476188038547 -0.02389790651717491 0.002216504228265084 -0.013891218209899369 0.008601002882282893 0.0017461425933233507 0.005638151020366076 
14 14 14 | 0.135001986301866 -0.027822481860317296 -0.029094992397710448 -0.026890256161035575 -0.011963707326911896 -0.007194389147947576 -0.010645405413136626 0.013051103458313307 -0.00509951472110801 
15 15 15 | 0.13318678175850318 0.018745256444121835 -0.026050879379997373 0.035229957482108366 0.008095125003410744 0.012339395705027885 -0.0048902858361227495 0.003079691903296838 0.007310227159825683 
16 16 16 | 0.13679812442722805 -0.01906106990190748 0.03835858543004988 0.024363785046802044 -0.0029982137641657363 -0.0025932388626162695 0.007583722718925893 0.0016653912171539138 -0.014911982714796367 
