-4.740310046893666	0.5166875850648011
-4.737274378777254	0.5178080670957947
-0.8670965556968758	0.3830060905692029
-0.8668124839263692	0.38279687730014406
-0.8822279101608195	0.3869231934377288
-0.8741006686066455	0.3848113146015452
-0.875334153759257	0.38725590819926264
-0.8746995581748129	0.3869532118000003
-4.534857804494273	0.5066823860824211
-4.793215610199323	0.5216555141764444
-4.421308324288417	0.5034735558489913
-4.430699751353703	0.5107420135429918
-4.405229047998523	0.49922781897264773
-4.097855864909552	0.48558117170420745
-4.510587610657381	0.5094451327410786
-4.642150211899465	0.5152376658562472
-4.541377420922509	0.5128601211019861
-4.473339523133888	0.5093535506449912
-5.807565433073257	0.44621388622306785
-0.8673966455885552	0.3772703722245455
-0.8855710302135527	0.38389455309977943
-0.8709302333299365	0.38541723363927277
-0.8528049138930145	0.37733334768782184
-0.6408752411265642	0.35025822828206077
-0.86368372720414	0.380303840732077
-0.8459055724719886	0.3781630761212785
-0.8584393986402108	0.3793579470583593
-0.8657644991397038	0.3807477796575078
-0.8636382112021038	0.3853638074323414
-0.8538212682415178	0.3828799921959113
