number of atoms: 17
number of fields: 9
Multipoles
---
0 0 0 | -0.4488890091517481 0.048727170024739246 -0.020147786789461195 -0.05410187162156522 -0.05233762134294416 -0.018263480299825358 0.13654572039079746 0.09824239438328124 -0.05390102084154012 
1 1 1 | -0.4489312550475191 -0.005597483808553938 -0.0720641812135831 0.014643232904935657 0.06876512987900439 0.004594929142422102 0.004374807665391102 -0.06691521493737625 0.0983943109425661 
2 2 2 | -0.11680899715706161 -0.048577848279513065 0.048847030547461194 0.023311988555832122 -0.17266328777527062 -0.1308626765593135 -0.8289735041002216 0.07264261357360131 -0.6122111152758118 
3 3 3 | 0.1745884292382135 -0.03287380579834839 -0.033277620749140036 -0.023808527372433563 -0.008818627106293617 -0.008143940781539795 -0.0012621795812503812 0.0005737151058590116 0.006344220625340866 
4 4 4 | 0.16820131151038598 0.03552349222645868 -0.011603428730611891 0.03809726135442443 0.012291992047674338 -0.00553280696231052 0.005535397383855209 0.012800471457745065 0.004468681631920508 
5 5 5 | 0.176881021817484 -0.006065298702174278 0.047444142928060706 -0.007904995364411502 0.007152691504598881 0.00602625449045583 -0.0024227865397775275 -0.008231730567658295 -0.005755829618564203 
6 6 6 | 0.17524973194748583 0.036254989607342324 -0.010880539857367122 -0.03189445836026468 -0.0044647862606335955 -0.009650382590407118 0.009677147292860377 0.012278426419360066 0.001983314543138344 
7 7 7 | 0.158435343911981 0.01654719746605231 0.022700216325992614 0.04381385463263973 0.0006780584284562162 -0.0012496503581726143 0.006464781709809347 -0.015817864795246123 -0.015185032032050093 
8 8 8 | 0.15763225397797875 -0.0423983069216188 0.006409437418472473 -0.024378127607460266 -0.0037367477464648755 0.018515988619593193 -0.005758013531075003 0.005493181572163652 0.0014390989825240929 
9 9 9 | -0.3870328336325697 -0.022671519984633785 0.08269503570977337 -0.05549871632399611 0.06179903793075265 0.00914475545065795 -0.02247683173451363 -0.05029166591315068 0.1101994643353864 
10 10 10 | -0.3871347272203369 0.009670455305698865 -0.07996613327022443 0.05917314648227449 0.04216740981899539 0.04394093909669941 -0.03943004465944417 -0.033584951559568796 0.09006934472089252 
11 11 11 | 0.12583064598512406 -0.04928558104561227 -0.010238132842611393 0.004383925769550691 -0.004117761950970905 -0.01485460139921918 0.009827334408581348 1.3552309625344906e-05 -0.0015116551736526294 
12 12 12 | 0.13240517391821582 0.026126918103023814 -0.022417316264581443 -0.03843601463397481 -0.0011297882629407925 0.003173812617799375 -0.0007556635411604636 -0.005452825138057705 -0.011602744345196501 
13 13 13 | 0.1296710487706706 0.023842964215411804 0.025529969261779747 0.036723564253578006 5.4199696983501744e-05 -0.0058860485386266845 -0.001564455633730008 0.012743699696972522 -0.006444894299604343 
14 14 14 | 0.11970557088212952 0.04807550632745754 0.010123519210439344 0.0003863066972759653 -0.006845395826989667 -0.017469837329890728 0.00703425162890449 -0.0006162011924078183 -0.0018004552966547954 
15 15 15 | 0.1362763829992104 -0.028217274107468545 0.022955740183352884 0.03581749298573843 -0.007515643963881287 0.007229370125750438 0.002683290283120497 -0.004836774192611116 -0.012317108575623672 
16 16 16 | 0.13225900774533317 -0.010149652130414114 -0.03155306252098444 -0.04016736846942825 -0.0030681090321924903 -0.0017286384619739478 -0.00806785932467728 0.015610603394821888 -0.004405362942049417 
