-4.743296985023768	0.5170507344106615
-4.732273072469727	0.5177275722917807
-0.8684386775026285	0.38359171193561986
-0.8878101707279447	0.38691726040287694
-0.8571137499962445	0.3805155513792108
-0.8875101860506113	0.3885677840588143
-0.8662081793514399	0.38505435546297395
-0.8760373241577115	0.3871334400027081
-5.025937968305395	0.5252977363426925
-3.490903137702045	0.46391475109277786
-7.011465277208713	0.4032797368718327
-6.296805296359576	0.46214325493065245
-0.5780230220241983	0.3382199452082124
-0.5982863646210506	0.3414980729407282
-0.8394871062556292	0.3811560217383474
-0.8143672602981447	0.37687418497781744
-0.79361266309532	0.3729070193882147
