-4.2166052170454655	0.4975628111655186
-4.89728039147108	0.5250369601975655
-6.979651698909882	0.40152955079901
-0.9443666912064808	0.3903578431463399
-0.9164613725064981	0.3807748868164523
-0.8526743800425659	0.3824240615650764
-0.5918557568844245	0.364572203240379
-0.8471345040761419	0.3834515644787479
-0.8318112492703468	0.37982490603751173
-4.488570349505858	0.5049180852207801
-4.8007194893297855	0.5219499098033559
-4.793626644005488	0.5208208218988369
-0.8959671265804382	0.3812222186081119
-0.9041275689344294	0.3865198321956324
-0.8647841754857108	0.38391699569346044
-0.865618963679682	0.3839085256049409
-0.8628784322957489	0.3855316595843238
-0.8674828384214011	0.3865207494750776
-0.8624335655421362	0.3853873677041149
-0.8686258891551595	0.38662870016168077
