number of atoms: 21
number of fields: 9
Multipoles
---
0 0 0 | -0.16665084187396229 -0.14265979510267462 -0.00883106620408121 0.04053023974568044 0.11130405482322497 0.04512819017810179 -0.10153182128086333 0.025634131876361346 -0.0023352925279567483 
1 1 1 | 0.950960646629726 0.00336481297291774 0.01254754843818879 0.020155394171998253 -0.02758888485776187 -0.045477077700613225 0.0054872918138138185 0.05319219156492824 -0.11939213424399193 
2 2 2 | -0.5943672319316331 0.14994476403705811 -0.002427585777027892 -0.048488217893342345 -0.027989768013136344 -0.005873113072943157 0.05270326976740036 0.009081415369149514 0.0019425286462055637 
3 3 3 | -0.8941454862074307 0.010742930642669781 0.01338405699937783 0.007509809645010809 0.014543841510465456 -0.0038639130327770593 0.015641374459707896 -0.004198016258869506 0.049176311077727686 
4 4 4 | -0.9138009899908832 -0.02621298495360805 0.001500940221706892 0.015733029621466995 0.031852862895924886 0.026113924061402914 0.014582510804118397 0.005311906677670055 -0.019168932975418045 
5 5 5 | 0.3953671841483446 -0.01766332967526817 -0.01743644550509396 -0.025762477006548865 0.006834048979579399 -0.0037930777091819724 -0.012355546575383134 -0.01062456547461913 0.012367595593937289 
6 6 6 | 0.4428990966035944 0.028364732488883597 0.003578182376698682 -0.0015997748905108463 -0.00149469054991829 0.00406453103010442 0.004479180305023783 -0.0033749653107920984 0.01518988175858508 
7 7 7 | 0.4435961221722554 -0.010202243422067736 0.013670803847353672 0.023478670746706273 0.009074641888895224 0.00891270144221254 0.004604901063910267 -0.0017797153934873164 0.009780239764119783 
8 8 8 | 0.44347857373572164 -0.01957914973345843 -0.015147627721769804 -0.014807995636474728 0.011416821321387665 0.0006155770084725367 -0.008421676355064047 -0.004454629705457456 0.006161482605062274 
9 9 9 | 0.44444509090362505 -0.014672854800345017 0.011885172219849034 0.022032234285361416 0.013044387938679368 0.007676083367364088 0.0008426038322459676 -0.001325027611046539 0.007227951333856254 
10 10 10 | 0.12872971552118184 0.0299575405869746 0.05402482677357223 0.008983967357560555 0.024833976448410962 0.0021069468692140082 -0.015927995161388687 0.005781243702821108 -0.0012689721556438246 
11 11 11 | 0.1632248100288508 0.00021665711365039485 0.0019205931751845797 -0.06377662787109463 0.01926951186933968 0.0020825114794792753 -0.0063876532768513666 -0.005435356950917881 -0.0012982416709502534 
12 12 12 | 0.1463501203613079 0.030771059778014344 -0.054985467276037876 0.017498800771819954 0.014834636917481976 0.006107827459113359 -0.014635654454282849 0.0034962451584856745 -0.007452380233885542 
13 13 13 | -0.3723839095767296 -0.07371597717623257 -0.04070372039054529 -0.04108017765859276 -0.042003618998008856 -0.0610379067111071 -0.07790093058820691 0.05098583949665359 -0.013665358541228804 
14 14 14 | -0.3784522857493249 0.07480063773070877 0.018715724740034762 0.058555639637460806 -0.04980597220463152 -0.025091879805675666 -0.10110498772440103 -0.03226089141965608 -0.06297197485055334 
15 15 15 | 0.1537627553302564 -0.00923188479867729 -0.031319386940980416 0.04186534608445167 0.007598823798148275 0.00818327776677925 0.0014735816659073827 0.008199851105470635 0.004265855210577834 
16 16 16 | 0.12802726690992716 0.03598198687667175 -0.02269925298744875 -0.02945112651204048 -0.00808446644621455 0.0021395760339363488 0.013955531385707242 -0.0001379522001149883 0.008427816664315559 
17 17 17 | 0.1022786090421457 -0.014444650991832533 0.04551463099546406 0.0013048805450843106 0.009682953186989019 0.00015507405987225516 0.009532417777010152 -0.010256505787731027 -0.0032066890853080505 
18 18 18 | 0.09379661333685896 0.01747941191681484 0.022657752020875475 -0.03820456407324497 0.010618304281459247 0.009660805581715429 -0.00011341192264602902 0.011005016647870578 0.008492246834425 
19 19 19 | 0.12919236164772363 -0.038172679952010444 0.007729548088114558 0.03514523439303497 -0.0074671906306972525 0.011080714778436 0.008856864483878735 -0.00687824284696067 0.004855499381245815 
20 20 20 | 0.152002237385648 0.011459357164560962 -0.05135044571378021 0.003892261419592695 0.008953042504828724 0.00036246386106420034 0.008193876173841192 -0.007970247930967076 -0.00406795247951502 
