number of atoms: 27
number of fields: 9
Multipoles
---
0 0 0 | -0.15052961451882574 -0.011579213373310618 0.067706511984577 0.05405740744574519 -0.015346099844297271 0.0006987914619234374 0.0362804068335625 -0.06030662473121479 -0.12612313889059476 
1 1 1 | -0.43421658420206644 -0.06007452966546567 -0.05124796634209183 -0.018605922544338637 -0.012165073989451896 -0.07787225811351019 -0.04110909118655001 -0.033124201417745455 -0.062310142662680326 
2 2 2 | -0.429814450318581 0.07316774843614321 -0.02109939259782179 -0.0327131218998698 -0.05107605439713212 0.0623876822894506 0.07448372851335582 -0.022086311546207778 -0.05059759825880282 
3 3 3 | 0.12746170666556267 -0.004551096851982946 0.015724075887937543 -0.05474444189492443 0.013973999709990814 0.00422638639006913 0.000881711156213771 0.002239121189741333 -0.0018455339950706345 
4 4 4 | 0.09704285497753895 0.006477163292103586 -0.040402156524069754 0.032280362785601466 0.023430692997335197 0.008176655998750528 -0.0006907123191938296 -0.014024484322586975 0.004516323794653456 
5 5 5 | 0.13124155197452936 -0.012460068164337949 -0.0029027728651763664 0.04432722564259128 0.012049071301432724 0.008860476734312516 0.0012752163537470378 0.015002410559871901 -0.004645082681004301 
6 6 6 | 0.13220133527921663 -0.019197555762791838 0.03581277732370273 -0.024808694404205852 0.011254883609528197 0.007818723416637783 0.007421388916349142 -0.011769924402124156 0.007359002768062736 
7 7 7 | 0.12912483344282755 0.01334788104605626 -0.008166596003323326 0.04464115480021363 0.014441187516838249 -0.007905916182317015 -0.0004460938416130967 0.012172037507568801 -0.003226268273941883 
8 8 8 | 0.13576569376296965 0.006061870941829474 0.04232146483409841 -0.019703190125040727 0.012387332786039524 0.0009562078061822464 -0.006711904328354728 -0.014269604716874372 0.002599057095108788 
9 9 9 | 0.1292925394588974 0.039407427831799104 -0.02213963349038037 -0.016098792835484804 -0.010874847870636159 0.010089377496353172 0.007605257900819821 0.0030242451984604096 0.004830865554408841 
10 10 10 | 0.13341377661614617 -0.028929503886351845 -0.03139710215211048 -0.02515518073962222 -0.007294060381154155 -0.011905707623768042 -0.0060768529102087025 -0.0020884391258157112 0.004368654883332097 
11 11 11 | -0.46626481169066025 0.01884357458832381 0.06234291066392825 -0.025412153628856037 0.013897733644762704 -0.02924289806002792 -0.0017771833951322018 -0.09748949469989762 0.012123791899049965 
12 12 12 | -0.15942989134099506 0.0008910258606397468 0.01846314413369052 -0.01630023716003995 -0.1225186916348532 -0.08345177532166242 -0.02285564545890092 -0.14628594523838614 0.08876820556801453 
13 13 13 | 0.0857534629803327 -0.007897667898900722 -0.041361516769267706 0.0033374956199420593 -0.1798026404359524 0.031111970307728182 -0.044531458878572065 -0.15135738148190656 0.08154038812179101 
14 14 14 | -0.2855031215639059 0.005721681526077849 -0.021155114825661684 0.0016696432585649962 -0.0653916148889414 0.06379463443413323 -0.03575662665710409 -0.16510794144492427 0.0897219195346812 
15 15 15 | -0.13106756025251887 0.010946479840578735 0.026558106107765544 -0.011838204590003813 -0.053697972919559495 0.04034438841762557 -0.024064608594038233 -0.1659031666086875 0.10351173710038107 
16 16 16 | 0.4015231593846922 0.059250251490590634 0.11665949202425639 -0.026205378505374518 -0.15616597549055233 0.12708803376105324 -0.05979485293977247 -0.06347276411172732 0.037097325716425204 
17 17 17 | -0.3472001903016402 -0.03736503774726122 -0.043530546954914144 0.0034093086357346357 -0.06983351739653959 -0.10032660729439052 -0.0051238607886571995 -0.1975052525677544 0.08264876240150992 
18 18 18 | -0.5919110210057337 0.060176685361263964 -0.09535890233280124 0.019181223312851714 0.012706078022743766 -0.09196009918694434 0.020152308631012836 0.09210707836948784 -0.044424098197635035 
19 19 19 | 0.1430604436488262 0.03783012325388922 -0.03653123531985923 0.010613657715465902 0.00876765730899985 0.01617328225047334 -0.0011225377985575398 0.010109590692509078 -0.002779043405411094 
20 20 20 | 0.1691835416965859 0.049117327506797856 0.013754952294736248 0.0006348063815933659 -0.004429185285416297 -0.008126063406880197 0.00339668241236551 0.013673208332279599 -0.007345104373171657 
21 21 21 | 0.1435668757129105 -0.03963074432573202 0.010959407550040988 0.02362638111430261 -0.015316927209620862 -0.0031813961258066958 0.005832289128348035 0.006544409270788895 -0.0011069469436924108 
22 22 22 | 0.14768241270703597 0.03464638904331048 -0.005240015048856345 0.03234645269918871 -0.0048468980974791945 0.01408220230824831 -0.007456534554406367 0.002488383311853649 0.005618882027105808 
23 23 23 | 0.13819965492560493 -0.051930251918584136 -0.013795492548064933 -0.0025247642791231726 -0.006653072601877884 -0.009682180349340727 0.0034879281724356937 0.017730610872183406 -0.007284288778574449 
24 24 24 | 0.15330825369366075 -0.042990002983817055 0.02258440930475681 -0.009351035414702872 0.01348531352895102 0.012670531835016088 -0.0011143036084873517 0.0013619228750138014 -0.0001925443489262946 
25 25 25 | 0.44402752624782993 -0.014362592368490851 0.01707548276545397 -0.0038205193870605066 0.0010308782248320968 0.009172485352277106 -0.0020091975079006897 0.013550885372409832 -0.0056555053631835665 
26 26 26 | 0.1512149804622237 -0.00148780228829546 -0.021862926639439586 -0.04314045798828554 -8.822036505188204e-05 0.0017446617813847358 -0.0038073315867060815 0.0004477924210945067 -0.015712555503782692 
