number of atoms: 23
number of fields: 9
Multipoles
---
0 0 0 | -0.36700059546216135 -0.09042733885118556 0.022894850288428605 -0.02737154916860179 -0.10821428154708834 0.019433679483338247 -0.02881657284967549 0.01609769539251449 -0.015688381214388286 
1 1 1 | -0.38301124829216704 0.0989753330780474 -0.013461725326644209 0.02300541761884766 -0.09435254741184773 0.05704626617812731 -0.052036466441392475 0.0032959012352740003 0.01740583467021903 
2 2 2 | 0.1179292415381189 0.019360216759315017 0.045428286428995185 -0.009999919680817914 0.0005752483151749619 -0.018360217500904885 0.006213899628234673 -0.0006371534249153088 -0.0034717471130384626 
3 3 3 | 0.1284458524130878 -0.008519374580668522 -0.01594902666111194 0.04713650492934201 0.015005854797454305 -0.005052155370313632 -0.0005557918969437831 0.007685718933566294 -0.0003074091791268001 
4 4 4 | 0.13111136814605728 0.007266295294014513 -0.04053761549092543 -0.02904289691427544 0.009192645963398492 0.0013117820190542166 0.013259675092987684 -0.0008033854045223874 -0.007219371040068428 
5 5 5 | 0.12092938717790469 -0.013807897458401636 -0.04720499585457424 0.011700395265536668 -2.259228178751418e-05 -0.019467436857529285 0.006227446009458815 -0.002981243474728347 -0.0014391371187821357 
6 6 6 | 0.125322610466006 0.009003633037465196 0.0054407257581384205 -0.04956945354298728 0.015175841266650678 -0.0025152369399449245 -0.005721705626105867 0.0068187664979914835 0.00675305571430739 
7 7 7 | 0.12687233187559532 -0.00857095278378173 0.03525401273268416 0.035177181487266736 0.009808184388727154 0.0052420417589316105 0.011733238966955177 -0.005913397960717409 -0.005659630711752953 
8 8 8 | -0.47613732354670457 -0.03557047053413533 0.046031958961749476 0.027789851731039476 0.0020547000678651905 0.022643115053546218 0.0819608837078629 -0.02268478868821078 -0.07062907823021185 
9 9 9 | -0.15794177968953438 0.017988685086750104 -0.02379583678983613 -0.01638001399021304 -0.050570636484034426 -0.13708786521796457 0.1275683556063166 -0.1290894899834342 -0.016559476881499113 
10 10 10 | -0.12884380783578742 0.030133393120303168 0.008906921812060974 -0.015094862861119484 0.039450606725851 0.00758124904322925 0.11370804958160811 -0.16479665869914997 -0.11360418333588829 
11 11 11 | -0.12438324796864197 -0.010008847855071674 -0.029049915728042264 -0.00782498945750853 -0.08549471366085176 0.011078827209054839 0.1942622096922325 -0.05988932988011199 -0.08291002289889193 
12 12 12 | -0.19979174643020414 -0.004893948998322216 0.017153475172618782 -0.0005274645292691898 -0.09450122740399003 -0.00036853956312511493 0.18770467038098065 -0.07645928490369858 -0.04935257572658264 
13 13 13 | -0.2060547652187923 -0.019509351635616866 0.0034329241401731482 0.003455627529215257 0.023187721075740124 -0.01886515242224784 0.09343837180010245 -0.17805499602973912 -0.090921506428636 
14 14 14 | 0.1458309107323137 0.02057602744536778 -0.023287917910936755 -0.01849838740690463 -0.04510455350731018 -0.11958056859660655 0.1645625143796483 -0.15449140263939032 -0.04666855561103181 
15 15 15 | 0.13579730115135658 -0.029780236271341548 0.037059585477284225 0.027924375011630635 0.004248344449850948 0.015733528977715183 -0.008150814039336103 0.010263446608227929 -0.0020321965395293296 
16 16 16 | 0.13468501367908436 -0.047980641712668914 -0.015349132908738504 0.02386057917446787 -0.00756189750299519 -0.003047849897379814 -0.004428238807432246 0.014216020936785723 0.010168374657273315 
17 17 17 | 0.1378044606649098 0.01724825605474339 0.05323975376548574 0.004506131780708307 0.00896497347536064 -0.004819424140538836 -0.014845323775400932 -0.0005859407685732362 0.005035585524416187 
18 18 18 | 0.14177327411295426 -0.018255966150043306 -0.04835656278273007 -0.0024699354216355714 0.010976327157518251 -0.0025803015196409233 -0.016876264164130315 -0.00433532067908814 0.0036416427137279214 
19 19 19 | 0.1431990419105562 0.04504929828004072 0.015911312136087385 -0.020924482076674127 -0.01033276565998093 -0.0010552505246606782 -0.0023032872131049796 0.014923163272158224 0.011090983589241734 
20 20 20 | 0.1461876151128232 -0.012946043220711759 -0.036254943419886616 0.026670479678073032 0.006211226953281559 -0.010573205199444238 -0.0023388486158011407 -0.011702024702208156 0.007224497256036317 
21 21 21 | 0.1491750635942466 0.042419276096320103 0.014209187042660108 0.01668380525928104 -0.01501644034115418 -0.007222265570436986 0.002202860831256157 0.0018847888472276388 0.005266176231590118 
22 22 22 | 0.1561093546123391 -0.016907803558410803 0.004808533674545865 -0.04518113362345988 0.006120387520871848 -0.008122479118123202 -0.00027624699177727425 0.011652396405459696 -0.0017588431670730162 
