-5.062383567794286	0.5345386355036658
-3.396198409127528	0.4689140775962173
-7.200790456435677	0.4119373228397968
-7.08947878496157	0.41024477760973277
-0.8589023082662482	0.3848197563152723
-0.8335245773696357	0.38265252023111795
-0.8115360007058183	0.37752496981985245
-4.5463081127174325	0.5079164064991213
-3.4017615890418007	0.45548964089322086
-6.317986369637214	0.45989380709858496
-5.970719477109742	0.44603210047098496
-6.314125356867662	0.460069781867784
-0.5179555149282682	0.3328675350414563
-0.5830454412915717	0.3373837985491098
-0.5770910026022624	0.3475544047714262
-0.5697013916955695	0.3345057842174661
-0.5695349470424378	0.33426047269737813
-0.8414878440885829	0.37609030592033765
-0.8974391463515999	0.3873253249002372
-0.8809499803546287	0.3856199528268679
