number of atoms: 25
number of fields: 9
Multipoles
---
0 0 0 | -0.43134450967572135 -0.02041900266006672 0.10818837508216458 0.03307190547372787 0.19891417022654453 -0.02161629167804128 0.09196041401534705 0.023200043071538973 0.02368625516435572 
1 1 1 | -0.3966666301374371 0.004205638185960864 -0.11821469363283563 -0.061780501398621714 0.09365878056041403 0.04856633992178017 0.057388280721532035 -0.10382674266433702 -0.030731704544225493 
2 2 2 | 0.8835971381484304 -0.0019244477655603462 0.004372230369559492 -0.07701397377667347 0.16910405221703398 -0.09893258398309104 0.05893232102174103 0.06673802197247829 0.00839990151564189 
3 3 3 | -0.7984567826183451 -0.004421369065978605 0.026404387882954575 -0.024750989073502778 0.12096373129109092 -0.022770037897343453 0.035106238126912416 0.05903064519880083 -0.004617510766684344 
4 4 4 | -0.8320383512182179 -0.006049337784574725 -0.020207935852433977 -0.04653982391019286 0.10799946694601473 -0.0591272926641492 0.07494967453051628 0.06775604304878723 0.031118825072401962 
5 5 5 | 0.12643615928666552 0.03929497217155802 -0.005494053885258561 0.014930417759058155 0.0021788301364840555 0.009076901066551638 -0.010484719197689679 0.0089804466031188 0.022255051858340237 
6 6 6 | 0.12417585413440935 -0.039408160793582614 -0.013372871788343978 0.0006641199967997347 -0.005242594430269113 -0.02627334771896872 0.008807121783696982 -0.0017686430118338588 0.01931520065562228 
7 7 7 | 0.13928805868817995 0.04724671053029374 0.008927952029766326 -0.020568019281434813 0.00369594735438574 -0.012837213746711533 0.003887886374687508 0.004558350727334747 0.00616723994824604 
8 8 8 | 0.08345142175912235 0.002180737105320599 -0.02172206888854841 0.04177994376843451 0.008193446806771058 -0.0012295532194642018 0.009469360319075555 0.025033707461992342 -0.007747744004340808 
9 9 9 | 0.12145685473268175 -0.035019437226250484 0.011286574480162228 -0.030076276353929007 -0.01286345229440486 0.014020640229970911 -0.0010312658891367809 0.004474013838606717 0.013833693012265117 
10 10 10 | -0.4768270062383859 0.005492375812864882 0.022067374635540055 -0.07294385470446044 0.0773398376368163 -0.0418950215128517 -0.043277838565914176 0.07971329253518619 0.0721858160112597 
11 11 11 | -0.19509559636196538 -0.013129164210103229 0.02163826849763621 -0.012177264607837851 0.11767713017928631 -0.12618334043228 -0.11696256520243628 0.10359047369968555 0.040780560526926406 
12 12 12 | 0.14175454175782498 0.002321265047855532 -0.012391762847264719 0.0357859591265289 0.07695114643501853 -0.21287396552477214 -0.11334070233552962 0.0010743307698566915 -0.0017561173108558 
13 13 13 | -0.1022937717464103 0.0028057434626612373 0.023659051752028797 0.03954786209443679 0.1551894495668062 -0.15875573131263016 -0.03989192685929142 0.0159801777465515 0.12082329410961017 
14 14 14 | -0.22900253368166457 -0.013402737544011837 -0.0029718694673126775 -0.014605189743605335 0.08169677027083282 -0.14996313007054296 -0.007447832055691236 -0.030016835766156186 0.09945296954317237 
15 15 15 | -0.16061562429281384 -0.010973862355047112 -0.011087453205579459 0.03229915658983006 0.05786669537897769 -0.20300807736920054 -0.08848603709009902 -0.02317875759011601 -0.006642281410053323 
16 16 16 | -0.14130581184682267 -0.022972469839792394 -0.026640397260901276 0.008226016702358112 0.09576299389851817 -0.08819349628207573 -0.11943150602892506 0.12448537777552757 0.036826293800798285 
17 17 17 | 0.13926463375050335 -0.030076963727617947 -0.04186132076824482 0.0024270039680541603 -0.007331511777624885 -0.0023059769906341398 0.011735641782483246 -0.014173331133946549 0.0019574380154774745 
18 18 18 | 0.18340225545927347 -0.03743304041018851 -0.020392399347132183 -0.04423866214738408 -0.001101780830527391 0.011617312502222057 -0.005380286260692563 0.0037116671722194827 -0.007896388724864273 
19 19 19 | 0.1480848206301968 -0.03258159772550213 -0.031034082299247347 -0.010589148535984442 -0.0012252782654505493 -0.01405673298555557 0.0006007629210974016 -0.012107919246827225 -0.003344670726364737 
20 20 20 | 0.1392871641613762 -0.02158297331879784 0.0404932572395568 0.016663828464760454 0.0053367550003398136 -0.0001551795255504609 0.003612801059174695 0.010644740233110872 -0.017207382513822537 
21 21 21 | 0.12862589463840357 0.02507701762680416 0.019823123336506373 0.03684391359888501 -0.011001279524547544 0.010961168219626338 -0.0068433771326687955 0.005872032087013112 -0.020453561563586187 
22 22 22 | 0.14149578523584283 -0.007264528684466001 0.02207716250816132 -0.04945588485447885 -0.0006543181307751872 0.014678652468637268 0.010352180774924799 0.0034920221362706007 0.008335438255789333 
23 23 23 | 0.12197396259534998 0.02365191916520143 0.04623623119739862 -0.0076849403193755255 -0.009146775950481268 0.0006419179873354577 0.011780136195964911 -0.016308065845897488 -0.003309157648482754 
24 24 24 | 0.13893273520040328 0.04484640777717769 -0.012661957130538684 0.004164687473586719 -0.008284805458215166 0.007761840249074808 -0.014140799518542075 -0.00204683038435013 -0.003264270255946469 
