number of atoms: 26
number of fields: 9
Multipoles
---
0 0 0 | -0.3854728976514181 0.05765035328049564 0.03167828025257447 0.08321509637360427 0.008170942554251156 -0.05127644176870868 -0.09946966562640776 0.06780682139732211 -0.06755827397098807 
1 1 1 | -0.3912291890290973 -0.04836860219151583 -0.03111775748504962 -0.08044115629210315 0.015222091413811005 -0.02705989359683964 -0.07869434535691447 0.0524109033411277 -0.04344182626999066 
2 2 2 | 0.13026633076058858 -0.017896604591011105 -0.040727975018465166 0.024987182020806197 -0.0028039467148929785 -0.008425403238240958 0.006110780552853262 -0.013325537584210187 0.0004136778043157454 
3 3 3 | 0.1261633486463476 -0.0264928865230778 0.04322083959247845 -0.0017271182824820017 -0.008161789033883754 0.010336113102986029 -0.0002827898257746066 -0.004663607860583193 0.006660645858922833 
4 4 4 | 0.12358943203814476 0.0425821733341189 -0.006036476527142092 -0.027698242292577342 0.0069075081548974114 0.003816089402399584 0.012923741874437369 0.004658282027660254 -0.0012080484365704345 
5 5 5 | 0.13118309365343184 0.019262012398282787 0.03935947951889415 -0.024524393440352784 -0.0016517095663447232 -0.00840911710458334 0.007282321897214102 -0.01409122438206944 0.0015658490532700123 
6 6 6 | 0.1327635574774213 0.02781966237754544 -0.04276963858850686 0.00041168134573988735 -0.006063075584136109 0.011286244330527363 -0.0009637568171048357 -0.003320553706285302 0.012127243795555489 
7 7 7 | 0.13340438712033587 -0.045468163755720915 0.002055079280777422 0.025295146993766362 0.007333203698158409 0.0059746513935743165 0.014746960576985556 0.005379656775261108 -0.0019245223984125722 
8 8 8 | -0.01065170749109079 -0.04261234147054693 0.04073594115306335 -0.09536447747866364 -0.020506595125036164 0.10796373508206214 -0.006076850283084153 -0.03901406952076858 0.038666983339007935 
9 9 9 | -0.5177345209766742 0.058210844932618515 -0.033098543395808235 -0.03228426480697979 -0.0298055567303769 0.07489733815382503 0.011568781805256612 -0.030301140616011815 -0.014373602520315866 
10 10 10 | -0.2737687014959862 0.14182704071282495 -0.05571607645209378 0.06622201219774915 -0.014225625298167508 -0.03938486115057339 -0.0008998086914284228 0.004755382985539705 -0.025873056197239612 
11 11 11 | -0.6412760279168204 0.006233392992048325 -0.0001313609126278403 -0.012288855977591192 -0.029290032558260164 0.06278365836500761 -0.022430525333916585 0.04283107879945779 0.07113796600003248 
12 12 12 | 0.6976840968723179 -0.02131968409633228 0.015944969077262085 -0.04304280880298001 -0.006713321462565023 0.18426046064510904 -0.017104015925798643 0.1356189715779924 -0.025521248746704944 
13 13 13 | -0.6210019037462935 -0.011402649662684896 0.0020067277547757244 -0.060051061020954255 -0.032205652993523404 0.1011681904327914 -0.009814020474358708 0.06439714268736929 -0.005752410203329903 
14 14 14 | -0.2921942429489892 -0.08923065106566827 0.055394781022494434 0.04158712345191588 -0.0227549538822262 0.05777361372298671 0.045793038066500126 0.02467112198080503 -0.03988973737390422 
15 15 15 | 0.10099635846144406 0.05090021836783377 0.0272805962767547 0.01846969352745016 -0.01335097607866878 -0.0007916729298803657 -0.013406447156327252 -0.009564402289824175 0.0006127355449479632 
16 16 16 | 0.09852222113085352 -0.02660699363962067 -0.053209665816997424 0.013064979256538135 -0.0011208418526589387 -0.006181513845329866 -0.00032936248892933634 -0.011067865667265024 0.012439509621854207 
17 17 17 | 0.1574242271356565 0.02880659344346774 0.03666619295321724 -0.0007777897435926904 0.00948176866506289 -0.008952954613245023 -0.00630546423879051 -0.006355637903301762 0.0016893843962087066 
18 18 18 | 0.13027461397354434 -0.01980985622085228 -0.012970642791300198 0.04151626390011985 0.0025996083341102596 -0.007675924779719215 -0.0043816589267334114 0.01589588272605825 0.002411585345767664 
19 19 19 | 0.12899287250198455 -0.010186905203062632 -0.03852495511581684 -0.04467104528680727 -0.0017634987563846353 -0.013387874585638457 0.016130634942466773 0.01186164639968846 -0.013678320145652359 
20 20 20 | 0.15766059988132541 0.0034848640238617076 0.025847606472163217 0.03379372295766747 0.008245463472962027 -0.004497162640356621 -0.003101900034215529 0.012525203272876227 -0.006473657024565634 
21 21 21 | 0.20577928142925106 -0.02023355488169138 -0.011365836611290259 -0.03439848161454883 0.012103145800082614 -0.002478209413327557 0.00443130691526384 0.03449055818550873 -0.009229458368363601 
22 22 22 | 0.16461788958217538 -0.02301861776808284 0.0009463448472243973 0.042031965488537354 0.016119399459334143 -0.010913261418549917 -0.005448893169704671 0.036241235902483376 -0.014940729486208008 
23 23 23 | 0.12422345345284269 0.02262828467095204 0.0445855292048533 -0.022692362547010587 0.017985450602164575 -0.008246146980978473 0.012308596233787604 -0.004655483838782645 0.0010520983327095943 
24 24 24 | 0.19023946832373462 -0.013296718477265365 -0.04300574733901297 -0.004375464930176426 0.007352594292502726 0.0003481062318216856 0.005581333763456906 -0.0078087335794730555 0.005172042534278917 
25 25 25 | 0.19713160444378597 0.033967510108540336 0.007080201036672194 -0.0283142192647782 -0.005988663543252839 -0.0009508414653240081 0.009850537826859244 0.0016277803692457942 -0.0029403573868688753 
