number of atoms: 16
number of fields: 9
Multipoles
---
0 0 0 | -0.37668746837155354 0.06612031249487399 -0.04501285996810744 0.059858447843371874 -0.02051407160779419 0.06987826114758212 -0.06678456942936711 -0.0019288090259766007 0.049212470053526046 
1 1 1 | -0.38850850025061323 -0.06415987623313607 0.05003714116145237 -0.058442526627202174 -0.01936385601329919 0.060168815502677796 -0.0814712202846308 0.015221322180444372 0.05188458035089816 
2 2 2 | 0.12814994953793424 0.03392590939527942 0.03014652497588217 -0.024214264948953873 0.010211905622911127 -0.0060275224855231326 0.009095151309218686 -0.005387115867058812 0.0017882840394326045 
3 3 3 | 0.12272557811689822 -0.014119837692626059 -0.04238064462042826 -0.023738516364988884 -0.00036307978693147336 -0.013307329173368854 0.00021545454672857253 0.004700030235383324 -0.012018414987516287 
4 4 4 | 0.12572260182692863 -0.028914426508337636 0.016985698006397945 0.03771322532315589 -0.006009823106233842 0.003172842658725364 0.012071735307788867 -0.006457114879944951 -0.009213954775593735 
5 5 5 | 0.13194712405194076 0.029911060426902947 -0.011827036739167246 -0.0389138229653334 -0.007555023144291187 0.0026974283627032654 0.012382264327953868 -0.004620253899511798 -0.008064708696654882 
6 6 6 | 0.1283253518825701 -0.035739714245651005 -0.033432786674422864 0.013801342900725494 0.01150303761889303 -0.007812319000259705 0.008621294328163852 -0.004623211040871904 0.007117467493552225 
7 7 7 | 0.12829854637298332 0.006623134433935121 0.04148981903627821 0.029347389845410545 0.001417803114995746 -0.011936542056286057 -0.003604415681794886 0.0071698377564749696 -0.010909521238506817 
8 8 8 | -0.37654599194897287 -0.09248369774692478 -0.01868802238897893 -0.043338169326875606 -0.09805457134408836 -0.031808554423122526 -0.07590785995443881 0.007941204130847694 -0.014262999676450545 
9 9 9 | -0.3735616260195336 0.0958035058933532 0.007580031531609387 0.039402486479926495 -0.08016352798339221 -0.03912481670447123 -0.07754332897223705 0.016941316797318435 -0.015747149452844746 
10 10 10 | 0.12452143481173927 0.022740654541840977 0.010162686428274349 -0.04379505649343839 -0.0017892579625428656 -0.0005923191892674098 0.01726968893536369 -0.0022105358739611222 0.003961258312889748 
11 11 11 | 0.12642294837727241 -0.016183783696602956 0.03912891638596788 0.02715941612661509 0.014293538709879585 -0.0035928185920876044 0.0015319117322896247 -0.0016767132170699534 -0.008657939350712587 
12 12 12 | 0.12857619719328028 0.0019207749159481833 -0.046312263164725996 0.022784582255036264 0.00586176470534474 0.010422135631262701 0.001520521134206641 -0.0025436159463626024 0.005958874712101601 
13 13 13 | 0.12374523845134766 0.0017995548636283692 0.045334205346206496 -0.021851732486188515 0.009024906957345685 0.013017450321095974 -0.001536811781495533 0.0025208284216432153 0.010917888725021316 
14 14 14 | 0.12577647338240094 0.006914749366903731 -0.04327078085393516 -0.025138916092327573 0.015170112314268503 -0.0037140917090821538 0.003953166790584823 -0.002642169663197935 -0.006594508182511048 
15 15 15 | 0.1195651953872714 -0.025924064376270643 0.002690517174321909 0.043319718352548574 -0.0009501131683412422 0.00036547863023007416 0.01897177464822807 -0.0017166108119104132 0.004720871998487615 
