-4.753632827966853	0.5175943593664643
-4.738883937474781	0.5186644223466649
-0.8721545411957484	0.38370987035099957
-0.8538922225091887	0.3779409497902865
-0.8741031104121156	0.38553452396076543
-0.8786456520016888	0.38623561834279535
-0.8704798597489493	0.38625237120511113
-0.8726217715764496	0.3870252672212431
-4.748500858200115	0.5176636760212515
-4.7323123799507645	0.5169583239708478
-0.8739396870749319	0.3847072488697055
-0.869328427307293	0.38394128069879424
-0.8710695365255356	0.3843409282723957
-0.8746445150526001	0.38515137823298246
-0.8761895719793094	0.3851773950432486
-0.8735164687964035	0.387049011047563
