-4.771483442672873	0.5215367096424081
-4.754520217297934	0.5265397946465907
-3.4087974357503237	0.4691137300799191
-7.16778330837803	0.4161851135544874
-7.172487181247368	0.41712693722897354
-0.885053406987857	0.3891985263908812
-0.8848873685003318	0.388815016901468
-0.8671271447576026	0.38705975028402695
-0.8673203801199496	0.3863839746400995
-0.9099679615917565	0.3971886108146351
-4.753700060458148	0.5196770540657277
-4.732446764243225	0.5204358755645986
-0.887906655556037	0.38899212942891254
-0.8946645923503391	0.39121117970145236
-0.8152320548181414	0.3719776954423076
-0.9097227285651825	0.3926282203579134
-0.8600519658665219	0.3847320717852069
-0.8676533798942256	0.38691576772776287
