-4.78324148244118	0.5240015116201256
-4.761056283576771	0.5286234698940384
-3.429827020051028	0.4722233671774806
-7.149273899118097	0.41481513073578263
-7.16994072827417	0.41682481582900965
-0.8738379793663837	0.3877401003132612
-0.8638091458208218	0.3828081048257566
-0.9181495229301905	0.3980052375476009
-0.8704247370976554	0.38726150087469097
-0.8642902670240038	0.3884515582220107
-4.829428858941119	0.5220775971939209
-4.48971506237073	0.50587525420955
-4.271672960350452	0.493783528288015
-4.676864240717694	0.5158896957026357
-3.9428850682923993	0.483875941896235
-4.5237107412442	0.5096707988779744
-4.656132363699774	0.5138140819098085
-6.987623379612874	0.39917783076646884
-0.8437592844379411	0.37436749770020433
-0.8197622050501859	0.3739872648591139
-0.8489825938799814	0.3814578154106536
-0.8618454307428997	0.3847045542854162
-0.8722323521541631	0.3815224519592166
-0.5463542371022179	0.3456488921385061
-0.8453131019695869	0.37852586892424445
-0.8648357710360494	0.387522414577626
