-5.0599948717126715	0.5332616849504752
-3.36578216769233	0.466592955646144
-7.197506112474175	0.41337004487708
-7.156141885188801	0.4141845441958619
-0.8183574453970685	0.3780731382354888
-0.8260802974906274	0.38043748812233086
-0.833871907287512	0.38233700315643704
-4.591610224328032	0.5055179626086908
-5.988650441934219	0.4439806502507738
-0.5951861893417087	0.33586407913541677
-0.6105467495878412	0.3368982821274804
-0.5659474548489554	0.3490002646941268
-0.8659934165674514	0.3806611703835087
-0.8387109331622901	0.3750129861194291
-0.825910539004366	0.37442493624726475
