-5.0228590099509285	0.5243621562441759
-3.4876548278415367	0.46442708931421367
-7.025306076432343	0.40300973418808667
-6.301201833880141	0.4627082801653034
-0.8080339825387224	0.37538993724356595
-0.833141839701433	0.37907971128936124
-0.5773570968378076	0.3371009459297657
-0.5887368292460989	0.3395304335210389
-0.7913732903107139	0.3723936068777241
-5.0286094895708615	0.5256374614581591
-3.475379086770901	0.4633828662777654
-7.029150128966818	0.40458372219862515
-6.323438492139364	0.46438711113441333
-0.5905854114717751	0.34219591660496723
-0.5690942214613353	0.3383110819704919
-0.8081503882741277	0.37538874618559814
-0.8319540815197252	0.37802530344131413
-0.8037840807364388	0.37578224378100017
