-4.869806128064203	0.5209872394576822
-4.587892998843824	0.5159449233286437
-4.043243112347261	0.485218437072852
-4.134115408966002	0.4972516604879267
-5.740416236375161	0.44352115969496136
-5.900528399106704	0.46020453645247367
-0.8256334285943644	0.37647320352586944
-0.6480203150384516	0.351334150933373
-0.8344001511562642	0.3790279338070966
-0.8386161223079951	0.3801140425601735
-0.8778050357163965	0.38264591803690234
-0.8423190612086038	0.3813739217546585
-4.833945014030505	0.5198873360795437
-4.5651528155419046	0.5109118874955157
-4.215273803828008	0.49227492532199446
-4.492636115902576	0.5100718445180319
-4.556287703767661	0.5098790702501655
-4.506915344623336	0.5083663633158035
-4.482439687443115	0.5080775325555077
-0.8510142051794899	0.3773733107664712
-0.8677122346126618	0.3807541740060314
-0.8483304145216425	0.3811811426888646
-0.8467973167016553	0.3815008756606962
-0.8560824791851632	0.37809663330469184
-0.8609408724207386	0.3792951318456455
-0.8624191006355353	0.3787862571239882
-0.8466403137471056	0.38277374467245356
