number of atoms: 24
number of fields: 9
Multipoles
---
0 0 0 | -0.3856514098089976 -0.05318311187395368 -0.09300646567544164 -0.01360754470405985 0.011354821131398574 -0.09891497048716742 -0.017345871911642708 -0.09387536143889354 -0.013232173390527492 
1 1 1 | -0.377550082667252 0.0562324629269069 0.08917404919648032 -0.0003307637234377377 0.0027330553587479236 -0.09085503092702037 -0.011573517337184683 -0.09232297158892554 -0.024444517677605967 
2 2 2 | 0.1387448972169818 -0.00071024608627752 0.0082516437827014 -0.05287133849320772 0.002311343330595336 0.0030260825253462915 0.006259331171666466 -0.0009650561167372269 0.007622419424525375 
3 3 3 | 0.12021873058874466 -0.03420114294890728 0.019727692563555672 0.030745966965815632 0.008330577384480894 0.014832320452807808 0.0020975096215850673 0.0021153953404853135 -0.008031887215060998 
4 4 4 | 0.1253298854204825 0.03871139023486909 -0.02406633495646633 0.020027957457150355 -0.012632332404263105 0.004782193983055515 -0.006845640088966242 0.010870200763425054 7.627655542986253e-05 
5 5 5 | 0.12224288389191873 0.0023976200129451966 -0.00503744690822713 0.050507752164998844 0.003886076023291523 0.00395426461169109 0.008705975937410744 0.005815505017739701 0.015865213794051786 
6 6 6 | 0.1323001189053371 0.03433695943487294 -0.022385486143704485 -0.03152319000553394 0.005795501477796496 0.01335045406964683 0.0007259376231942082 -0.0012798676568006725 -0.006788502668563845 
7 7 7 | 0.12429758440068295 -0.03997157466591837 0.023476942247102676 -0.020023761403277943 -0.013703667172288526 0.004926320638961621 -0.005834405080373681 0.00963991383175738 -0.0011006466609228907 
8 8 8 | -0.46723297781138395 0.04867895093835335 -0.04334947734061264 -0.0208898047808624 -0.022951028619287182 0.07414848034869491 -0.021225115134991947 -0.06459005219037783 -0.026761349284099012 
9 9 9 | -0.15666268395251848 0.01549369526777342 -0.014979227376040944 -0.014060972603210186 -0.1442591410123618 0.0776524233137887 -0.06950948879999298 -0.06630150000926877 -0.12440010888930653 
10 10 10 | 0.08516086263961498 -0.025143402251247202 0.032295994872523784 0.00548750350276065 -0.10538145321103139 -0.021722648893849335 -0.12934895251474252 -0.0883765075737466 -0.1767871008057261 
11 11 11 | -0.28224723143818675 -0.005455597349336374 0.02184837617583193 0.010262159702706844 -0.02083110927372182 0.020131547146399937 -0.05841341968377041 -0.11170405651376808 -0.1581618662492073 
12 12 12 | -0.12939255331142618 0.02243491911256387 -0.017316791675128857 -0.008285804421046402 -0.029978565928250673 0.03946050306424734 -0.04046501488463134 -0.1068157557275847 -0.1651494065508242 
13 13 13 | 0.4009096071168381 0.10474533836660406 -0.08243068420080739 -0.013930718425921222 -0.008952034749694863 -0.11709751050995458 -0.11331521830850541 -0.04830855925780803 -0.14293182713017105 
14 14 14 | -0.34930587724531126 -0.05128216214728724 0.024324332361184565 -0.004252117573466178 -0.13044212844500386 0.12899707766086135 -0.05453897626178216 -0.10170667465465234 -0.10923114507055227 
15 15 15 | -0.5926946248577689 0.007733883331963888 0.1008955203107166 0.053989172633505896 -0.04562113604860747 0.014367760800122774 0.022794207238846145 0.0686506271641582 0.111523963037905 
16 16 16 | 0.1422589992516874 0.01716642166980107 0.04419237213892105 0.025485641116023236 0.01668036990476685 -0.010950782837008708 0.007202631425310365 0.003714360205024782 1.137957161070551e-05 
17 17 17 | 0.16826808506200353 0.04781029348951186 0.00276805558937452 0.017236791719817023 -0.006997605532748339 -0.005230550614850114 -0.0008296165615025759 0.010388970266276745 0.013448917627849801 
18 18 18 | 0.14584715800314496 0.018289610229498442 0.011990112455014836 0.04170089698528266 0.007324703920629625 -0.009866512670020448 -0.0063286744996452005 0.003577786959453362 -0.010012913818721188 
19 19 19 | 0.1450336393883649 -0.03563411439514034 -0.030596954639610856 0.008289262882137459 -0.013979957064896083 -0.009899350463835705 -0.0023354955532268024 0.003520880704518327 0.002105971890140183 
20 20 20 | 0.1381359241222534 -0.04880467764312089 -0.004633766906521225 -0.021267235941312163 -0.009182688873608461 -0.006858084325194391 0.00011388758552370895 0.013303122936375172 0.014310380210085164 
21 21 21 | 0.15281967667820895 -0.026239586725836983 -0.03310694091761122 -0.025401030255744337 0.01689341930335769 -0.0016288345927755721 0.007655953911862203 -0.001761613682100026 -0.0018619697952202568 
22 22 22 | 0.4455977221928401 -0.00486722554418742 -0.018662119713696596 -0.011341304759633367 0.008323257867247585 -0.01215005493462417 0.0006938948300072341 0.0069216944501700765 0.005325821204380785 
23 23 23 | 0.15144415510604115 0.0023888822930692066 0.02807126946072181 -0.03925684593601486 0.005425615696771453 -0.002877941829253148 -0.008982029670523377 -0.003169362871750341 0.011914622540901207 
