number of atoms: 20
number of fields: 9
Multipoles
---
0 0 0 | -0.17488953836658983 0.06766008430538382 0.08810316431974424 -0.11694326513749613 -0.041979237181278446 0.04737038415775064 -0.11726500404643972 -0.0015732708470830134 -0.031638170093871966 
1 1 1 | 0.936404398665923 0.02084250490146009 0.0031920826427234497 0.007841911888192409 -0.01591551743649993 -0.05995188196389795 -0.045247266802561796 0.07713884504241893 0.06097614493191124 
2 2 2 | -0.8990707722881837 0.01891516317066667 -0.005579754946726273 0.005289789359500742 -0.0158366742149465 0.00393936085309467 -0.01692958786260606 -0.016392883216498132 -0.04335526717974756 
3 3 3 | -0.6095934345193674 -0.0849165811383111 -0.08215231955903851 0.09045265240445456 -0.01411707122189725 -0.013497046032139777 -0.0014970899236276185 -0.0014563727185344607 0.007784459385574432 
4 4 4 | -0.9200629037010586 0.023541808882921844 0.003475068057261639 0.007952618588574791 -0.028932350903378038 -0.013059676141031394 0.03025876567439418 -0.0357576035875276 -0.03150417919870719 
5 5 5 | 0.42663999454074375 -0.01149671291760822 -0.015340171170961233 0.02165662555475022 0.0022140429194243685 0.005382239759454606 0.014108157090710692 -0.01089809298279442 -0.003905092150410984 
6 6 6 | 0.49325677749482455 0.024921285591897824 0.007747457860183148 0.009838423175130404 -0.006216260388273177 0.0006999433634597733 0.0004910799850840321 -0.008426134838878828 -0.008729457929534036 
7 7 7 | 0.3884222842969345 -0.019560761865465296 0.0020812205798097757 -0.029600722702003954 0.012723523894444188 0.017951296310446962 -0.00018936281183110974 -0.0028247905643374624 -0.007484544376702647 
8 8 8 | 0.42643763342006025 -0.006440660848371781 0.007965920857988739 -0.02706252448445208 0.006889661781125863 0.013809713657760887 -0.003835342641141471 -0.002728912062986844 -0.008578365352202216 
9 9 9 | 0.47392256470298433 0.0248098766878823 0.008389770636947074 0.007463713640871278 -0.006265223058210622 0.000261130300921833 0.0008981939899845143 -0.008698112579628233 -0.009684620630202976 
10 10 10 | 0.12613666416487157 -0.0024678311401156276 0.03738131140101739 0.04937031591963305 -0.008633317905266757 0.013163265313060484 -0.01844624956061468 0.004409145880233948 -0.012149768493662368 
11 11 11 | 0.12945497257643002 0.029077873325401057 -0.05630441537473494 -0.007158673873462464 0.0015344595314179276 0.0044857740549999634 -0.023218563616497035 -0.0037273023962785647 -0.006371721792122265 
12 12 12 | 0.15886527021528107 -0.06221482652466652 -0.011044694657946481 -0.009967912900999664 -0.0014487940905581662 0.010797299032324693 -0.01187684087570925 -0.004615833750063227 -0.016487258541932635 
13 13 13 | -0.761531644180935 -0.04329164601709508 0.006450916781152897 0.06723092622969344 0.09446190096868667 -0.13077406183364118 0.005795094529179997 0.29081592392230676 -0.10503466970196806 
14 14 14 | 0.7287102781706629 -0.024315472292554152 -0.008838332497948248 0.04356096394673928 -0.010522382482449947 -0.1743099053565056 0.013628245728407177 0.16488353926592883 -0.04622234191663723 
15 15 15 | -0.7233792750418679 -0.016607776655248735 -0.02371250356232759 -0.04025605632357481 0.010171259573841282 -0.0923943323676555 0.14946077470440808 0.14103450017530939 0.01795081685255929 
16 16 16 | -0.7007028959627526 0.07327019159594596 0.09685583034987168 -0.004818405606964002 0.06722508877381524 0.13236815886014494 0.08131710848731678 0.16482243366948005 0.011343718991845622 
17 17 17 | 0.20617142568520808 0.03838542165417993 0.025943755065078924 0.018602435092657483 -0.00016594786997074367 -0.014695679392713943 0.018002649702897562 0.018807981978319722 0.004646592458207329 
18 18 18 | 0.1267295233282425 -0.015630306328256557 0.030881834400894516 -0.009225016782246636 -0.012550236928779318 0.00959369192951304 -0.012277244635032412 0.012649103867485524 0.007061528301702417 
19 19 19 | 0.16638368129282233 0.007483166797895602 -0.04100164532232284 0.00913377369287481 0.01445077914829433 -0.008036585103490241 -0.00011366887590774921 -0.003163345090163921 -0.019533264461650286 
