-5.065494383716739	0.5333035737905183
-3.3537699045822493	0.46494901836440394
-7.210082682106251	0.41240699074501164
-7.1505338744337426	0.4140157609580055
-0.8165239453935308	0.37784127732458533
-0.8217407497217826	0.37889847553603717
-0.8424070572294156	0.38481631246017023
-4.368556721469846	0.49922541508088253
-4.853067297830415	0.5179996562213469
-6.020958358548397	0.4456715946205178
-0.8456980381969772	0.37372482277964464
-0.8877109212626888	0.3809213528566957
-0.8663256521417017	0.3846353486220355
-0.8033664583042924	0.37380095308014183
-0.6078612435562096	0.33648895658643224
-0.5567642432115266	0.3469034870287697
-0.6040068914318861	0.33627467979521647
-0.8271262788897903	0.3783126003437447
