-4.337518787118389	0.49826927398219933
-4.872676734209971	0.5190644523841612
-3.402902253354711	0.4551818259773886
-5.993222112401724	0.4485652932284514
-6.2816801948159675	0.4563040870167115
-6.296809626253777	0.457155074036674
-0.8941653066064076	0.3813162453453183
-0.8551837659737658	0.3737613658851887
-0.820491431166852	0.37406193004894794
-0.8443682296401422	0.3788670053942956
-0.605769787761437	0.34078557021766226
-0.5547418085062341	0.3298980228038867
-0.5565160462451195	0.32987697948999006
-0.5576540026419465	0.3312133252094191
-0.5533361629276107	0.3293325490911648
-0.8143178181707325	0.37494949849292575
-4.739959213138922	0.5167125813941357
-4.747117557352418	0.5167599893934737
-0.8717840348918257	0.38331303809162104
-0.9056314614180389	0.38936760665791803
-0.8503391867176654	0.3789558039747581
-0.860917286090772	0.3811920888711809
-0.8471414079007339	0.3804504799388581
-0.8840096030955161	0.38943563086975264
