-4.741603503380749	0.5179059315929617
-4.763711285043808	0.5211394480441257
-0.8760118246293384	0.38554854972900043
-0.8756529419150714	0.38500227505468043
-0.8679451143393153	0.3825928094800725
-0.871290908830811	0.38495108772960346
-0.8635727467939478	0.38535170172754757
-0.8588192838252029	0.384068742076273
-4.503320838166109	0.50687845072551
-4.78260744350797	0.5206440300295927
-4.79612888704608	0.5214243625150148
-0.897600110038115	0.3848082613907526
-0.8817497050651989	0.3788381173321185
-0.8734524236196404	0.3860188723498309
-0.8624650327200285	0.3826568715871181
-0.8669569060023488	0.3848226195205562
-0.8656096603408857	0.3845695075568646
-0.8671994550457125	0.3867095565167092
-0.8692406205885543	0.3868432321953931
