-4.728374833274779	0.5157882685317791
-4.739857541780609	0.517838607743168
-0.8782223367674117	0.38374023675723606
-0.8805795150569865	0.3863887223789433
-0.8716118409254685	0.3838190545048398
-0.8745684452802753	0.3851979213447721
-0.8716304396422707	0.38650099277638317
-0.8709900755922743	0.3862904087552199
-4.8325851418700125	0.519788507717641
-4.4784084822631325	0.5072584428602683
-4.56421339217327	0.5090990022756218
-4.513038011207754	0.5075220020958514
-4.214164046027275	0.4907280902768869
-4.477427625823582	0.5063277475400024
-4.56026028777795	0.5097097374700862
-0.8687743376451051	0.37876048734237144
-0.853241803280141	0.37583660788002804
-0.8618372919600314	0.3792895431876885
-0.8672737311784998	0.37960232073830286
-0.8506826238950718	0.38212732196190013
-0.8545139567212929	0.38261365173707595
-0.8637216324409364	0.3802852980955763
-0.846225214374661	0.38320186905943987
