-4.544096871289761	0.5039412287472556
-3.41351897477476	0.45756581583936523
-5.98270200791683	0.44923345502408235
-6.271484890294471	0.4557253109972
-6.289111624384673	0.45698937578989973
-0.5957742241027367	0.3371558643273296
-0.5591612796668983	0.33124495773673324
-0.5565735683668189	0.3295188469255342
-0.5550410334898761	0.3293734017586263
-0.5531391108011693	0.32907339132464986
-0.8636366134841893	0.37896697408655533
-0.8715942565118343	0.3812390130113064
-0.8229376104544619	0.3739414217641382
-4.7506176214924025	0.519096697389835
-4.736437128583589	0.5156464565039589
-0.8718508628478298	0.385369090630297
-0.8859130008418653	0.3844675674840274
-0.8785754617553443	0.38581148083309824
-0.8631015928697116	0.3819455190540603
-0.8560496667353114	0.3822621094438557
-0.8620722739645837	0.38435614111670363
