-4.550121008713963	0.509329134654373
-4.780062794691689	0.5188175228160239
-4.790514589425024	0.5190504068233359
-7.324424760772065	0.5909375512824656
-0.8705639699187342	0.3806972719857572
-0.8415064335099101	0.3710574315078822
-0.8501078712866527	0.38047506583270985
-0.8633836807830407	0.38223746342276943
-0.8420489101699896	0.37958370853813744
-0.8155036575140818	0.3727031437003917
-0.8438738006006883	0.3790630633620889
-0.8642637864266002	0.3868295066095026
-4.737672742124963	0.5161621396996505
-4.738458452688409	0.5179483884785429
-0.8811528449363379	0.386156934297502
-0.863058332913603	0.38141301212974643
-0.8718058753401489	0.38431981785461605
-0.8712569889416795	0.38410151211074195
-0.8730068885703837	0.3866606244003315
-0.8797193434788034	0.3886097075748907
