-4.738955890634495	0.5162094305617775
-4.743740627145204	0.5170536165381254
-0.8804159267467353	0.3852133366601304
-0.8733509652495696	0.3845573308160877
-0.8687068963714388	0.38266053258257327
-0.8718011442713947	0.3829477024113508
-0.8730074788067381	0.3843323811043424
-0.8704577563493385	0.3864514838522987
-4.738127423015853	0.5158134851605802
-4.747625891322349	0.5178580489955101
-0.8654608688439953	0.3810491398305287
-0.8789668107134369	0.38567272877259134
-0.8744234634950068	0.3851346109255257
-0.8703212021992943	0.3827813259273267
-0.8714584731774827	0.3864514508088936
-0.8716236900167397	0.38640135768220424
