-5.053201626069653	0.5315577450367859
-3.390016649938738	0.46755150179336613
-7.151673523805583	0.4096576912299316
-7.165252700614033	0.41126161167893494
-0.8254268568632959	0.3785987940708356
-0.823413943092307	0.38015825084534793
-0.827447811029005	0.3810555001006192
-4.532188708010647	0.5065779658244945
-3.403650996929897	0.45633510469964766
-5.967485876549089	0.44549575631588023
-6.321125303571124	0.46184627807771844
-6.319470911240956	0.46069373917545237
-0.5710596707240064	0.3470961510753654
-0.9067903249012538	0.3894669025175524
-0.844059498226898	0.37592923525527505
-0.5782279243482435	0.33917898140587577
-0.574292912241718	0.3352557733118763
-0.5212751398208595	0.33827315249835554
-0.590838624557654	0.33943725744638154
-0.8819182270379892	0.3857140113160938
