-4.8573663490067895	0.518432313474843
-4.554067322424018	0.5122337256663997
-4.08308342559212	0.4880520818427751
-4.140190146880293	0.4958570517969219
-5.759059237547675	0.4441728223434655
-5.88477387967557	0.4587474046007309
-0.8361103830882668	0.3781184458705785
-0.6458318626900675	0.3503406797699065
-0.8398335716649507	0.3805034274632354
-0.8549025690114416	0.38209210640462893
-0.8621187755264826	0.3794362817884489
-0.8085747499842088	0.37428196015385923
-4.5293070946642064	0.5027374466825975
-3.4079244340045607	0.457296229652863
-5.974441575557424	0.44714840616467627
-6.292042787760935	0.45809549791086335
-6.282583406972956	0.456832638585865
-0.5943911023723231	0.3355745052977645
-0.5630157827095539	0.3321951743900008
-0.5618252927337155	0.33167511105236286
-0.5475527922446307	0.32815969250018984
-0.5590160358483542	0.3304917302580323
-0.8494492382067463	0.3757884054507338
-0.8763609107107573	0.38072944018469385
-0.8545604777235479	0.3796384489237486
