number of atoms: 26
number of fields: 9
Multipoles
---
0 0 0 | -0.4211758673835231 -0.0030563902580898836 -0.044947276913293525 0.09638063609606126 0.03928513647666684 -0.13731451489250454 -0.06507285757334894 -0.06001352551392151 0.005383791248975433 
1 1 1 | -0.40375161500926104 -3.937983963594438e-05 0.0570497066919569 -0.11782047526591485 0.11482423348300436 0.02229895329108102 -0.002320384977140199 0.08509504434936226 0.07271046268161968 
2 2 2 | 0.9199854808342005 0.03864994226091704 0.06650404419967619 -0.0037697152850451315 -0.07183398921774604 -0.05389786878399483 0.08984763014643231 -0.18133077908050224 -0.036371078202886487 
3 3 3 | -0.8358348852603008 0.005808515675505425 0.04565520318571895 -0.0008364169093198069 -0.08432672946809552 -0.0751098469719492 0.05984619545236852 -0.09539841400595375 -0.019878999580535992 
4 4 4 | -0.8216002438133874 0.028500297800220977 0.00203627184401949 -0.0459164516411418 -0.02420493100037695 -0.15227509811306308 -0.011357479331719978 -0.1063671278679748 0.02707475236530576 
5 5 5 | 0.14125336612775752 0.03132121538104482 -0.028028141230454783 -0.02087589343277622 0.002574303904004656 -0.0036985613637626376 -0.003196518662157375 -0.00748791551719039 -0.016834922895088575 
6 6 6 | 0.1148697781054745 -0.03568770729502065 0.020829293209496152 -0.005123385966793508 -0.028903259036031866 0.002500846137159301 -0.0181728096174341 -0.00960661352849554 -0.010673240885983537 
7 7 7 | 0.11647427479752648 0.04861617184394834 -0.0022739915863300604 -0.011316758353272074 -0.013369869036625149 0.008139170853215633 -0.01583191391315301 -0.004853470762611997 0.005001578083794799 
8 8 8 | 0.09829056795818569 -0.036460042929375276 -0.02779942119874126 -0.0182370629419798 -0.0002734353629688284 -0.015643880418629404 0.009753442589060158 -0.01666726449812346 0.009028729507260157 
9 9 9 | 0.13273423748675972 -0.008399171531645806 0.04663921129916513 0.015470501462778513 0.007114713345647723 0.007503271039291224 0.007402473336753816 -0.004319130002248051 -0.018530597729355273 
10 10 10 | -0.4563419985723005 0.028660472032875233 0.08062543714318 0.013999236995500946 -0.0027289222162770323 -0.13490340370718215 -0.03953881312900577 -0.03326095648148038 -0.04402629701948601 
11 11 11 | -0.3226560718390523 -0.07963305694707011 -0.0033928023421172264 0.001824085871593754 0.04365317039838374 -0.2415072624613756 0.03802745332358669 0.016327279432462434 -0.004542518598474159 
12 12 12 | -0.15446773117425572 -0.002476038301767288 0.04592741076932872 -0.004112514778996423 0.07081857544852985 -0.1492041408708929 -0.023609767062803263 0.05543108948926511 -0.06934569614055483 
13 13 13 | 0.4327418458666763 0.06632930005110939 0.1184385852890585 -0.0063444266513791965 0.10835683894132993 -0.029685777931831553 0.057314919513904224 0.1673764423749541 -0.05793013058094939 
14 14 14 | 0.07996463402356913 -0.03712323092767833 -0.02036132354085712 -0.013192851918901792 0.0959322494266706 -0.1276620327919459 0.09515126539932187 0.13581186119024913 -0.037283865571275714 
15 15 15 | -0.2968525511917486 -0.033888288791144694 0.004730885149347693 -0.01822084372869286 0.06947480931077346 -0.10877868279350443 0.006455962816176574 0.08468147619340996 -0.10109202956297941 
16 16 16 | -0.17493129511219507 -0.0059732448601051286 0.032808643333430074 0.007070965159102733 0.017883240841256913 -0.16392639744310641 0.09089177533293158 0.026167817655003024 0.008255717817157258 
17 17 17 | -0.6077689907425512 -0.04444743060691808 -0.035849200147974186 -0.10257149926745755 -0.07246500092788577 0.01308997659969167 -0.005473421082607826 -0.009513723551743437 0.11307656639142168 
18 18 18 | 0.16407962875889492 -0.009322362283732368 0.016610583834675303 0.04593286081392483 0.006642849449863754 0.005650637563262619 -0.009865812480442816 0.0003660143063542728 -0.008676951024828884 
19 19 19 | 0.13441027758387059 -0.030763876333550735 -0.014063363664577689 0.040096869364158835 -0.004292006761390563 0.008403860404253363 0.007255896708390781 -0.0026089363693266605 0.02032964739057095 
20 20 20 | 0.4713281311476528 -0.0071815382968194365 0.012446132247966578 0.016044699336516983 0.0033103231605007863 0.012591193503706192 -0.0040823397799971545 0.006977040792248187 -0.0005841789877434727 
21 21 21 | 0.15756705411892147 0.025428365161770432 0.022733172538055655 -0.034720263117313764 -0.0074343490778474046 0.009839957480530088 0.009333412608130387 0.0004115463855469327 0.015159829846309276 
22 22 22 | 0.13472766859235175 0.00291435888928219 -0.012990439488526432 0.04458774530801106 0.00619903793534453 -0.002002524844882467 0.010344049107080892 0.009013957100763121 0.014100410339192732 
23 23 23 | 0.126409343123436 0.03836579021432735 -0.017349640071929844 -0.023207613200087834 0.01127446755915176 0.010108371527640951 0.0054947271253404 0.0027006323398111507 -0.015834775043870833 
24 24 24 | 0.12856004019605782 -0.004184184280680791 -0.01779414214165402 -0.046897429654607733 0.0055821646926960435 0.021330031061270488 -0.009509951107518625 0.00576478136543594 -0.009878550774607628 
25 25 25 | 0.14018681387731402 -0.03892171761009686 0.01767368763090198 -0.020265391804284463 -0.013381650021588176 0.002403011910323891 -0.008703713243571474 0.01075045799754354 -0.0013681381743121557 
