number of atoms: 21
number of fields: 9
Multipoles
---
0 0 0 | -0.15452474609649158 0.10946228737935641 0.10466656589842627 0.00593836813316003 0.0251532856200086 0.09961432105820298 0.02261422878387641 0.1023660985614608 -0.008479884545479292 
1 1 1 | 0.9353879226362025 0.014917834268973373 -0.013157898509020648 0.01615748786353302 0.016632662409488196 -0.029921155115153905 -0.0953782447677746 -0.011717351623929728 0.08077885015983012 
2 2 2 | -0.5895897620957458 -0.11008578833276599 -0.10663213643695038 -0.02210088601665819 -0.033447479867925116 -0.041188553577419296 -0.004352788880437227 0.0009569255110586677 -0.015148173882154144 
3 3 3 | -0.8911596224761187 0.008465582912450328 -0.01845589209413039 -0.0050100836593732975 -0.013049150007633284 -0.006310226806439883 0.03001344822201491 0.008747769289037748 -0.022522544915816234 
4 4 4 | -0.9097334077603341 0.030837164370391267 0.014371546297241179 0.0011497295690275642 -0.007487865465926451 0.034290905243168676 -0.01747974454169415 0.03047477089724379 -0.025719997156355846 
5 5 5 | 0.39838149234898246 -0.00955673916374339 0.024847783419127648 -0.02314187836434558 0.007451240396958687 0.01050736141492498 0.016806754676791425 0.0004006284126025988 -0.0006639725287439983 
6 6 6 | 0.4373906097725325 -0.017852747003490987 -0.02278934961631836 0.00543385046540166 -0.002025326564384 -0.0022830533583599356 0.008483035706462323 0.00022712569855697749 -0.014024900604656191 
7 7 7 | 0.4422119236815415 0.02204332199772226 -0.0030344011833313743 0.0187117521957446 -0.005758214182486802 0.006267800748626112 0.003962061517931752 0.007088482012171512 -0.012500287142997326 
8 8 8 | 0.44154567163777103 -0.002204855140232395 0.02411976773188322 -0.01565676590785467 0.0034641630876032087 0.011371104996485951 0.00934536519734074 0.005256352529490308 -0.00032942637322579474 
9 9 9 | 0.44842922869411106 0.022442251559692008 0.0033926475778691028 0.01704495524503855 -0.004455912794790706 0.01040206322404308 0.003770903470733752 0.008791333159332946 -0.007821942393907362 
10 10 10 | 0.1424462438019759 -0.05424569540779885 0.027077076613887825 0.02306263151857197 0.00021446329929847245 0.013887772140950638 0.00011762543318802918 0.014671240645327951 0.008464153437275855 
11 11 11 | 0.12474504205966996 0.008604054417449773 -0.05581331605503711 0.024253731018530737 0.0061918916568095925 0.024154879356851157 0.0029265244079712412 0.01786543285842995 0.0009947141936443864 
12 12 12 | 0.1581351838033901 -0.01254219133986277 -0.01831176400756441 -0.06200410113587883 0.002468163299300552 0.02169150143441545 -0.001030943726975431 0.004735374819057056 -0.0008923766970044705 
13 13 13 | -0.3743419438150557 0.04641389178200174 -0.09423436441919877 -0.05058499697387618 0.05321590783775482 0.10655702547845614 0.04836252391258779 -0.11316530630266713 -0.11100682282713908 
14 14 14 | -0.3738920674210062 -0.044121914455035036 0.07467901357543835 0.027921651449193195 0.026107182732436125 0.03816520959921483 0.03012113558846269 -0.012969544885771286 -0.040482260772067666 
15 15 15 | 0.11362213093495743 -0.037855536579577555 -0.006332771844062554 -0.03533598812070724 -0.009558711217726565 0.004291091697707117 -0.009962498352716299 -0.003871854635955765 0.009696800340572862 
16 16 16 | 0.10109937976355265 0.005378603364967135 -0.023979540391469992 0.04370582521749463 0.008174396685400454 -0.010113957285125309 -0.0003917701241073375 0.014101280451366518 0.0002293526880896446 
17 17 17 | 0.13541828506069398 0.04357668324867428 0.02901198020339186 -0.016298793646484205 0.006508943265628482 -0.008966236148743933 -0.0048119025834256176 -0.007888369434206089 0.0011143905305081008 
18 18 18 | 0.13551995184532728 0.037760668818164395 -0.0016712334997365953 0.03509873217303783 -0.008194396707739119 0.002067803965463228 -0.007706214617795716 0.003895931896100955 0.013083479437096231 
19 19 19 | 0.14704708249599552 0.01904041775137631 0.020955075928903066 -0.04447136294891532 -0.0012865018778576462 -0.00662896672009072 -3.367979796724271e-05 0.014240909842142113 0.003252868776230885 
20 20 20 | 0.13007253640403527 -0.035318302421749444 -0.03621004449915886 0.0034357378325199322 0.0003696721937601091 -0.015790853735432552 -0.007451193582040568 -0.0005525103765139641 0.006239827269782251 
