number of atoms: 30
number of fields: 9
Multipoles
---
0 0 0 | -0.12820840252685528 0.031994191646924824 0.01798702571491993 0.07651681287806057 0.02942112881780965 -0.07196808212642579 -0.04198468913134791 0.010554867625826232 0.036417002444153176 
1 1 1 | -0.4465571628934635 -0.04806008606314188 -0.0673650644131167 -0.004762441993026811 0.00442083455776911 -0.09570738007343838 -0.0430772798309895 -0.030401559900012014 -0.060346102282242985 
2 2 2 | -0.4428050900392524 0.017249775983333146 0.05628685127746719 -0.0586509480148834 0.03869175133893316 0.004546998301037453 -0.008375502796762512 0.07256924380785515 0.10880353675834531 
3 3 3 | 0.09924001559028395 -0.046380606315828514 0.021455507296249246 -0.004854061638020198 -0.016678035187407337 0.01756872572079464 -0.010414628521360658 0.0045918058780151545 -0.003982169740407751 
4 4 4 | 0.13421324060752426 0.026407303027159212 -0.0307020264443078 -0.03974734674183261 -0.006073008892362863 0.01038854010806028 0.0036941087693252435 0.0005418789147692693 -0.006883918286259805 
5 5 5 | 0.13182339628830297 0.03332250182699149 -0.02600839478827188 0.018009541675312393 -0.010812165752785445 0.01119447865143752 -0.011497654478215207 0.011679068811512717 0.0027783132886541662 
6 6 6 | 0.13316846464599208 -0.00547163183534486 0.03590362594763954 0.02923573750925322 0.0013528115552054049 0.002819032419024521 0.0005636177427159797 0.01164923824327914 -0.017972647672668318 
7 7 7 | 0.1320486148087313 -0.03865992347174942 -0.021898477812439344 -0.01981226901196777 -0.009714136231824027 -0.010164192432548173 0.0032407857616011163 -0.008440988639098406 -0.0011746969528379056 
8 8 8 | 0.13118976100001567 -0.03354976463841939 0.021808196414871354 0.026443747266934204 0.01072532915647116 0.012983532099086712 0.003359847879344643 0.0037623179738608503 -0.009730178486797464 
9 9 9 | 0.13303341945437175 0.009195961597688648 0.00861918270118126 -0.04723772220687615 0.004608189149769512 0.0005092313097672135 0.008684583889945667 0.002806574885989544 0.014333428764019806 
10 10 10 | 0.12899392890432082 0.04118708016808174 -0.023141914411737973 -0.0076245571045829436 -0.008688614239300497 0.01175234782414374 -0.012352435054268855 -0.005806762557773723 -0.0018947746932782548 
11 11 11 | -0.4277528402220394 0.08633290853779006 0.002918660830929385 -0.02471158377435919 -0.10510169497063265 -0.016803150563404506 0.02193034951527057 -0.0012894086790285312 0.009282655197592724 
12 12 12 | -0.04933847908454059 -0.039078423173269615 0.006525727119850102 -0.004051108596314452 -0.05345149218888574 0.07467933955325819 0.005562057223094809 -0.15541875659624227 0.14216691754077862 
13 13 13 | -0.009779884823108986 -0.09368648653030844 0.018135903545041368 0.004573687323838697 -0.10558114190585857 0.021298975418555095 0.04900923458718209 -0.10257616616121137 0.11012504704744959 
14 14 14 | 0.24767425209393412 0.03339297284417374 -0.06880135518660825 0.013250629167560347 -0.1077709142322477 -0.07540078245618598 0.09061128758216334 -0.07126015322513188 0.086264230024762 
15 15 15 | -0.10193593583263905 0.11059558824929691 0.03229772297092104 -0.0341802497829003 -0.018282330156131316 0.11800543116537258 -0.02297622811536193 -0.08575846109450001 0.06598877671952623 
16 16 16 | -0.1612992405472502 0.020053741074973576 -0.022240478916835945 -0.0001783937616913815 -0.026531855590518412 0.04014496612001817 0.008709419130357951 -0.1205102209507677 0.1308991473195187 
17 17 17 | -0.2879312469051314 -0.008468592882813708 0.009818139228989869 -0.01280837526768034 -0.006876653210715496 0.015393542021141645 0.04803892572237883 -0.11913260882222254 0.1442595565444334 
18 18 18 | -0.1925979278705343 0.0280043946115759 -0.02633451548157115 0.005376600598900314 -0.13273265405852405 -0.06736419828273549 0.08216610865573991 -0.059606556532600496 0.1103332961121038 
19 19 19 | -0.12235092467254116 -0.022789502718705047 -0.029490343066271147 0.011486458653876874 -0.11727042939240703 0.10140550703933292 0.012488156657932369 -0.08678965663593982 0.09178701093523406 
20 20 20 | -0.42304895204103055 -0.07034400354554134 0.009891481454113981 0.005336616969588322 -0.04681024267219187 0.051289583242347954 -0.00822658052607967 -0.0080189938187736 -0.009020737010374686 
21 21 21 | 0.14194163749305622 -0.05334241368837068 0.003363518627143268 0.007069259726646786 -0.007602172308410354 -0.0025661886386830037 0.0004960422638539247 0.01591016406798372 -0.016007952043358895 
22 22 22 | 0.14719665893888678 -0.014789846709179946 0.0048396536768407225 -0.04742861658456856 -0.002335229604200021 0.004423103202418674 -0.01704590040664005 0.001369774712908404 -0.004172676144095131 
23 23 23 | 0.138887786492083 0.0015423039828651292 0.04222682210328855 0.02654307294827539 0.0032442434617785763 0.017044162370790622 0.005020367969751785 0.002077751091623261 -0.009931977307152397 
24 24 24 | 0.15057331420877706 -0.007947531823455754 -0.057053961026116116 0.024726023207187153 0.021736010794189846 0.0034530080833015332 -0.010142143068502769 0.008921721506248707 -0.01056613876804349 
25 25 25 | 0.3564304020640605 0.034804222514507765 -0.014207810973292843 0.00020647446222099873 0.0009564026868956456 0.0054404446038150206 -0.0072900697952940205 0.0168061415402589 -0.019943961447092422 
26 26 26 | 0.15523319685469983 0.049363229516577796 0.0010324065142609435 -0.009360208751559324 -0.008035865362167337 0.003822360895344349 -0.002153004089405709 0.01214786275208086 -0.013981705905955146 
27 27 27 | 0.1429288910384694 -0.026175471937932564 0.044963241953821675 -0.014639939540935256 0.014592138305861587 0.010001453294788423 -0.009913711871401588 0.004199910781491293 -0.006720965458293118 
28 28 28 | 0.13711995252367104 0.02766757739792047 0.041832977135028225 -0.02440384697063287 0.014049337519782703 -0.014934944906868246 0.000515061993471579 0.007660993052168416 -0.005488811485597633 
29 29 29 | 0.1490188129328156 -0.0011272166160140901 -0.03980768651438634 0.026995473526113062 0.014908431865935944 0.0003764790539091107 -0.0032369787725285244 -0.006884514770810369 0.0060902556556370335 
