-4.834627993385029	0.5197706414299128
-4.569281765076118	0.5099739194903311
-4.217988460957904	0.4920209410195183
-4.4798606107975845	0.5071087917133069
-4.511615685573343	0.5078324686612458
-4.558883025964445	0.5095488757872996
-4.477143973497243	0.5063930658640049
-0.851226128620767	0.37644942490679234
-0.8646672058292915	0.37954887608642685
-0.850498535118726	0.3817876006526841
-0.8521445164079202	0.3816976765654783
-0.8642259995605225	0.37986813771000044
-0.8592139609725011	0.3794491703962566
-0.8650086617250993	0.3786657252287761
-0.8450748683304798	0.3830221680377061
-4.838035212314462	0.519624470928252
-4.487510196722006	0.506926966358665
-4.562278804998127	0.5094546626227795
-4.509302905318528	0.5065476788601468
-4.2117691929963765	0.48974178306023947
-4.478832671405566	0.5063332288805993
-4.5624364388338945	0.5095751305667943
-0.8532388313734911	0.37577867633817386
-0.8584978199403612	0.37928775442608564
-0.8670833123126703	0.3798319536949891
-0.8671184752107801	0.37983269320301677
-0.8527702251921839	0.38239488718955805
-0.8521439432260203	0.38234856627785374
-0.8620985676883869	0.38011352888661876
-0.8443839350514416	0.382856408560235
