-4.564684484640633	0.5117233182895273
-4.776112570892988	0.5191955059949257
-4.778406198636956	0.5181218950291503
-7.336213088235917	0.5943524743931539
-0.8434747911184026	0.3747802837107287
-0.8580201678824827	0.3782608472027591
-0.8603211843184227	0.38165622979719765
-0.8463127952378623	0.3800321506658145
-0.8456994287564008	0.3796107463350852
-0.8177960691143987	0.37294921539142734
-0.8441045459826818	0.3797995574671152
-0.8664304802276588	0.3867772468163674
-4.736529483892743	0.5149589218576766
-4.745841826955851	0.5181659957839263
-0.8842152389698696	0.38702881162282166
-0.8672426608382465	0.3830392221162268
-0.8451559666442973	0.37382241125339116
-0.8752656239913386	0.38497227535385764
-0.871216797250029	0.3844586576347857
-0.8728847957591532	0.3870577917552675
