number of atoms: 27
number of fields: 9
Multipoles
---
0 0 0 | -0.5093057924395952 -0.009778839311933784 0.01031391213633334 -0.055413067668995286 0.012813444764507432 -0.014913691971190555 0.034015430906974245 0.01302811913384727 0.10827442300351706 
1 1 1 | 0.19275071222460394 -0.012838058582446391 0.013801732743473648 0.09265280145554972 0.1058171163402833 -0.009483031841134882 0.010843330071314817 0.05567012634596481 0.041237561842534035 
2 2 2 | 0.30447093812811055 -0.020555571430247686 -0.11010730301022421 -0.02666503955484336 0.15189275664899443 -0.03776265169878615 0.040888196518783275 -0.025168956702174214 0.05062377678236766 
3 3 3 | -0.22636123549585907 0.02085796358184722 0.05871564152146201 -0.11922051006840087 0.08434074995507465 0.013248037638822858 0.004747958510894257 -0.13246510035472905 -0.00300797263610027 
4 4 4 | -0.5453488637984893 -0.005581247687084866 0.09727087437803719 0.05216882674108261 0.262699584466736 -0.06972774731546698 -0.00505986141337195 -0.23790725022974774 -0.09882610705167436 
5 5 5 | -0.35374447539831166 -0.002985598755151971 -0.030624807044345864 0.07855227755422249 0.07751088849787002 0.01622253749453116 0.0004927000141516048 0.0014226696037369748 0.011921089635918066 
6 6 6 | 0.1261049598633457 1.9387457851576936e-05 -0.042644159568251884 -0.06643857410064168 -0.032192846585131954 0.00805470675631709 -0.0031133486622359754 0.013939361546487075 0.001298548395046809 
7 7 7 | 0.36033374835027165 0.0065645236079323035 0.03282503342252489 -0.017723222917161212 -0.01738179155732557 0.00358443676569634 -0.0015089525830665328 -0.0066043302414488005 0.010843332387663095 
8 8 8 | 0.16495410951854916 0.0044640879885228454 0.04487896070970928 0.036573890346051526 -0.021379850573016012 0.006229812811119259 -0.005028312718994472 -0.008828579358147673 -0.00894325627866343 
9 9 9 | 0.15271095051828631 0.011489802681656698 0.03733497383821165 0.02418765915043918 0.0023664830152221937 -0.0005950138567204779 -0.003460226401831036 0.004104587884226287 -0.017193261352698025 
10 10 10 | 0.1674626517551039 0.03374916572062034 -0.03228562042656921 -0.013668640093298125 0.0011678488079918195 0.009706749879954906 -0.006038156770433747 -0.011983683679684519 0.004983180088527885 
11 11 11 | 0.1651244052212285 -0.04479414897158719 -0.012875279838070212 -0.0046063701127694815 -0.010538964501469666 -0.008346179555746715 0.008499116706343063 -0.00654302938099533 0.0004442845664488878 
12 12 12 | -0.4743550124049474 -0.038481555179672326 -0.05196872341168892 0.014469848000622954 0.03199470743951703 -0.08541151008264153 0.020060609435195317 -0.03757190620858251 -0.03305777967890111 
13 13 13 | -0.15105224862948408 0.014193656328978321 0.029832641733094887 0.0025970087098634346 0.20112700146150972 -0.04942900125135666 0.0771493538590712 0.11357955415291263 -0.04449894712905556 
14 14 14 | -0.1382963203688794 0.021393574774629078 0.010984413466622888 -0.028145382611124873 0.16133643000397238 -0.11059113127162372 0.028043077731770796 -0.056484925353429145 -0.10153741895131153 
15 15 15 | -0.14615213555664042 0.02093865057782952 0.021290824800001728 0.030003258416925426 0.12971197506730084 -0.1374212525798695 0.08139701642830353 -0.019483219061337036 0.0777635072730231 
16 16 16 | -0.20767329468321805 0.007746435906196028 -0.020996512573548013 -0.009897519472687646 0.1369980160892639 -0.1121779842345276 0.10647476485855807 0.01323436223161948 0.07474241973796199 
17 17 17 | -0.2040765770648285 0.006557880857375681 -0.025886918465751682 0.016204201571386977 0.16458428863432084 -0.10709459548160778 0.021917319619393198 -0.03464214176777048 -0.10085907334061131 
18 18 18 | 0.13527460031657768 0.021971732020421905 0.03497015931441409 0.002006180560634973 0.17684190240445904 -0.12411298915375894 0.09663934512977622 0.09642335351623392 -0.04345850662845574 
19 19 19 | 0.16143998203627563 -0.02548466742323049 -0.05197816827995544 0.0028678654902315514 -0.00212873904520684 0.009390993527953913 -0.004064168997902844 -0.008945439783623903 0.004080659769774538 
20 20 20 | 0.14065394370687367 -0.01765251159164282 -0.0232303861864903 0.04853471462325092 -0.011029583085547684 0.007933593167046086 0.00040128539400158047 0.008305828989440933 0.009393425131717441 
21 21 21 | 0.13762238012621264 -0.0009868907174048992 -0.034972605480182446 -0.042976507488987604 -0.00828849043551833 0.010750635472519197 -0.00854275091077455 0.00426391495710011 -0.011095492038753945 
22 22 22 | 0.14524522218392133 0.0032003995926425323 0.03151233209386764 0.041908138205160726 -0.005888200946885964 0.012530009256996514 -0.008914471428437092 0.0031026914644404022 -0.013789365631729101 
23 23 23 | 0.14071446933778953 0.01870896731042542 0.016389153746778126 -0.045505180623457715 -0.009152302856977799 0.007244629278298835 0.003183611668420814 0.006597927014383836 0.015809064729425983 
24 24 24 | 0.14581304724454014 -0.008405043129854246 0.003372745762663804 -0.046113394080668564 0.005432159516969921 0.0020470391601123397 0.004506721468300203 0.016109873018172412 0.007071161334321682 
25 25 25 | 0.15904196995989306 0.04412829492734533 -0.018987475647256405 0.014930830340427801 -0.01147983912387808 -0.006328499098359917 -0.005176437483265953 0.0055458110198242485 -0.0048772074238269646 
26 26 26 | 0.15412367372302516 -0.027818083536282196 0.032983024547021886 0.021379732109543404 0.00317184134125632 0.009156422371808816 0.0006518071296809848 0.0037333784823584248 -0.01193346793057075 
