-4.504269412774613	0.5074016399696937
-4.792817302856539	0.5218014905185816
-4.788045106141736	0.5211601841363859
-0.8898329429134041	0.3824841417770038
-0.8990056210724957	0.3856364267364477
-0.8725316910634503	0.38615385361916105
-0.8677412815101302	0.3843552659597266
-0.8629043084303727	0.3853426999492433
-0.8642066892957229	0.3855103668906201
-0.8667309150177704	0.3863314558444815
-0.8657876607465125	0.38598929119803155
-4.748030033421286	0.5171799480292596
-4.741401536130462	0.5181611883333528
-0.8740651200074776	0.3853974806080893
-0.8742882282488661	0.3852036554582821
-0.8587199494597837	0.3788289993547947
-0.8740441464771403	0.38464832527318893
-0.8705205282890855	0.38624911179013405
-0.8717519283402293	0.38641242545884885
