number of atoms: 15
number of fields: 9
Multipoles
---
0 0 0 | -0.714518201539601 0.0007565713725458755 0.011144107622933466 0.010240935931804394 -0.01046288825294234 0.04529734811897635 0.14153879790744456 -0.006155801401442676 -0.018174037600623364 
1 1 1 | 0.980322342444623 0.046204403977857564 0.0072506625122402 -0.03906632222431606 0.013222432496357765 0.02871930231238435 0.19266460430962892 -0.0457490311603801 -0.0015899756966172977 
2 2 2 | -0.8685555174791606 0.004929353511616016 0.0290432826811136 0.018668881289567386 0.09092916207914918 0.02093026900532184 0.027164935059055085 -0.0638308368775757 0.007568113259383875 
3 3 3 | -0.8172246890524484 -0.004267823891194692 -0.07642494810025448 0.012186356936926997 0.009166137598591383 0.00862297328744102 0.13694490106396098 0.011837587571827476 0.0022465335769528806 
4 4 4 | 0.1793589471290079 0.013242607963246368 -0.024454081411376158 0.029282208531449763 0.008045155431636026 -0.002631807402865976 -0.0008156609906060549 0.008792775210236012 0.011656034165477752 
5 5 5 | 0.17728216648122608 -0.027938743934233037 -0.01860531339597581 -0.022710260290260003 -0.015296824640465754 -0.008179130153126253 -0.005866802259631794 -0.0012024673079363165 0.0006920050283276991 
6 6 6 | 0.16635526976818826 0.002776004504083471 0.03899516914932702 0.0016269521281189613 0.00869962105422057 0.006687722519156639 -0.00010289080975231434 -0.015108904179647274 -0.007971637586865529 
7 7 7 | -0.22900672695721447 -0.12214974244443903 0.0003971783906407186 -0.07824087712652335 0.10365153583829396 -0.02859702358943803 0.17011929350428334 -0.024708318892070473 0.035557015564550404 
8 8 8 | -0.5964278404292802 0.12142416305942624 0.02066604848410414 0.08663078675131083 -0.06671862485132907 -0.013457179983906914 0.00963643479888177 0.038123582295759205 -0.01639217071306155 
9 9 9 | 0.3856081017365084 0.006692738918095127 0.023298789108110427 -0.025698357534595657 0.005251908236210724 0.002892661361410333 0.0032137730602142434 0.0031923633950794662 0.0025372400623891664 
10 10 10 | 0.4126182885287655 -0.004548982129517538 -0.035021257163790814 -0.0015764326532291307 0.0029088973518250185 -0.007546097241075318 0.006293185590753144 -0.004294462458424503 -0.001491892921824272 
11 11 11 | 0.44004808041762156 -0.018833586968102067 0.0134306478605181 0.021191724952660956 -0.006514605508858755 0.0014617433387663528 0.014073794704840558 0.004875540451059454 0.0023625870922626513 
12 12 12 | 0.13707606489784474 0.048012800923030396 -0.03373100101927676 -0.021318879615095866 0.010676382496962707 0.00024821513624473385 0.02039937232315813 -0.007581025191329378 0.007237341848435906 
13 13 13 | 0.19093039419448365 -0.01408119895813778 -0.02463236227849406 0.0583693678014425 0.008040557446468404 0.0032890134895417573 0.01662587057858546 -0.009262767783685748 -0.0012304218069124433 
14 14 14 | 0.1551745672754259 0.021225697275581205 0.05785768494348828 0.014196028615166386 0.011171434899329574 -0.002200149783424899 0.02247291760724399 -0.0015141633192625316 0.0007185208868152147 
