-4.739964928633021	0.5166696387999484
-4.740262067169622	0.518099995782934
-0.8711217661959819	0.38251066082871465
-0.8719971679350976	0.3840273016542229
-0.8734544166132623	0.3848770368756692
-0.8681160934909765	0.3838850218758791
-0.8743282346125334	0.3868258517069052
-0.8764006977479641	0.3875818815424948
-4.835594303771658	0.5198008190784864
-4.489853830880484	0.5094890495076935
-4.556226969980307	0.5104902121489717
-4.51230988936271	0.5104780663175544
-4.21520551942671	0.49157575672186504
-4.484570761524893	0.509700357121566
-4.559293031426356	0.510412853731742
-0.8553990750582289	0.37705921612454635
-0.8603334228748913	0.3798547745344372
-0.8592606998417522	0.3792058696971453
-0.8608801598611135	0.37834701063496706
-0.8517347325044073	0.381948758545565
-0.8510084632889586	0.3819715227474436
-0.8548093442306306	0.37811403920319847
-0.8444509309790635	0.3828535794686726
