-4.784023044683538	0.5181398592953864
-4.411228750023714	0.4968415313933877
-4.379975173229653	0.4996456001597623
-4.102447626714149	0.4854461109715447
-4.442002946318273	0.5104790146804985
-4.498320681322021	0.5068639877160901
-4.54419947718638	0.511765770518745
-4.470546796736278	0.5080392982761601
-4.642905520088296	0.5147233870180147
-5.801015230313468	0.4458552183585482
-0.8699731898374089	0.3819391985943382
-0.863327921273666	0.38088019501447723
-0.867312304864452	0.3809035332334796
-0.8564653575805485	0.38294986483474497
-0.8547492154966375	0.3819738005296854
-0.8528202608175703	0.38011095273383705
-0.6435764004334233	0.35295648588647766
-0.8448958413240549	0.37729248556009903
-0.8560097114287372	0.3848681343411715
-4.493276052683092	0.5035733189679322
-4.797847321735769	0.5203722760126073
-4.797515126625377	0.5208793942068446
-0.9031260951775613	0.38616388298350907
-0.8937033951657232	0.38420431229000884
-0.8581101632573146	0.3819959255586562
-0.8550765940741727	0.3818471824263532
-0.8705153989128956	0.38563851589183173
-0.8656490013760618	0.38422787216608
-0.8739920983422963	0.38776087231739803
-0.8677555197005433	0.3864094121434182
