number of atoms: 30
number of fields: 9
Multipoles
---
0 0 0 | -0.4772858525314172 -0.03243504076201294 0.046288124138012074 -0.03000354015441824 -0.025015272319442304 0.049565243362153066 -0.033632601022475 -0.043820665646285416 0.061424366203683495 
1 1 1 | -0.20818816487977898 -0.0017715700038181657 0.01507923395075071 -0.008716049002596536 -0.15870636412208095 0.03686603983829495 -0.060435597419989516 -0.06228937052147255 0.1408286763452232 
2 2 2 | 0.1353706782586377 0.019208460757079722 -0.02066226825516279 0.025813167758363134 -0.14975601076248982 -0.08447702390811465 -0.008733409351417736 -0.10692094387555343 0.15090254507698678 
3 3 3 | -0.11856880948356796 0.030373689024631723 -0.006916207510988901 -0.002881540903524189 -0.020580021076601004 0.0007210849654716353 -0.006472968280425905 -0.13654998113759054 0.19725518984414842 
4 4 4 | -0.14506712439781833 0.01837446786936652 -0.02619211022598687 0.00628449686974831 -0.15237128582516896 -0.09753746550749873 0.02208992281552568 -0.113759171435929 0.11361650663625097 
5 5 5 | -0.21529862069865757 -0.01645051112560474 0.0073437248884338615 0.006960291204637754 -0.010753913468160464 -0.04958781103101088 -0.02240910787386817 -0.10690604186125388 0.17853505025036204 
6 6 6 | -0.1313608042154435 -0.01482222424842906 -0.021774106063986016 0.016867235149092885 -0.14960915915323994 0.06563918553368885 -0.07543193098793953 -0.09043992362563222 0.12349094255773987 
7 7 7 | 0.1421985237953165 -0.02752805915184651 -0.040358333535899314 0.017115012532496105 0.016429108448776892 -0.009493319586905484 0.008083002093226332 0.0018544561987953437 -0.003139920664709469 
8 8 8 | 0.13938413054686516 -0.05563830857470213 -0.0016570124397335992 -0.00674302781088584 -0.0062957202836186514 -0.0003353791017615375 0.0018659272270246054 0.007938126574510611 -0.014650158293153472 
9 9 9 | 0.14816660847963836 -0.03549784424122082 -0.01524159460239367 0.02620784160505365 -0.0001210981739220113 -0.01482720126691975 0.009629421790086459 -0.0015369263636230525 0.005474188929626654 
10 10 10 | 0.15182684728416385 0.026698991055156145 0.029105993973799756 0.02745127318152542 -0.01146875394221792 -0.007296778669433097 -0.00716740945631964 0.006266214045911148 -0.005092568609415783 
11 11 11 | 0.1381398323876767 -0.02879103442106696 0.03775843391599588 -0.027791520507823075 0.012107979396708652 0.012321736770628531 -0.0020849480738223286 0.003704737993808092 -0.005162546730004217 
12 12 12 | 0.146420211005861 0.05119242403155931 0.005734240946262729 0.004633650144538964 -0.008864457703224651 0.0013767820687600781 -0.0009993613434322681 0.012599697544482875 -0.015734083817974462 
13 13 13 | 0.13701390884895936 0.025213313573958646 0.04470075278293689 -0.02116205911919461 0.011486341398146931 -0.00881411640853305 0.009489863217442253 0.0016336214969553651 -0.007669028008587209 
14 14 14 | 0.15522949969296096 0.01617620805602317 -0.026702866191793597 -0.036897543806554446 -0.00180857234393784 0.0024256921320624865 0.007363074068848526 -0.0033602042527099644 -0.011504443299657502 
15 15 15 | -0.48460002678031877 -0.05261528076334815 -0.042918124455089586 0.0031137549585419115 -0.06419793606241689 -0.08804890177599672 0.006969062489861743 0.002087722539980123 0.03428590137848861 
16 16 16 | -0.19370238647930726 -0.02374653074767882 0.004511865279540811 -0.0023693257217554803 -0.014889104371355799 -0.16791544628760963 -0.0011500924733472107 0.023000352514051928 0.17281629780840588 
17 17 17 | 0.14282946289173992 0.029940361352366253 0.021349567665238982 -0.0004168887504970426 0.01352687509504122 -0.1194415681827159 -0.0957640090099907 0.1350334160019121 0.1632336068881206 
18 18 18 | -0.13424102292022866 0.00889502397802711 0.025282877821645244 -0.02364559840424528 -0.09008224851611173 -0.14630330981121195 -0.13215561366474235 0.05717178418934198 0.04419515306797672 
19 19 19 | -0.20634183398715322 -0.00551630147202247 -0.01686097566997169 0.008859220198019262 -0.047216262914245716 -0.12963545610265909 -0.14949505702351573 0.07436193407368824 0.04385517771767712 
20 20 20 | -0.16422892207445727 0.029622189338712027 0.0209416660971317 -0.0016840087520257308 0.043722434003849335 -0.06708143672643802 -0.08416958312193452 0.13188703809967836 0.137260343870104 
21 21 21 | -0.13549743795731217 0.02103370860346457 -0.00186563206767281 0.027289397466521176 -0.02541846559083954 -0.17735381473806813 0.012166726524072755 0.02203072144770318 0.12969740371470895 
22 22 22 | 0.16112877011221305 0.028525110639461924 0.0027246555635894966 0.04728970531274131 -0.003715720096979072 0.01071151522369387 -0.004870737027235387 -0.0023992710359981534 -0.004664934899010441 
23 23 23 | 0.13572982018082191 -0.012838200981320809 -0.031922966861916244 0.043481041099229595 0.008530332241243499 0.010544350232632772 0.012694817272441324 -0.0029821204105535248 0.0030083793923779637 
24 24 24 | 0.15786989060761436 0.0053100562717295005 0.002351159712525305 0.04780734718825064 0.003182254265405188 0.004885849118600132 -0.009117416399625931 0.006603809405075112 -0.00012945132086258018 
25 25 25 | 0.14645420388178143 -0.023256838944945676 0.03913346500631037 -0.014712330163255719 0.012884061651445377 0.0009501729969070376 0.0033360341788813115 -0.005071195139821367 0.010991578872758439 
26 26 26 | 0.14322157735032282 0.012502297857414508 0.028852328261998746 -0.04126755477705533 0.01140951429296519 0.00893270318944612 0.01566507409915369 -0.004756024212980091 0.003749461413740455 
27 27 27 | 0.1382522161061418 -0.04551955700860176 -0.03072589394907906 -0.0009200269349842294 -0.00737783747676114 0.001268989097982826 0.007163175018784284 -0.012738282554221178 -0.011825343776500378 
28 28 28 | 0.1379163308484076 -0.03337320267953795 0.001050120924088501 -0.04467758774529833 0.0019413199514612925 0.014766860616733855 -0.006548801332742832 0.0018506629602982412 -0.010611382641866968 
29 29 29 | 0.15424178955875578 0.027828104396953893 -0.027815718986542167 -0.027589874040442115 -0.004435923378510912 0.009694600570154727 0.00995957398010939 0.005991040927741145 0.0026602163492117224 
