number of atoms: 18
number of fields: 9
Multipoles
---
0 0 0 | 0.0007862618690035461 -0.04778642745072428 0.09607231929629084 0.08423916301088484 0.06245597999006768 -0.031160304380880882 -0.07840186481728449 -0.1682113592848639 0.048237379758207626 
1 1 1 | -0.49057788279404146 -0.007638211374895493 -0.0452698976422713 0.01544488557658366 0.024398167128785012 -0.009911042287906653 -0.005832260676098607 -0.02662304326479127 -0.01627376439523043 
2 2 2 | -0.6261871930670395 0.05266193666933844 0.0054495653893696806 -0.12336129611971834 -0.0349230703203469 0.08909204103066834 0.014602385858515187 0.04941392139542422 -0.02221829977540433 
3 3 3 | 0.15729717378780084 -0.0434643247836019 -0.019388851013730984 -0.0498475647602832 -0.00699085099607315 -0.0010317331410973085 -0.014051706232592932 -0.01445003018947346 -0.0027257307825430664 
4 4 4 | 0.10913691775278356 0.06422184081572009 -0.019085988178108422 -0.005606680873240854 -0.005893115941522703 0.003909994449900566 -0.01958490625773691 -0.016871268254781812 -0.0007869808326981988 
5 5 5 | 0.18337671189693694 -0.042702700417118045 0.0265202835301522 0.004852725275268852 -0.006892967770624116 0.005222527608768341 0.00128595076592216 0.0036674489845553424 -0.012255635539293689 
6 6 6 | 0.17844587413891466 -0.002422254148679356 -0.010680897893436354 -0.047585048032655536 -0.001997477927530197 0.003376785357118231 0.003802116508685026 0.012677638383016516 -0.003937004798651662 
7 7 7 | 0.4360056879718479 -0.023609175166138183 0.0023908728077071135 -0.013903317710463131 -0.014271475819463059 0.014085257178212574 -0.004235195942723688 -0.00614882150751586 0.004928182971830029 
8 8 8 | 0.3901426128559511 -0.005279066563499101 -0.034087963695421046 0.00850924945404442 -0.0010089889040339757 -0.0004163189618110965 -0.001516780241822228 -0.0002145861533528705 0.0074648497234907525 
9 9 9 | 0.392885138147399 0.017437043734888837 0.025866347361933186 0.013337894196504349 0.0010057137984025406 0.0005631542599116328 -0.007465924734218756 -0.0025020499499349104 -0.003755480928279913 
10 10 10 | 0.14254024843491242 0.043545322249980804 0.020552596108129914 0.009485377844167817 -0.006787723799622192 -0.0038253528136503803 -0.0024592326246419194 0.007250793299643016 -0.015015613952317708 
11 11 11 | -0.7340944716965216 0.008597647769778172 0.015164829325365255 0.013597701278800237 0.015076024782209424 -0.007559145215013741 -0.023447503900118096 -0.10774136907277873 -0.11268301221436851 
12 12 12 | 0.9729069679273072 0.016247986837786273 -0.06508506510228405 -0.03200679094012254 -0.06459991080850563 0.005554124084634129 -0.07066544894714137 -0.12494434540401753 -0.13413996619676927 
13 13 13 | -0.8674881461470516 -0.01380094062671283 -0.032936024236227 -0.05664940778021218 0.059133277106432444 -0.04066019612780068 -0.04841290221875604 -0.08372118769886602 -0.08580091309265472 
14 14 14 | -0.7482776197071974 -0.0707912016650034 -0.0254458805109459 -0.01812880155950934 0.0012465353410444965 0.024261581943381277 -0.02299948336998343 -0.10263771869952117 -0.11485603981542825 
15 15 15 | 0.19044770139956446 -0.034673132590842884 -0.008560143836752875 0.020431071070500007 -0.002137297247177007 0.008076997698977175 0.01268732740383305 0.006221082559456811 -0.004981407070321237 
16 16 16 | 0.18465850824547336 -0.010859517114534973 0.01947129746553432 -0.03331963562469237 0.00667507857919251 0.002529618928136954 0.002122995237828499 -0.009132783938954673 0.0145361456894543 
17 17 17 | 0.1262676684208448 0.027123147162922488 0.004089442659663478 0.015890568932028813 -0.018324183835478746 -0.009616409207554898 -0.018465563702575908 0.0032526468089408584 -0.002021570807721011 
