-4.837182288210428	0.5208884971234122
-3.963955700910614	0.48532007474766864
-4.697283209036639	0.5172737079827321
-4.649696834972479	0.5127223224182668
-4.484706971542658	0.5062882525136027
-4.506375910189259	0.5081073637459155
-4.276608038651997	0.4952260747291302
-6.975741521530352	0.39771402470329537
-0.5509309945539703	0.34652753550258997
-0.8431710910929564	0.37877483833231285
-0.8328821787877474	0.3753219835394473
-0.8614333030310152	0.3788108242609983
-0.853456224218376	0.3768747397262369
-0.8578810569459382	0.3821853438623041
-0.8429760799806217	0.3832085640870587
-0.8348860091873628	0.3809437082793791
-5.014258768767769	0.525566164278304
-3.4980135641232417	0.46692017633062716
-7.006826592693517	0.4039752635594284
-6.312461813962243	0.46516741885686796
-0.5678679303467719	0.3352185739372058
-0.5886773011196861	0.3402859354223538
-0.8464193085622796	0.38127227611173575
-0.8111690176681787	0.3759126003324063
-0.798971498749711	0.37465692605268835
