number of atoms: 23
number of fields: 9
Multipoles
---
0 0 0 | -0.3870608088771066 0.048786519463020546 -0.051529309575169546 0.0707109646031361 0.011130025568215964 0.05136349573455703 -0.08884133023184342 0.028363298809116727 0.05958145521050125 
1 1 1 | -0.39132023362969903 -0.04090382659491691 0.056152057608815725 -0.07617532749882026 0.013740470584380386 0.04918793101642195 -0.08243892633512674 0.03018386100082198 0.0783060449557888 
2 2 2 | 0.12442945910422143 0.007430196250768004 -0.035859504766881496 -0.032914470509319796 0.0035740214734420813 -0.009493425844495099 0.0018095400057094846 0.007532692777082055 -0.014908987672224708 
3 3 3 | 0.11969160847504867 -0.042216267850265866 0.002756374545217398 0.025062427116283443 -0.01464082614784488 0.002231006672288508 0.005404104096488088 -0.007662468111180521 -0.009202464166503539 
4 4 4 | 0.1564811000393641 0.03464740408681441 0.041727434833420875 -0.004524854900559847 -0.0010244742157132143 0.00018503194425547098 0.0034757196356835197 -0.005556567720326264 -0.003556785456568489 
5 5 5 | 0.12464077612990776 -0.03831134825837866 -0.03312510359913919 -0.0066659952860865035 0.007863632130755718 -0.009178731266467823 0.010367531652897683 -0.012477472065702726 0.006172963338834804 
6 6 6 | 0.1313293752736575 0.04219615652979393 -0.005785872574776227 -0.027265777422376826 -0.014345549709173358 0.0027768166224237238 0.004334217751015917 -0.006640173357464881 -0.007227247227852582 
7 7 7 | 0.12516272207759027 -0.010927159336698099 0.036033974126570424 0.03312428032213004 0.004710131620926649 -0.008735044494643168 0.0013747345234381056 0.008720000074309646 -0.014375550221480422 
8 8 8 | -0.476526472675018 0.012318893239054626 -0.015446942489238509 -0.06364209761470416 0.02784352226154319 0.02990627085861194 -0.012335532738878273 0.04389937417528464 -0.09088223574773818 
9 9 9 | 0.13921715283072178 0.0033466853141760795 0.026495527822892263 0.028668511794342134 -0.10367405235300527 0.18021803535183795 -0.08945054477205619 0.09726406381187969 -0.08116551242229592 
10 10 10 | -0.19819092961753437 -0.004806182932279185 0.003510109427056607 -0.01618150991881553 -0.0455062093356514 0.16854511536519018 0.02859411441908324 0.08629459495854629 -0.12893390077507863 
11 11 11 | -0.20227505962747294 0.011648750197122222 0.004891605941289107 -0.012036162513825131 -0.007110514562108324 0.09923959321046617 -0.10747496410237982 0.1553555117027972 -0.07804461011226417 
12 12 12 | -0.11953405803420392 -0.020649707037004972 0.01935182291026765 0.005875167617828717 0.003333133872421041 0.08213981746414525 -0.10365278208020785 0.16563739544122125 -0.11203127098094477 
13 13 13 | -0.1256245486580294 0.02439654516499091 -0.001962947876727252 0.021724636005916773 -0.005495700915371265 0.1553207325104888 0.03274929641422699 0.08872885410637397 -0.140203194854554 
14 14 14 | -0.1632425359569023 -0.004752741081418898 0.015839791145428953 0.0283064982764711 -0.1125359439186249 0.15835248736241417 -0.08997305894012482 0.06543912098353757 -0.03909650053529078 
15 15 15 | 0.14667524890281314 0.020707270360209928 -0.03610736650750536 0.02231788399240779 -0.003261483816590719 0.0031811911909496904 -0.012699012987524433 0.0032010508431780252 0.01153135668920516 
16 16 16 | 0.14823588084939743 -0.04659192793705306 -0.008078368931296084 0.0017242038070967467 -0.013834445962564416 0.0070453476042495545 0.0060696187329382315 -0.00475904091450441 0.002381993093238797 
17 17 17 | 0.1393658372962926 0.03832135199134032 -0.006836373919708572 0.03414554979212277 0.0007403263585744515 -0.013017407766585512 -0.010874974030190809 1.0643764560306695e-05 0.013124820101718783 
18 18 18 | 0.14335124339461902 -0.04260974693089104 0.026772605505902863 0.008538287772067648 -0.0039275179990598125 0.001727696613799437 0.014852015520536364 -0.013176819388802462 0.006326745378866198 
19 19 19 | 0.1341705116700873 0.044758065964287275 -0.029360145655319053 -0.012055158117974267 -0.0047542028578029675 -0.000575778127833761 0.010083572665201275 -0.014154396654215567 0.006929817040171258 
20 20 20 | 0.1352043565005252 -0.04032655782437907 0.005719091177590656 -0.038066994893094716 -0.00047122971446892915 -0.011155888624477627 -0.008890610162266466 -0.0034152836442864236 0.012507255546441805 
21 21 21 | 0.1385694171353251 0.006107386125490344 -0.02330415088073461 -0.04921846405413734 0.01261319457034059 -0.01245221169822709 0.008371392234128732 -0.0017007835906572373 -0.0005049719237246118 
22 22 22 | 0.15516516138690062 0.020415090056927016 0.04323310351948522 -0.002097700664475699 -0.0004928105511468435 -0.0034839888214567333 -0.006685454125326183 -0.013910645967363364 -0.003600107768534313 
