-4.738902468590192	0.5172336266573296
-4.74115212821895	0.5176398995573801
-0.8402881527511419	0.37776729859255587
-0.8815000536182459	0.3859490589675536
-0.8966821972518946	0.38986450402074274
-0.9012206113364428	0.3901125734320598
-0.8542430606672926	0.382140408030743
-0.8493373056357199	0.3810769083885435
-4.404695897446749	0.4994664413635425
-4.857828236873756	0.5163537753889428
-6.014692767467488	0.44358508053658924
-0.8429318649216323	0.37345030635139054
-0.8427849040675434	0.374117685575098
-0.8383067000933543	0.37798373631612303
-0.7888365533638234	0.3687397963152813
-0.5788017575324536	0.3312237902484723
-0.576340057808561	0.32982412213936696
-0.575677720831264	0.3302043373339298
-0.826773062594473	0.37691384867599315
