-4.430193121493295	0.5068117009726094
-6.9861112522581506	0.39926391769713643
-0.570709688286093	0.3551361867518515
-0.915587486433723	0.3881733955502385
-0.8976474413903717	0.3857137611058158
-0.8968773098483892	0.3856251276758826
-4.7706955938869795	0.5167005595954262
-4.433927433205948	0.5098351158444578
-4.103132305259541	0.4857746840253832
-4.386205752513285	0.49948115371830587
-4.411162871049341	0.4984065249079875
-4.637679307766278	0.5155138878900325
-4.478844384643555	0.510052750232968
-4.5097010562192565	0.5100419143856136
-4.547307872003122	0.5144094490763478
-5.815522579528624	0.44502956653563286
-0.6170112476986507	0.3491976109904293
-0.854976724320387	0.3801980243841971
-0.8557678983810701	0.3805442454674957
-0.8667239138635736	0.38464570809301135
-0.8605697584311723	0.3830019456341262
-0.8680328113231804	0.3812030490819369
-0.8656468697534715	0.38093265786945074
-0.8608664407956208	0.3804195444026806
-0.8654507992547303	0.3874016580106947
