-4.834736479217313	0.5198259160863955
-4.4806708027366895	0.5071499374398621
-4.508614710362462	0.5082539931983334
-4.566219080879378	0.5104589669090484
-4.217927435679433	0.49199500831458637
-4.485310120752445	0.5077589845430585
-4.555052157552594	0.5084476698117468
-0.8624942880196795	0.3791832407939059
-0.8643402968116977	0.38039540381362075
-0.8585436410211277	0.37947180480367426
-0.8636399219176336	0.37965918302895774
-0.8467983760122971	0.3802322717951175
-0.8544536971919648	0.3824686547652498
-0.8556975974114429	0.3769316984616415
-0.8465508348386456	0.3831667795158933
-4.499202764454864	0.5058755741485429
-4.793966267601857	0.522330035864466
-4.789730088031565	0.5219056262500079
-0.8753968604903806	0.3779574451568589
-0.904372869887834	0.3856782360740039
-0.8677065035300575	0.38461067139806654
-0.869598030743312	0.3852337675083561
-0.8698760358685674	0.38573807658001047
-0.8612439030418136	0.3855618401770636
-0.8682529190640632	0.38685833380195156
-0.870095052050482	0.3874314069909416
