number of atoms: 30
number of fields: 9
Multipoles
---
0 0 0 | -0.4573522618659709 0.006995943408506072 -0.002633541786150509 0.07337187519345333 0.0696292175714518 0.012227622934930021 0.04396664272844525 0.06773791628227871 0.007333055630589069 
1 1 1 | -0.34877901655723687 0.0043783240759241145 -0.018676664658398297 -0.050964748373258935 0.20309754075191214 0.0023933788142536357 0.10239479191234782 0.08435877140512837 -0.050323131067808884 
2 2 2 | -0.13682528594487575 -0.011391629105147561 -0.0009321380541622542 0.026065589818771464 0.18509600264616324 -0.006395000735260052 0.03832416880753334 -0.009512853571774225 0.07661576805767177 
3 3 3 | 0.39756213043533606 -0.02892564488621492 0.005944282812049151 0.13054103672678796 0.13932313340631775 0.019553746424964692 0.013534980750803574 -0.1667211876721721 0.02608742174498341 
4 4 4 | 0.0830255859253839 0.008699444369804554 0.0066060954328484404 -0.0420985625821114 0.23018152707095815 0.03772099258230544 0.050140408269984366 -0.08082818423327531 -0.019288807481337194 
5 5 5 | -0.28341167451609817 -0.0011342655944053988 0.015234708219842899 -0.01957895426154789 0.17675529479140267 0.011595805265414634 0.046321459359577544 -0.026995234632907067 0.07326694561821172 
6 6 6 | -0.15131701488206506 -0.0062247333168619625 -0.006109894112930265 0.02304923048616037 0.19409979291367324 0.04079848276332315 0.0686716541214772 0.03943759345223775 -0.05091420108822407 
7 7 7 | -0.5916076226615612 -0.0003916035207051574 0.09300317893221285 -0.06687492726670993 -0.09419160243698685 -0.011308203404860205 -0.011982379038222834 0.0360284884370169 -0.09837096434003227 
8 8 8 | 0.1563900699708327 0.0034625617861825503 -0.04825812010909171 0.007392343836058049 -0.002839449788634431 -0.006019636805134355 -0.0005108940713431637 -0.00330261756531117 0.013620604512871337 
9 9 9 | 0.14214896071661243 0.014702718087357104 -0.03947370939472246 -0.03261023035504238 -0.011044775709963756 0.000291252991903183 -0.0056662677126892375 -0.005586969461571833 -0.017008686656007705 
10 10 10 | 0.4453542285336062 0.0008181095007935195 -0.019993496664710342 0.010512553000831535 -0.011630632440019219 -0.0028794203974807082 -0.005909235974557938 -0.010307051882263437 0.0014255985507680958 
11 11 11 | 0.1688813500894859 -0.005591242466226288 0.03903065364005264 0.03145420219865038 -0.011203173026003438 0.0021542563126155205 -0.002478891507769837 -0.0021813934429660664 -0.014902445352512795 
12 12 12 | 0.14597424394942482 -0.013405210727474392 0.044236746690817556 -0.0026183856690765264 0.003788627932087919 0.0023411511774934332 -0.002471565939350417 -0.017150608588440135 0.005198412286898874 
13 13 13 | 0.14398066376077845 -0.03603771269758309 -0.03211658156641853 -0.00838810054034736 0.0013635017984613485 -0.0026260895422352518 -0.01038672013135686 -0.0008928720310464433 -0.014072839270550709 
14 14 14 | 0.1405293534286497 0.0005321621491899467 0.049637680014969335 -0.01826982117511322 -0.009974954653847401 -0.0030721682275859797 -0.007238202240627416 -0.008319779327630087 0.014057850828460021 
15 15 15 | 0.14482335809863822 0.04410904453365331 -0.012034581088941978 -0.014745457502508493 -0.010006028708468595 0.0005260381119705992 0.009231061723600232 -0.006284274858068333 -0.00724932187707809 
16 16 16 | 0.05271763002640828 0.03493996157085849 -0.044728261704284886 0.02041170772627057 -0.013054915305195668 -0.047330233583987524 0.01803684947428433 0.030297777921879404 -0.023088076972672802 
17 17 17 | -0.47099418505817603 0.026874227148961687 0.03395421774492821 0.05665700571346695 0.05921683079013066 0.016216332484331932 0.01142766987277067 -0.04238607598910496 -0.0806022442664299 
18 18 18 | -0.4635247041766064 0.04102844250020711 0.002912767680031866 -0.06087517384849048 0.03309380523328618 0.024477839706748782 0.04826504737810472 0.07507169565415481 0.07457584945909054 
19 19 19 | -0.4481576854624114 -0.06571804863263288 -0.029747087774497274 0.003617274062591013 -0.11174507701054447 -0.021134919044598122 -0.03287709199012503 0.0015004812317715127 -0.0027782609456708197 
20 20 20 | 0.11652529872714323 -0.030268681588736333 0.04309250981438134 -0.017045932993768 0.0013366179548150382 0.013264070908186943 -0.005503848911684536 -0.0077624582960744435 0.009015362759265651 
21 21 21 | 0.12921659866153645 -0.04586056171100998 0.0015790175459769256 0.004357070877404698 -0.014130077555852697 -0.012481402582842362 -0.0023227828187597985 -0.0006427464306529892 0.0054671936803925075 
22 22 22 | 0.1414396961459935 0.03305412714433135 -0.028093762129052038 0.010149284266799388 -0.0009086285782355754 0.011052212896217273 -0.013231710341431056 -0.009141582761107455 0.005023909990019964 
23 23 23 | 0.13683590649018018 0.0034493823901064467 0.043596524018067816 0.01833768915024233 0.0027177276369087697 0.005319682100306265 -0.002473472530321224 0.0001187433295564756 -0.01711337019209275 
24 24 24 | 0.12287957424355167 -0.03702686742846817 -0.01933080469984031 -0.01557535798355688 -0.017950255602581146 -0.006936767030378941 -0.002379014204432157 -0.00905172826639898 -0.0020570064311045684 
25 25 25 | 0.13347729810174092 0.015658023777040474 -0.03804555030009634 0.018750793910568296 0.007211640269415304 0.017184171656737843 -0.006610505013334026 -0.0006537736981023004 0.007155581204962701 
26 26 26 | 0.13051048269404586 0.00806993503630717 0.007759128838323412 -0.04459414906122556 0.009110337848068157 0.0034419428526425446 0.014553623588931846 0.009832263421313664 0.0029464878871012386 
27 27 27 | 0.1470298547618838 0.02103274321669149 -0.03332345953022447 0.022637261779103753 -0.003099586885095462 0.011496161748520953 -5.9460053756117935e-05 -0.009516244888290835 0.011930434125196352 
28 28 28 | 0.13941564621098967 0.015180053058234274 0.02778691754565317 -0.035673601776098705 -0.0009697487240647144 0.001532480608814426 0.010495935715753886 0.013945703637779328 0.006741062090047987 
29 29 29 | 0.1311128300424892 -0.0008258515587010259 0.04188371424955837 0.022014650886831442 0.014770420031981523 -0.0021380249366161506 -0.005682369156353738 -0.0010212697298823017 -0.010175962092792014 
