number of atoms: 24
number of fields: 9
Multipoles
---
0 0 0 | -0.44365328016296424 -0.016807885267340974 0.006789744964598072 -0.07153627366393407 0.06082407054313497 -0.005523521987616386 -0.003093839879140701 0.08374503599114842 0.04422341767424157 
1 1 1 | -0.4053863137236373 -0.04279097361837282 0.0757152614106843 0.016747270329269984 0.0346402363707027 0.003191002659370132 0.029488895222460076 -0.11915507652136942 -0.10495684850608777 
2 2 2 | -0.17365151120185018 0.005036269743779345 -0.12494186454370187 0.031584419629855066 -0.7672147977318025 -0.21112761629827756 0.022370515265479476 -0.35234464603675475 0.2734527875894083 
3 3 3 | 0.15558684550287838 0.04762890262647307 -0.015358801894430965 -0.00012516417438101585 -0.0016064008474242445 0.008078618314480545 -0.01715895044683216 -0.00850016167470955 0.005104949995730403 
4 4 4 | 0.1972238431810176 -0.0083872024230129 0.04891071055468927 0.01571724021078907 -0.0012212712504092824 -0.001987613102894307 0.0023676630371339594 -0.006093353148670855 -0.006728498902234956 
5 5 5 | 0.1628636657534186 -0.039835026412080435 -0.031026304512517963 0.005491704578435387 0.003147414747950154 -0.0018320805803274027 0.015143414119184082 -0.0030491325378632097 0.013933783737269577 
6 6 6 | 0.16351061858264027 0.02942810065586541 -0.009992133312769247 0.040612894516519206 -0.0010903222786251103 0.008128324192976736 -0.004907440724238457 0.00032013250625939957 0.013551425372997548 
7 7 7 | 0.16639888811013703 0.025525908829343264 0.0161861526804911 -0.043454826909003055 -0.0021502913184580945 0.0024534245002834306 0.005737430739359065 0.013586019182854021 -0.0099480699969311 
8 8 8 | 0.15431824789460213 -0.04627414446917356 -0.022257022327492725 -0.010313512698187793 0.006571192942448073 -0.017116110764953903 -0.003639414518485723 -0.004295041931270593 -0.0014658269714974016 
9 9 9 | -0.47302818723587947 -0.057874107805253774 0.004975939309655893 -0.030803633705066738 -0.0932755825395222 -0.0007275930345985038 -0.03776221677594885 0.021586612468562347 -0.03527176360138101 
10 10 10 | -0.11795668060383946 0.00908837733698872 0.010417501061114484 0.03000884745505184 -0.19315892579839145 0.09089413264715454 -0.03374255964324174 0.08511363193774117 -0.08724971713373442 
11 11 11 | -0.2140900309842415 -0.013998322313684542 0.012119804178911316 -0.006502404976951805 -0.05082304107848296 -0.0016134906134433935 -0.10187469657997979 0.11255010517978004 -0.1491292022838673 
12 12 12 | -0.16592958177457273 0.02982156919238635 0.003627306462635782 0.011880707070898203 -0.023251168398033602 0.08949601894996831 0.035845992817406726 0.07225231249418863 -0.19840849063175167 
13 13 13 | 0.13857455142498587 0.03554425277423841 0.008110200428049939 0.011291852782000426 -0.05991712083046415 0.08747763360063396 0.006386431647980687 0.07005918997079132 -0.22737711516268516 
14 14 14 | -0.1271725041030658 0.02871780486431909 -0.011538186416186823 -0.014436416895312174 -0.07096945086161716 -0.006970482549948213 -0.12031082988001948 0.08414556074146898 -0.15655098671856535 
15 15 15 | -0.2036399864109777 -0.012191899190047819 -0.0015612051041432643 -0.01848273518700992 -0.15939469757746239 0.09829642211121933 -0.014894799328745174 0.04091067390022579 -0.12285620310781169 
16 16 16 | 0.16067594001287544 -0.006536228650824771 -0.03577464966789024 -0.04694782602714517 0.009238805439612538 -0.008231204270250854 -5.407838560529138e-05 0.00301220884412905 0.00840107139877807 
17 17 17 | 0.15843914577707707 0.03893632796997243 -0.027991222113823964 -0.023716831816149416 -0.0009651713606869893 0.0038729067200605812 0.01458037652527916 -0.001044056431944836 0.012382113548273581 
18 18 18 | 0.14058854389190856 -0.05024144085509062 -0.003948404605870119 -0.0217418278053209 -0.0032573267567317624 -0.006899635048467017 -0.006498639865479909 -0.004124387400963029 0.016031804239510748 
19 19 19 | 0.13636967438265846 -0.04331065859877183 0.02461971780468764 0.02470030888075028 0.0033884029591685137 0.005236979106386314 0.013523604388323384 -0.007211723516464852 0.010315355116637418 
20 20 20 | 0.14839440905664358 0.005429135631927496 -0.04767814074147834 0.0043061068794036155 0.0019729722365508526 0.013686136569098084 0.0035116546584221674 -0.005928411785326576 0.004934171507399114 
21 21 21 | 0.14665462548487496 -0.013026951712082303 0.021293273476117657 0.03868873390528596 0.012902465928058654 0.0003754371789413599 0.004519812405861047 0.00566838108064416 -0.012195472413709644 
22 22 22 | 0.13907353981464432 0.005214030490044009 0.029032300517735456 0.04252966580570534 0.017684527391144383 -0.010285048941247297 -0.004960656278394239 0.0015010846782926906 0.002728508274069325 
23 23 23 | 0.15364111420263082 0.02643446541331921 0.025018313878983352 -0.0319257603446947 -0.0024529261510769828 -0.005317492077172097 0.013759123569654176 -0.004462667920152253 0.0011869760511846478 
