-4.488465882938729	0.5049296512965591
-4.794787280479551	0.5212731852441389
-4.800058025364724	0.5213052759625951
-0.8975149350001979	0.38402898359686916
-0.8978869847881585	0.38287820851282883
-0.8648465938918324	0.38451967582744934
-0.8676896291134985	0.3848786835407858
-0.8618044685878676	0.38312187779689555
-0.8623644189190227	0.3852504233930916
-0.8693814867426681	0.38689484162168297
-0.8626043018940324	0.3854142219833104
-4.8183114095205175	0.5200142945922366
-4.642222279912145	0.5125554603509479
-3.9620042530343444	0.4852087226121195
-4.511282494236961	0.5091280832748435
-4.273895163949893	0.49617397048202266
-4.692950237395369	0.518254830821231
-4.491828206601883	0.5079392589185538
-6.9637241364770075	0.3982603181263728
-0.8299927201403078	0.3743850207819335
-0.8587848064817767	0.37881226282187136
-0.8433869395405897	0.3786767120644312
-0.562734532013457	0.354214510076085
-0.856767849796777	0.3830291758299031
-0.8541083401268036	0.38254366234948733
-0.8623122406114486	0.37983526746334084
-0.8490785874784404	0.38368210980199513
