-5.09217774142111	0.5422032189881291
-3.371856228158918	0.4692239602861697
-7.151047699383101	0.4121030211320619
-7.184478508288798	0.41810452542849447
-0.8424518416188236	0.38453494790786974
-0.8341180962436052	0.382569754832976
-0.8469553484091522	0.3881480887749457
-4.821052025266063	0.522877012833106
-3.947981338486009	0.48404789772391843
-4.715155944679812	0.5206751182791469
-4.619449401383364	0.509115474188204
-4.5056063757033575	0.5096008463489926
-4.5292640113491816	0.5105741676261246
-4.285155585688342	0.49562892292431
-6.883220181180358	0.3929565543893332
-0.597877511033805	0.3587408282331105
-0.8572754896634224	0.38265696156344153
-0.7992836742468663	0.3695645891619093
-0.8794759008616764	0.38356206202725207
-0.8672440668613163	0.3811648431346918
-0.866073883368888	0.38572926483544767
-0.8610592184249783	0.38438445409035293
-0.8633493041655891	0.3869874396696853
