-5.027716993746612	0.526424824047296
-3.475090536022353	0.4632872038861654
-7.027509781371368	0.40422277853687943
-6.330570840747161	0.46410737140381075
-0.5849047441556573	0.33944027213230016
-0.5627948628861507	0.3373352090153252
-0.8472866948055147	0.38203548060659376
-0.8166659097605999	0.37739409450118067
-0.7999834846506527	0.37477823998132337
-4.445162693160436	0.5079101729125113
-6.98468139622466	0.3996327761465295
-0.5701562456817423	0.35345764783933425
-0.8817110511757645	0.3802495066641224
-0.9089287588154875	0.38856914798847547
-0.9098413944675516	0.38909829032918275
