-4.365672194217615	0.49958332251327175
-4.89932716394938	0.5191789315945806
-4.638049857480916	0.5098592313976161
-5.014403035618811	0.5260473848510148
-3.6526581412637507	0.4738107464048865
-6.9837456288647894	0.40244716570945516
-5.671283144061546	0.43755692804570584
-0.9320783936229415	0.38960461811328206
-0.8801299949862159	0.37671512157401665
-0.8683234704325536	0.3888125564094727
-0.8340410605502112	0.3782281054641915
-0.8703897369163401	0.3846637981199652
-0.8178113625051033	0.371260317120041
-0.7921803238807978	0.3493005776612655
-0.8334345105429786	0.3542645183029515
-0.881865341042113	0.3907330620182672
-0.8054889895714815	0.3764749994594206
-0.8061227762496519	0.37619743110091924
-4.861328047602702	0.5190093329933231
-4.157208163024984	0.498520818610059
-4.041195202247135	0.484092369369191
-4.577208772337181	0.5150181626773793
-5.892216629170319	0.4597097833716217
-5.740707802347498	0.44380808985108505
-0.876308927804519	0.38159496931628994
-0.6483606235917451	0.35203570814235646
-0.8320271188913664	0.3778001058801571
-0.8254778200804989	0.37653649046989623
-0.8519651739645113	0.3825450808460334
-0.843753869451776	0.383006489116154
