number of atoms: 30
number of fields: 9
Multipoles
---
0 0 0 | -0.4752516824014057 0.023364272049456784 0.050221148599524666 0.041225576552880144 -0.013309305565406843 -0.01923430782589947 -0.06927672977679558 -0.029508262818468217 -0.07577510201798066 
1 1 1 | -0.1325516726867937 -0.046958106586126265 0.007827855750661956 -0.00464071809046283 0.04576183058884768 0.013799641012112892 -0.09011088806264579 -0.16152131271920225 -0.15411084948960327 
2 2 2 | -0.1506274024243055 -0.0170988547996475 -0.019161964434019896 -0.013532132191739115 -0.05208814188522768 0.14224710304599955 -0.08823932897757814 -0.12801776902301593 -0.06083234132142116 
3 3 3 | -0.20187147401235084 0.007124355268784156 0.016222749180645382 0.004380110477373174 -0.13719707597640243 0.022353549026545107 -0.1601958824744479 -0.07257835805602747 -0.07969017500717983 
4 4 4 | 0.1427854458766573 -0.03362504938802697 -0.02159681157306476 -0.01715476689853955 -0.07269691947798614 0.12128333108671967 -0.12040375284838167 -0.1541488857523186 -0.09255111732510138 
5 5 5 | -0.13577163935216152 0.010774694387053148 -0.027425403579567794 -0.009463757767149894 -0.10681534148831695 -0.009476497282079638 -0.17374602567618305 -0.06115002296394875 -0.08165793394993139 
6 6 6 | -0.2080802184415802 0.024914874971908717 -0.004258981742533439 0.0062303194254240985 0.01874810245190645 0.015510199877239393 -0.07102651070001285 -0.16447173010811791 -0.12662570740582485 
7 7 7 | 0.16497042792408623 0.05324118931040682 -0.01648373809675414 0.020894786774951206 0.0024970767844837674 0.0043483603112668 0.005516990461161122 0.00822876771630777 0.012995928998877844 
8 8 8 | 0.1320996653098101 0.032995067804722285 0.03238772733179542 0.02763079835786711 0.005153503158724032 -0.01710688586411434 0.008548261582774828 0.010080333143387514 -0.0011696733886789477 
9 9 9 | 0.14147176460242572 0.02114458763472103 -0.04331472357684873 -0.014888994866472877 0.012716114327756373 0.0037760713277437356 0.015989404629991204 -0.004278055210156485 0.005714770356074882 
10 10 10 | 0.1332860639744825 -0.016742620034702966 0.05109227763187068 0.01009400378578521 0.011353302750752104 0.005045391259832253 0.014770576379899883 -0.00019342915376811934 0.005127519848068509 
11 11 11 | 0.15067861962836615 0.011970343428174296 -0.03802282781018106 0.026732768693719225 0.006033424564935517 0.007148862060356905 0.004760071631796943 -0.01068009337517501 0.005768409056998862 
12 12 12 | 0.15199423315162852 0.024179666811045903 0.008579300189836927 -0.04174736477647088 0.008283570729817991 0.007020647769715571 0.0021442521984933057 0.010972694461984461 -0.004415960988038144 
13 13 13 | 0.1351684315180649 -0.045634806698525085 0.02022546905821954 -0.013687544265533468 -0.010786664542283322 0.0016238720471795126 0.002094652002678075 0.014837448223682721 0.013008641656445597 
14 14 14 | 0.1485606036824536 -0.04485832704427115 0.013013325415002405 0.0045134629769603175 -0.01313682041963346 0.010287663513626448 0.00010971713652326412 0.002392501698075314 0.004890426940944776 
15 15 15 | -0.2477104964043626 0.07209529363625897 -0.0617900840503474 0.016155046102742484 -0.011889771515472575 0.10617723295368 0.010586427131928762 0.0709597167819428 -0.04361273107836477 
16 16 16 | -0.40744931387001504 -0.06709226950206837 0.04832029254138923 0.05458672028296 -0.030764465351289093 0.07592450536502657 0.01468571376991663 -0.055302963051718716 -0.014099665581218567 
17 17 17 | 0.27064509887553 0.002146842036720414 -0.11618358452356516 -0.007666771766143512 0.1661853563900072 -0.08134262714852276 -0.004754246292874683 0.048852553161349406 -0.0553190222804736 
18 18 18 | -0.2371676757245389 -0.025218334555398667 -0.0044430272210505195 0.14725069785156514 0.05686828280826055 -0.03603443799849427 -0.0028879834236658786 -0.07821601773422777 -0.08934076160025235 
19 19 19 | 0.20684306538270736 0.02845520654284893 0.04337893875084694 -0.08276411165544897 0.10378446219543751 -0.009741738098515612 0.03915778691873559 0.06474726869338775 -0.0009205898238598135 
20 20 20 | -0.542240639019913 0.03850528847179604 0.10740896787825253 -0.0029330107790257963 0.2582363763551392 -0.11493461972487849 0.0016104295816164501 -0.21161681993848638 -0.09634215914615739 
21 21 21 | -0.3588071911951003 0.0230095842268422 0.006294281490075508 -0.08859253059217174 0.05734794318477281 -0.027136513220066164 0.006721438826735848 0.007710770635540823 -0.017557625406864903 
22 22 22 | 0.12753052595878944 0.0151726223026902 0.044114292576272016 -0.01731664477363037 0.003813108416169672 -0.00610903739463933 -0.007167797771338252 -0.01576459340985506 0.016770017967541077 
23 23 23 | 0.1425164970832642 -0.041074045981949116 -0.03086858522193144 -0.012251469490757012 -0.0070322897496131066 -0.008135763170694255 -0.010480371800861787 0.0006042534190809555 0.0012534357478620989 
24 24 24 | 0.12740772522945487 -0.018392617866957728 -0.0003294158001016086 -0.04614030084563989 0.01013004016710573 -0.008537470257212472 -0.0014099680009664636 0.011879133403695213 -0.00461849067540778 
25 25 25 | 0.16213408789436867 0.012080828386542111 0.05210783893585548 -0.028590426400923605 -0.023085248502593785 0.00363834821003989 -0.009825843839794438 -0.014346672069781527 0.0005098192638569247 
26 26 26 | 0.12437357960040374 -0.023400714288761008 -0.05497192979843587 0.05053125537048917 -0.02988059914004427 0.01400745185922986 -0.006114872154759002 0.007318956026658523 0.01222153830104668 
27 27 27 | 0.36005236313866984 -0.002183189824671683 0.021783744995735006 0.03132019397302662 -0.016579960455055404 0.00930446018507322 -0.007843666702385788 0.00246430893951363 -0.010936134236462466 
28 28 28 | 0.14955977493966388 -0.003184224007025387 -0.04164286390438657 0.02896104128943095 0.007631970576807231 -0.005581240481248393 -0.00819119608084419 -0.005337669448832679 0.010468074456050663 
29 29 29 | 0.12310386975450438 0.03869519304053351 0.029772403173553674 0.006549014620034196 -0.011044172919057285 -0.013911227856157908 -0.006064527597519607 0.003637269063251552 0.006511938403702036 
