number of atoms: 16
number of fields: 9
Multipoles
---
0 0 0 | -0.39023632820781007 -0.08044926964950481 0.06629587307188013 0.017663774708901094 -0.056910400904403094 0.11921913808484531 0.058588591120598665 -0.051545222482877 -0.051622119698020656 
1 1 1 | -0.3789704789399613 0.0862255092997363 -0.05242450581752746 -0.019957177163171906 -0.049801511799911366 0.10857489343447829 0.027115131672416602 -0.04536637207652244 -0.02034083915497432 
2 2 2 | 0.138922872753233 0.03145968980566163 0.022075540882377016 0.03465104845610355 -0.004548482016315112 -0.010193481333972958 -0.004348335248306466 0.0028000399376784378 -0.0009483024371626191 
3 3 3 | 0.1277279255067718 -0.02564120652156625 -0.03760974794898119 0.019766490368313218 0.011721052944680788 -0.006466957622014395 -0.0029821680245204992 -0.0098014257223515 0.0037701917091740693 
4 4 4 | 0.12508045353607944 -0.0016237596541790172 0.011012396317229091 -0.04887021412684524 0.005568218816180506 -0.006732537437603498 0.008164663511658012 0.011852979626018369 -0.004584512861244915 
5 5 5 | 0.12401758434099386 -0.0008746299767616797 -0.014595047907749736 0.04782803390790907 0.0065346708100407925 -0.008737333661265794 0.008681539861251654 0.013529218179815969 -0.004020780544009807 
6 6 6 | 0.12363174470998095 -0.025142859838890693 -0.03186490744402064 -0.03170711480719839 -0.011670526308755069 -0.008149629793067568 -0.013527967784341522 0.006464829762753615 0.00459906678907711 
7 7 7 | 0.12706275530001954 0.020837078476243696 0.04326093764837907 -0.013703385581034969 0.012823748649545105 -0.007921955388465154 -0.005356571799050203 -0.007153614074298082 0.005217498320966915 
8 8 8 | -0.3918316719898982 0.10315048532888559 -0.003842746402953097 -0.013532231229140698 -0.12325978658235107 0.0361235792519903 0.04048224630732079 -0.002649501435581322 -0.0036029954858813004 
9 9 9 | -0.3787291828154924 -0.1023041589169169 0.023889010381083976 0.0037111344760049404 -0.12227996958197455 0.015277987429114183 0.032858788792468535 -0.002538993205578008 0.0002676421676609467 
10 10 10 | 0.13968644041677258 -0.012194284376593579 -0.011651736128614018 -0.05037630023048596 0.00801342936020388 -0.002498220978132741 -0.007592250650840346 -0.0014904891817095923 -0.000763579690417804 
11 11 11 | 0.12906255672371958 -0.0010492135600505413 -0.03829833894190688 0.03147500516291461 0.010059607408679812 -0.010909916634032771 0.005713565015198768 0.0026619447327824067 0.008032106636422915 
12 12 12 | 0.12760403622512462 0.00688274461473731 0.047173483237373734 0.017518545675412934 0.011752446446273138 0.009971277996346246 0.0017384655502641082 -0.004056745804466969 -0.005652691283232312 
13 13 13 | 0.12485914333785975 -0.00782183963177515 -0.04397799214074613 -0.02369625436167538 0.01337283820980728 0.009760687327133862 0.0024744021610989234 -0.0020279118311449375 -0.008585419558129213 
14 14 14 | 0.1219173683577115 0.0005650135131296679 -0.004772311105426361 0.05192284934897229 0.0020020159629499782 0.0002753325602197089 -0.020322728115743954 0.004516349040139256 0.001980140345149843 
15 15 15 | 0.12869434092092746 0.013585096137674547 0.041883775965724575 -0.02379004354920216 0.011127087061488574 -0.011932419985139357 0.0027559535725016193 -0.0005583037523979971 0.005434299310466675 
