-4.7300223856734815	0.5164565151344802
-4.736215791451936	0.5179780838518461
-0.8765332712677116	0.38593300185342505
-0.8732939680138508	0.3838162508923056
-0.8764212302150737	0.38532486678793837
-0.8746669152367353	0.385180505652208
-0.8748250728512555	0.38714575442167265
-0.8739645001733769	0.386992485094182
-4.738566867003771	0.5173357818467544
-4.739582681346282	0.5179098434504658
-0.8744354691418602	0.38517860614095817
-0.8761410902400032	0.38582352088136057
-0.8697508209845716	0.38387507640269364
-0.8736956382843714	0.3847095752641036
-0.8725723421571552	0.38663712001864536
-0.8732350317320037	0.3867472516666114
