number of atoms: 27
number of fields: 9
Multipoles
---
0 0 0 | -0.12827786266873265 0.03346712772874974 0.07484842116204347 0.04026779233366118 0.06338976235050704 -0.08957410009913656 0.043211499350122716 -0.011416727201782158 -0.04855126167390787 
1 1 1 | -0.451476384911464 0.033154919965971086 -0.011352244745243283 -0.07779762178833677 0.058599994544226194 0.004784524278273475 0.007205179619826771 0.09389801886842711 -0.07712088855964315 
2 2 2 | -0.44678946891321303 -0.045935955031135754 -0.05289829709887957 0.04592885957630077 -0.0021397287476911634 -0.10635616873927076 0.0374408767041693 -0.04468740579304489 0.04399025019222768 
3 3 3 | 0.09626954851834169 0.035717599387770575 -0.037737964778467206 0.005917736158150983 0.002279614498415457 0.01306755479550317 -0.009246702426130285 -0.02255684486713408 -0.009366874451906222 
4 4 4 | 0.09952462175558274 -0.045800759222454385 0.010548381884938424 -0.02351794782258392 -0.012863421816214122 -0.0022251373539293345 -0.02111183454232916 -0.007229231590938022 -0.010930831038798336 
5 5 5 | 0.1471408656897475 -0.026036521699636984 0.040676421691879745 -0.015829761465082665 -0.0008543698981737607 0.003195306129866769 0.002584087780121624 -0.008809825324936531 -0.003453253007956744 
6 6 6 | 0.16100738767123723 -0.032219772823101026 0.038574593730056214 0.011597503932360375 0.0017177184587428983 0.0011559044909009509 -0.005034318804715599 -0.002687222848562443 -0.004097260604581505 
7 7 7 | 0.12719871678674222 0.03699872605409276 -0.00782250027737327 0.027144757619615992 -0.01302621621042152 0.00012252052019726822 -0.011878204368975088 0.0020875050307227233 -0.01082828377397776 
8 8 8 | 0.13584997929991582 0.04535247999900704 0.0051321693902384715 0.011217789007303488 -0.007158546166759245 -0.005229101584318267 -0.017587556908268725 -0.0028367599770578386 -0.00014544071717467557 
9 9 9 | 0.13001851437105583 -0.02770933980241717 -0.038955599009889146 0.007998399634664033 -0.002463425123289863 -0.005887410507481514 0.006403645021810421 -0.004632296195009657 0.014793744897162614 
10 10 10 | 0.1301165436246723 -0.0024966997922657454 -0.0200780169561458 -0.04350664880750853 0.004645418101188835 0.007402359197454565 0.0025781637832732953 0.015836867384709696 -0.003291264847537254 
11 11 11 | -0.46394982218913494 -0.013521790884567685 -0.03366981757887857 -0.058553212544647286 0.07062766953363496 -0.02878009411569895 0.02625094906156813 0.030769425486194844 -0.07168137082383975 
12 12 12 | -0.2733041567376624 -0.004180180069127508 -0.0015731407955321664 0.022580387541392317 0.09904736210492306 -0.14240541169422058 0.08054247967502355 0.10711477373815809 -0.004440314564789975 
13 13 13 | 0.3922042468328115 -0.027976631222503875 -0.08066747276018839 -0.10535121267159238 0.041719329338762115 -0.13900881641341575 0.10955760466270033 0.020315868527062107 0.12238319431239732 
14 14 14 | -0.16671114897948858 -0.013568601911939192 0.0017597175378854973 -0.021473039207229015 0.10916715528272412 -0.17789386329582957 0.003260068778598846 0.0036655882512077412 -0.06583639472385454 
15 15 15 | 0.08740687249197521 -0.0036845118132360155 0.021299395532084087 0.03662263677673747 0.11827967391069429 -0.19991461520608933 0.09377022296184641 0.006374234190659418 0.017147655408798715 
16 16 16 | -0.34880309994894265 0.013861694088644684 0.04716589455516427 0.03009975825714363 0.14659341825804376 -0.14669598879226525 -0.005625165990702469 0.033832092968104355 -0.11343412208036999 
17 17 17 | -0.13277095644952297 -0.013062022301912802 -0.009308695163404854 -0.02755067508248624 0.11911092391586856 -0.117994677284552 0.06042711555469833 0.09363166262164513 -0.013490465597375724 
18 18 18 | -0.5894484386302405 -0.0315157648204013 -0.023413732534337803 0.10751097974965398 -0.06441225024582502 0.03239510528326386 -0.06857063634951135 -0.08251310771375989 -0.03898635425091646 
19 19 19 | 0.16687579682241727 -0.025291497916265213 -0.0441744637286616 -0.0016438575001233348 -0.00905342543347171 0.001343505747197729 -0.00642550549142268 -0.014947344673602899 -0.0011825424390931546 
20 20 20 | 0.1442336445429374 -0.023395661346545277 -0.020230100496858472 0.043591657359300234 -0.007822993592476572 0.012275391261427996 0.004267072182944734 0.006570905009333275 0.013294830781428377 
21 21 21 | 0.15469156711570464 0.02427909026639277 0.027875609618211252 -0.032282130019771975 -0.0017785748194605216 0.011919880800649834 0.0035166038082139217 0.01206848389501487 0.006135011292409518 
22 22 22 | 0.44443493192157646 0.007736194615471654 0.007198602030786876 -0.020066991585509206 -0.010055444966973585 0.007512945431129523 0.0019428329186596325 -0.003300665867167916 0.011544129506125251 
23 23 23 | 0.14482300731844022 0.044575491343498606 0.014061523243562194 -0.00914755883323409 -0.007279054772441999 -0.012923950215931962 -0.0020446407449661295 -0.009660062498414737 0.0027771301148968117 
24 24 24 | 0.14784956766987445 0.0025098477767509764 -0.03880947129350606 0.027228902410833884 0.0027681367443576 -0.001916257183274776 0.005454043890705484 0.003905267095921807 0.015564469369391619 
25 25 25 | 0.13864766981446275 0.026799958294650712 0.0464397700728708 0.0010768313218226001 -0.01090459542960613 0.001135289479721818 -0.009490907795031131 -0.0173834976310509 0.0016887782775727293 
26 26 26 | 0.150312744330501 -0.03796693447945466 0.030300961502816078 -0.002632946954468139 -0.0020613930237727792 0.008177135004234181 0.010588669306594668 -0.009333850831782071 -0.002147710185763186 
