number of atoms: 27
number of fields: 9
Multipoles
---
0 0 0 | -0.42198322711474656 -0.08164999346917336 0.007715768069470852 -0.038494358542513714 -0.07697112430606111 0.028493766563059724 -0.0869303747850983 0.030577118056019592 0.009187787754372812 
1 1 1 | 0.26213132819033813 0.021988413881223145 0.014148792190959842 -0.07099488599272345 -0.16981500123059057 0.06828036109627628 -0.021758094410396268 0.06924258829432775 0.054962499348971204 
2 2 2 | -0.0460511862869879 0.01834760365911001 -0.012174895068059787 0.029716209674849378 -0.03981209213209281 0.0352340903085673 0.0637926364445544 0.18418500782651556 0.12273912726516896 
3 3 3 | -0.011290867435516994 0.05723886485572965 -0.027629065294159184 0.06998020486903635 -0.09544178978832024 0.04672883883080434 -0.0040939979632917105 0.13454363405639425 0.08421764404538996 
4 4 4 | -0.09958987358972493 -0.10384849809355345 0.03004788181486452 -0.04010184886686105 0.06570418867011159 0.010908833132422455 0.03858019240003564 0.12212878175980689 0.08226606638463639 
5 5 5 | -0.11878633674239936 0.03898237924797148 -0.007377155199030282 -0.009295919515532434 0.002554914568674322 0.07196588373214648 -0.04888035533274729 0.16819825692352203 0.10886968255847906 
6 6 6 | -0.29180688339350525 -0.002164184600239872 -0.009099173074030194 0.014863466104819381 -0.10386870868053989 0.016214357738058807 0.09845765875731803 0.130416273730253 0.07522970847494503 
7 7 7 | -0.19142097737449149 -0.002309865648268721 0.007301759793196672 -0.03803829979382004 -0.16831493272584633 0.07898796145751155 -0.03433340971745588 0.07721106300141048 0.06330595505506634 
8 8 8 | -0.1542251053373711 -0.0027288813536537632 0.010794828343550191 -0.027235717943957485 -0.05635473537864659 0.028312452704187672 0.0833387280802108 0.1398373198035952 0.08382402483636851 
9 9 9 | -0.4262862843590094 0.04647915141709334 -0.02303602122269271 0.04789978296752259 0.025296875877161184 0.013750811736462002 -0.04389223543060059 0.042556950324196534 0.02544695818685634 
10 10 10 | 0.13880919298274474 -0.05367500565053102 0.0025431223894803096 0.019148047193850416 0.0013347399400506956 0.0012252531595673551 0.005096788527786314 -0.012239494757709673 -0.01314154605189433 
11 11 11 | 0.1513415608373535 -0.03743854653527134 0.014449979449583131 -0.029792173921943766 0.006798632726827454 -0.00024208513361287075 -0.015159330874585973 -0.008848101118290458 -0.0024166190312983056 
12 12 12 | 0.13943346597037065 -0.013193772102533316 -0.012948204859289597 0.05027966500334337 0.01865028704678022 -0.00792405660325036 0.007125867421678811 -0.0040715692380398445 -0.004311259610116468 
13 13 13 | 0.13543819053441375 0.03698130874946812 -0.014213253328340395 0.03588685559493101 0.003115565959610961 0.00553280377679644 -0.01683952205782285 -0.014208270944183065 -0.006003562408264643 
14 14 14 | 0.3550808159106833 -0.016756019570434294 0.012874152713151834 -0.031222664529813527 0.017939637863742183 -0.0027682983239984632 -0.013392738047553565 -0.014200837221962892 -0.007587925675519409 
15 15 15 | 0.14942820342834284 0.048861536472411475 0.00796730164868326 -0.037912188648610984 0.019340789061945897 -0.008757600121246954 0.011031995095157881 -0.012523050076084704 -0.011309526849286409 
16 16 16 | 0.14497651410887835 -0.017815288329193924 -0.029628146687621933 0.034010270579037875 0.015653779205154063 -0.0016807313202111009 0.0017442389239129778 0.004034132480330113 0.010561048046211597 
17 17 17 | 0.13978787047018115 0.0017651122576317277 0.050073372487681546 0.011984911551061857 -0.0002664165940466356 -0.0162724158614452 -0.0069103425267675 0.000403472993629369 -0.00746912275879094 
18 18 18 | 0.14464221572200087 0.023039763960383135 -0.01993945470395147 -0.03810100761561304 -0.00029077548972296434 0.00046113689822123807 0.015397180166192577 0.000541466071514998 -0.0058276215103580074 
19 19 19 | -0.3825346231518365 -0.06653562222808639 0.013397699797278288 0.07116359647794758 0.0017279614974787007 0.02624896346553982 0.09060944378651739 0.041539521281148316 -0.02263153456409475 
20 20 20 | -0.38718144951042444 0.0737974949966055 -0.00978866993892263 -0.06855593136341444 -0.028142412128387338 0.011186181009815548 0.10021967149686972 0.04445766249625733 -0.027055303669719442 
21 21 21 | 0.13540287905911097 0.02369130498385227 0.046496272869248144 0.001034957667981962 0.004345644202083098 -0.0033309284598551387 -0.0075009497315769195 -0.0008950285494071909 0.006290087860699883 
22 22 22 | 0.1314408918915676 0.023950557524291816 -0.03577877265113209 0.025875115407922002 -0.0010504325659833184 0.00993762350720206 -0.00978073736659006 -0.011653022442969545 -0.0014936906233453619 
23 23 23 | 0.12228038537998431 -0.03285011946221258 -0.011801730304318967 -0.03543762875470338 0.013368563085563728 -0.00283412860520949 -0.012749671528257173 0.004795798282721553 -0.00333655426029277 
24 24 24 | 0.12851973553071439 -0.015577868555729181 -0.046833110563216686 -0.010285653694066208 -0.0025939817198240575 -0.01481476016993655 -0.0033169288333056795 -0.007634692150999643 0.009402629664356767 
25 25 25 | 0.12413041710813244 -0.0233001608990834 0.0375017411776386 -0.024151795089462958 -0.0030210767154271877 0.00996105332044468 -0.009729047270649577 -0.012368670877044512 -0.0009959212507204224 
26 26 26 | 0.12591848306307096 0.03053816614990492 0.005675807804416154 0.0393169985863124 0.011570662132578543 -0.004015324722470027 -0.01202355049093832 0.004066167450352039 -0.0033146294135675165 
