number of atoms: 24
number of fields: 9
Multipoles
---
0 0 0 | -0.37901908567242515 0.04068821229776341 -0.0029511684886472595 -0.09510271082581882 0.049489499498588906 0.01047770030936141 0.10481013551683623 0.06379315245635185 -0.04672903851069717 
1 1 1 | -0.3753886902971084 -0.034063823425080984 0.019731758146160457 0.09716587404401705 0.03811849215036372 0.006204960100181759 0.07636844602610222 0.09688589431235711 -0.012527906944338531 
2 2 2 | 0.11730311593021137 -0.04803037592066908 0.0006985577175696269 -0.013020197664405434 -0.014787439075581667 0.003118020513647454 0.002462220247435176 -0.010919151732421178 0.0013610157453695765 
3 3 3 | 0.14788613847346876 0.02221007733790934 -0.0444696416792636 0.019254718462138866 0.00025353416794978584 -0.005993970660449493 -0.0010654905434189222 -0.008514080165666776 0.006936820203761862 
4 4 4 | 0.1250264681619354 0.030349799045345287 0.03877135493668607 0.00897982239639205 0.005014563900421408 -0.0018494294622194679 -0.006005148000950462 -0.013691072893544761 -0.0141956845293902 
5 5 5 | 0.1203169253717915 -0.02869405115942347 -0.040751383956557106 -0.005757886709392712 0.003010601414714792 -0.0035295775329896814 -0.012909718175466853 -0.007958763908625687 -0.012493849198884383 
6 6 6 | 0.12146088672526001 -0.01552296238575689 0.044417922808245615 -0.01751936486560782 0.0027124311125062877 -0.002635977159997694 -0.009025060121432626 -0.005764782905617739 0.015417721211919144 
7 7 7 | 0.12652660608550792 0.04754820171059867 -0.010327944811946651 0.014605318509914653 -0.01527726846074222 0.0017624340732075698 0.002595932056601021 -0.01015372078984591 0.0006330181502560805 
8 8 8 | -0.4633498870577375 0.02250398632400759 0.06713947857794514 0.00785906910330077 0.02341479893212079 -0.03691095175645113 0.04102214768813922 -0.091934674290656 0.02172251319240213 
9 9 9 | -0.341263548969156 -0.03448484488081984 -0.04612986132913456 0.010535078071168519 -0.004656964736561331 -0.10180155597235097 0.1257822751216439 -0.18186957991617073 -0.007134811978438496 
10 10 10 | -0.14401481919752435 0.01177938605884735 0.02775398760430609 0.0073034513150243745 -0.012938962644822503 0.04090871530746832 0.10867017842249896 -0.14106669966991275 -0.05355234501023381 
11 11 11 | 0.3888251383875243 0.044050260218967 0.12465845412327789 -0.02252065640429554 -0.12246306115370853 0.08815728884764736 0.1383468080047164 -0.03277628889365105 -0.06179216478158298 
12 12 12 | 0.08768399198195986 -0.003918529527521704 -0.04114624066426628 0.0057025387933717624 -0.11179407637402343 0.02335436156785814 0.18252852844245002 -0.12405581400535744 -0.021578401342105667 
13 13 13 | -0.2760243526595785 0.004733540579739051 -0.019827996975812907 -0.0038364583809600574 -0.02327185374318863 0.048222898648097916 0.11939414147171444 -0.14483745058857314 -0.06191921377412021 
14 14 14 | -0.15813151660504499 0.005549723059908739 0.019468327201493243 0.007397226976431843 -0.05560690488590901 -0.07230551179883557 0.13173020024946488 -0.154458935121868 0.0029981804028467573 
15 15 15 | -0.5872450202723645 0.04810072769240893 -0.09377806045729549 -0.045033544256116276 -0.028888008266190677 -0.05562522664572505 -0.0715976090149094 0.06813410824708273 0.05957841821757061 
16 16 16 | 0.15664329092514662 -0.04006756450530991 0.022216267094121875 0.017336314036825614 0.007967549337750507 0.012087604818429661 -0.005691440461402583 0.0015371158582910087 -0.006838475359249712 
17 17 17 | 0.14256854978719824 -0.046390657867421546 -0.018364414796572737 0.019246672334073584 -0.007329213890718286 -0.01000958485834709 -0.003932028070775902 0.01909841475046632 0.006570057242638363 
18 18 18 | 0.43991444196893437 -0.010808875183545152 0.017760504286158038 0.0105715598217168 -0.004225698271241447 0.009398689056966763 -0.008657571495618785 0.012905127312423886 -0.0021539176275996467 
19 19 19 | 0.16699671058684573 0.0425026236135297 0.018719342757213184 -0.01995043151896177 -0.005205955270730986 -0.009719381161838805 -0.003747312669473667 0.014090455705086793 0.005591250532220269 
20 20 20 | 0.1459627755208096 0.036341847252812656 -0.014126241603672764 -0.024335598646540234 -0.008946760615468927 0.012918590467231008 0.008502419451551302 0.004403403072013331 -0.005981944242905664 
21 21 21 | 0.14412074458834834 -0.039788591474556156 0.005718933045835093 -0.028309538696578557 -0.010831840130072377 -0.011489296557746172 -0.0044259403331379414 0.004238126843208507 -0.004654182184858572 
22 22 22 | 0.141625982230545 0.03753659899700618 -0.03148645025090356 -0.01982567276411521 0.004626767845068217 0.015908625573077123 -0.007980161902812718 0.0070702388811503 -0.006792588090985232 
23 23 23 | 0.14935904947885792 -0.0016700795475356868 -0.010805734645092676 0.04720609714622607 -0.001680064699321304 -0.000445391643982869 0.0030590861064851817 0.009272305698249043 0.013018129445271498 
