number of atoms: 14
number of fields: 9
Multipoles
---
0 0 0 | -0.9583929361732082 -0.008133776268751738 0.05154651710201554 0.05948608945255054 0.38795550669141887 -0.009625578664433162 -0.2176670479337193 0.056522149665649585 -0.12310723204338224 
1 1 1 | 1.014875375312565 0.008286071093186647 0.0012978060168791535 0.05133822784677787 0.1395717581155592 0.01335685067286957 -0.06820413902572214 -0.0462199536844572 0.02024126520813729 
2 2 2 | -0.7539242789429164 0.013555436367219106 0.05259983008267049 0.14664940590945685 0.041880460495541866 0.02638204239941027 -0.05136048602407185 -0.09000651702096842 0.1798980200338539 
3 3 3 | -0.8469944828123612 0.010766882365716936 0.037140569369957833 0.07427672956532054 0.05351425089485035 0.01591317308873541 -0.006082289248079304 -0.11655913205306562 0.04549567061315693 
4 4 4 | 0.18567623901839592 -0.019312062209254296 -0.017109413746021214 0.020760625195112462 -0.0015690811874113672 -0.032127184734444585 -0.008112305030919132 -0.015095773518772384 -0.007251512756149393 
5 5 5 | 0.1834146021423403 0.032528404059616725 -0.0066484343582058755 0.004181052875386174 -0.0015530133162335923 0.021846726157235017 0.023738042714664256 0.0058767728066780045 -0.02049486662661291 
6 6 6 | 0.17757070067862835 -0.0060947006288696376 0.03026372695945058 -0.0033915669033237218 0.019355208114605248 0.013352525335762803 -0.018743226651526206 0.005571191160007116 0.024642288956331533 
7 7 7 | -0.9951399047751028 0.11058786587250975 -0.1254521044470167 -0.07674304385194639 -0.2090585987129475 -0.1474678228151419 0.03487713743947213 0.4584984105471277 0.1571318813701494 
8 8 8 | 1.0427810330065324 0.02644500847120478 -0.016872838786465817 -0.05395366713359769 -0.08661299985229101 -0.0463662399671588 -0.012445549668901474 0.11689750630999629 0.07470682056457606 
9 9 9 | -0.7897509798793472 0.012683582656084354 -0.06022568325768828 -0.1637414300545197 -0.15463637170754868 -0.021587579132899184 0.11015310512851295 -0.06585591930538594 0.12171752607416216 
10 10 10 | -0.8561267513798896 0.01990099069070894 -0.039226734554885075 -0.011502861868040469 -0.07503548926590195 -0.0674949318292266 0.020737334962801737 0.05392803451700217 0.11376293271221846 
11 11 11 | 0.21357013677442582 -0.030246421483587183 -0.015543638574895328 -0.024368780916548947 -0.005254252196800959 -0.024173610875685973 0.02192136818540964 0.005857957866289566 0.016791284896507015 
12 12 12 | 0.16154790686917453 0.00213911431878788 0.034323108713173456 -0.009631201010886698 0.01744944949718852 0.019165117501373886 0.016012884057253342 -0.0002787165388775813 -0.03660382202434078 
13 13 13 | 0.21979213463603497 0.030048842252216348 0.017386688495624587 -0.0024873236278076783 -0.017548741613770756 0.010170178382205363 -0.021491875246576496 0.007543717103552674 0.005175833829285212 
