-4.501549798261247	0.5060802877986088
-4.79058303992627	0.5212526459698246
-4.791375138551372	0.5215226498055571
-0.9111472794138452	0.3886684681226888
-0.8698414096712554	0.3758282376049873
-0.866879043131837	0.38418010514666856
-0.8615812493538825	0.38261701413583177
-0.8668988827620964	0.38640801380803996
-0.8671181298834942	0.3867866815447636
-0.8732799580631043	0.387774795240463
-0.8677675005338811	0.3864571969666348
-4.8213078582505045	0.5201074135078088
-3.9613048047829587	0.48522295258107345
-4.707345355798005	0.5195426217802952
-4.642850106001566	0.5105646119188028
-4.4887461492410985	0.5083622487757442
-4.506023397361673	0.508799709249361
-4.285496813036958	0.4976289363768934
-6.971811430455708	0.39771887068793915
-0.8400301847850247	0.37804552231730476
-0.55150382446945	0.34600532965951664
-0.8297803276277139	0.370966605259291
-0.8591440047117873	0.3777425047759471
-0.8548474825661725	0.37723730257448423
-0.8510755708856443	0.381562341397485
-0.8529872473569405	0.38185994102413695
-0.8480572733040529	0.3831916329707969
