number of atoms: 20
number of fields: 9
Multipoles
---
0 0 0 | -0.15686628034294525 -0.14778232845050765 -0.02009577866692516 -0.054059546778291716 0.10378605266874188 -0.0010332535286130535 0.04066152309336026 0.0020150493452196654 0.024281888282003464 
1 1 1 | 0.9432950536006963 -0.015075777291667439 -0.011390843111491172 0.006073318779549748 -0.026583838735805967 0.002827385372414353 -0.04542624910189833 -0.06533503436028343 0.10458966279793272 
2 2 2 | -0.8904225040960796 0.0023810816466357907 -0.023446926145578226 0.01769546501926507 -0.0016348850402655248 -0.030318528506480025 0.032742186369911865 -0.016658098090133484 0.03456605124355527 
3 3 3 | -0.6182117072350524 0.14147766434923395 0.01720459529079459 0.05484890278893574 -0.013674405269422176 -0.024471078937926324 0.0010091770069199635 -0.004768585035987207 -0.01514637011433675 
4 4 4 | -0.9319077513682892 -0.015550958410100051 -0.018522224254299623 0.014086412657573296 0.02613916996818398 -0.0523936876668878 0.036974848083413205 0.004485518596153045 -0.0303768100908761 
5 5 5 | 0.4207291794309216 0.023379263143612203 -0.006860942916916254 0.014735403987856104 -0.005614622454576375 0.0016587040117784736 0.004216357748553048 0.00992880663752406 -0.010633912155711743 
6 6 6 | 0.48586116660413314 -0.0060841335308733846 -0.0216297709725005 0.00025391961386527303 0.0019884818183516797 -0.01612316197019806 0.010443980681410154 -0.004121596300242003 0.000614293769930202 
7 7 7 | 0.37335886739872337 -0.007561456720519136 0.02789350112728107 -0.01924221869909595 0.012666562774181128 0.018143733174928713 0.0054403420157163925 0.008970257146337484 -0.008156077720096255 
8 8 8 | 0.4145139595601227 -0.012435278687607142 0.021544225815926393 -0.013505307098046287 0.014928480381746686 0.008483820308751593 0.006758317414965672 0.005921459679454613 -0.004781167506764813 
9 9 9 | 0.46824389968095514 -0.015488803679371936 -0.021689038570758514 0.006390409076097664 0.008765803059905711 -0.0059310002816187965 0.009671851271623571 0.0005532555094099571 -0.006184611803354281 
10 10 10 | 0.1286577573854305 0.030216694236147642 -0.052856454467741086 0.0048136506218644575 0.020846164656509358 0.0011792190715743747 0.01654041533419751 -0.0021246853283050228 0.006520569984203187 
11 11 11 | 0.12507455619443464 -0.010478716541506653 0.031786772441184885 0.05332079012567366 0.022991098022578864 -0.0029757402759164817 -0.00013435794244594156 -0.0018367086323709224 0.001903877652686002 
12 12 12 | 0.13975057858148743 0.03313205521799752 0.030969064632598367 -0.04328061216897397 0.016736429886197866 0.0028276487336583124 0.01497274763744629 -0.006014705642044461 -0.000639854080206685 
13 13 13 | -0.7251462200118493 0.011701399346940136 -0.002213069159245608 -0.0009310492787118496 0.06079898946373749 0.06729228709621142 0.08614546791446928 -0.1043062036028516 -0.020115062226592057 
14 14 14 | 0.9767812935839641 -0.00353471348040632 0.06122510181810217 -0.009371315617087587 0.06274521240043514 0.062056354196698665 0.1423570260897139 -0.11668438555304542 0.014358650195519981 
15 15 15 | -0.8733243927775565 0.023215986649291802 0.00011291441434500283 -0.010753379872030917 -0.024412558387653542 0.11328856797583432 0.09935700057913793 0.036865748080776625 0.013918544527249147 
16 16 16 | -0.7964681757317056 -0.054878823564512375 -0.007395191198976232 0.05361126912443255 0.06406802597229577 0.05174841800571549 0.07138309228633861 -0.11589452426849806 0.03591960150142597 
17 17 17 | 0.17750935031015613 -0.03571927402575846 -0.010010612813454103 -0.014486338797070652 0.0007668397877789232 -0.015062953917442563 -0.007770599294041488 -0.0038627227882367123 -0.009107214673195725 
18 18 18 | 0.17920165080577322 0.001983810698258489 -0.007440494596482774 0.03905455067726408 0.007098382699769494 0.0013357754161872103 -0.00479255603064494 0.004136006003352076 0.0150439080412817 
19 19 19 | 0.15751407178145205 0.030290999273224643 0.005573649451813609 -0.021464243158551315 -0.010232634891288419 0.005143528251279083 0.01770699069243609 0.0063645720835842695 -0.005263223042586997 
