-4.491571127473706	0.5036685506905285
-4.799923346884839	0.5217932586419256
-4.790954973294367	0.5191976242890106
-0.8866516941634074	0.38074480546483486
-0.9009945280593221	0.38465563840199285
-0.8619027356388027	0.3837601452054352
-0.8682332455920655	0.3836714326329294
-0.8744261850107927	0.3858091421051283
-0.8679414130231381	0.3846986717698752
-0.8667173422217013	0.38656659288267947
-0.862744736537483	0.3855088348515716
-4.739458172732846	0.5170372577905952
-4.746753230327141	0.5186396837579232
-0.8748783744329158	0.3854200705121746
-0.8716216438355171	0.3839641645117448
-0.8760145899608461	0.38523345033132916
-0.8719112655409298	0.3847262852213537
-0.8680721763688424	0.38560923077713605
-0.8726103000222698	0.3868110041117297
