-4.783803143739801	0.5178643161349654
-4.102560402534878	0.4872261655019187
-4.4094351254127595	0.5001388611267225
-4.376784946683893	0.5015888782369955
-4.446782610516132	0.5127213629421237
-4.470951655369046	0.5094540240802639
-4.642382551160309	0.5162746346173356
-4.536422920937827	0.5130779983867532
-4.514312346526959	0.511243686556421
-5.80422103052269	0.4468040254767606
-0.8654693145552109	0.38001072995932644
-0.8459227360155768	0.3787895912264264
-0.8558906853609944	0.3787592940734885
-0.8610839279162497	0.38011427502867073
-0.6412001134141168	0.3506430385501698
-0.8448859328814059	0.3806654286651186
-0.8486792117453623	0.3817430750312673
-0.8598165662767564	0.3830919086776569
-0.8535054743360346	0.38433542956789674
-4.734500456680632	0.5165809129100987
-4.747361040026915	0.5198896695148301
-0.8638638484015176	0.38221828429884036
-0.8619789545703503	0.3803215983423481
-0.8802958168360865	0.38694881159467814
-0.8713730390991908	0.3852892620671379
-0.874206561191873	0.3872646249484684
-0.8794362120820294	0.3882690519281511
