number of atoms: 12
number of fields: 9
Multipoles
---
0 0 0 | -0.08976649530489222 0.17497737714624084 0.010432400862285541 0.06494221230726861 0.10070304799335306 0.010828673293305384 -0.007519884588550406 -0.01472347320836867 -0.02770378959518925 
1 1 1 | -0.6406128353113694 -0.061942457055962866 -0.025984990801634158 -0.12320502759083932 0.017461855077899723 -0.009661924020228722 0.09526340489988143 -0.20869909424896757 0.043973721942239946 
2 2 2 | 0.44425607653954247 0.0018766608143889496 -0.0004712553791494768 0.021465412291126255 0.0181833867070913 0.0026576162818599757 0.006445766477191804 -0.007197530512161338 -0.0017689193278088947 
3 3 3 | 0.07871061786805444 0.0021866076582070216 0.05942997023620218 -0.014290262804176286 0.01677065627439827 0.01791849306733045 0.007490260656670134 -0.003545967043611354 0.009749955160000223 
4 4 4 | 0.10448660160714185 0.030804080057801917 -0.040161873740046 -0.03707084374648806 0.024748745140133067 -0.004586194827483976 0.011131656344083024 0.0018204775787024413 -0.006200787848630664 
5 5 5 | 0.07266780467927403 -0.03269826499105852 -0.025002126273986996 0.046973958954996245 0.0016336845393205772 -0.005422158686186315 0.022545658291604525 -0.007438901503464275 -0.0032045922915632788 
6 6 6 | -0.10012270842910809 0.07868841448556205 -0.016243597795678535 -0.16232525828684172 -0.02398453034252348 -0.02253741217387487 -0.06288654811556475 -0.10737056429858545 0.049994788398147916 
7 7 7 | -0.5987099843801076 -0.06596420465536178 -0.09714619742846554 0.08878260486876376 -0.08179905094513922 0.13747091325834057 -0.11095161342340448 -0.0006912102241795404 -0.005003546065882746 
8 8 8 | 0.42510914729035887 0.01301401713485405 0.020647998379985634 -0.0016195967629569288 -0.00917731084298362 0.005254521796707436 -0.013564209181929597 -0.0071244607381140525 0.009789422695623735 
9 9 9 | 0.09584292560547802 0.04748201074271462 0.014570536421652827 0.040117392543548194 0.007905639630757447 0.002146165313730595 -0.019510953873000125 -0.00965448101888371 -0.0022715794167941926 
10 10 10 | 0.08563434564474304 -0.051698551284132206 0.034799716150347736 -0.01517274409832516 -0.011478160228628655 0.0034676662887635256 -0.004242218645947777 -0.01863928405755883 -0.009345555839602959 
11 11 11 | 0.12136486130827318 -0.01304753740262274 -0.06039108491730021 -0.005172525385264687 -0.005787252531860281 -0.0028150735192883107 -0.019305272215266886 -0.019349816343634144 0.006156937433621316 
