number of atoms: 23
number of fields: 9
Multipoles
---
0 0 0 | -0.4723358254899255 -0.019562296883606084 -0.06298166377658038 -0.008073768112360807 -0.004111042998418978 -0.050516886683283656 0.015775811952565236 -0.09276976003446462 0.01741835746947014 
1 1 1 | -0.1362902182218395 0.041835294195155984 0.009601076087382972 -0.0012172928651703243 0.0026781147619973906 0.05473477583435728 0.0274390597013811 -0.23414380846881838 -0.002153648320243115 
2 2 2 | -0.1495520970722417 0.0023544937664537508 0.02844769477192784 -0.0016222003482534413 -0.1884985149688269 0.049340437377632676 0.03010201777029656 -0.13276753082738074 -0.000960504421612418 
3 3 3 | -0.19573059371597523 0.007224875622939668 -0.01716636775257448 -0.006300020177086347 -0.13790273429112823 -0.0955586486884235 0.03317955881276851 -0.17111092306056988 -0.001342228275743048 
4 4 4 | 0.14757399863504617 0.009519649173519155 0.04020991002105058 0.0003164080749028344 -0.17977824603787154 0.04017079839166864 0.03244182706739801 -0.18560334336979634 -0.0026404556345846703 
5 5 5 | -0.12211402318876541 -0.016185652135974636 0.03067885628666332 0.003998779809345422 -0.11514165910112799 -0.11062533740058295 0.023730587783444453 -0.17133994053740303 0.012232192772373418 
6 6 6 | -0.21055231758461623 -0.017277671388153407 -0.014780860392733228 -0.004289271114086457 -0.03691432090735126 0.08384742807399599 0.014381910567450687 -0.2017698486222201 -0.009982013392011473 
7 7 7 | 0.1440066492389308 -0.056608884471271645 -0.014217994526841063 0.002032740565427965 0.005284239301979371 -0.0027604666775133085 0.004225824870282827 0.016738398537000293 -0.0005626004539456512 
8 8 8 | 0.13644650346624976 -0.014610845837728705 -0.05210479363147978 0.0007709343639495104 0.01709678961955185 -0.008525243965497335 -0.0022227158071632747 0.005650138196651076 0.0007707134611247863 
9 9 9 | 0.1330545753062372 -0.03641068638146832 0.03558650948398836 0.0009505481073327462 0.00656659356245897 0.01708016440969535 -0.001146896384562546 0.0074839831752231 -0.0025483353365556224 
10 10 10 | 0.1321453995417161 0.03655830012001827 -0.04137557532184869 -0.0024014871086466064 0.006226102479840249 0.01507449804321359 -0.0016099906067797128 0.010806657606735772 -0.0015218332137788388 
11 11 11 | 0.15088088634820374 0.030405832656472568 -0.004419285386212279 0.037834580117459965 -0.009884905313788137 -0.0063996676809701955 -0.0069322501732794 0.00632563363890174 -0.006088221709972483 
12 12 12 | 0.14565938546158952 -0.04094570008122488 0.016643677384135056 0.01332481182599678 -0.00842656650065861 0.016809987103306605 0.0029584473565911124 -0.0007413808382129223 -0.002212219070872862 
13 13 13 | 0.14351797167070723 0.05036653185166189 0.012312004364156571 -0.006385447872538714 -0.00740140609277128 -0.008371025159298396 -0.00130050197432305 0.019154778394263255 -0.0008544429244878328 
14 14 14 | 0.15377640694561523 0.01395936830631476 0.009297682028105034 -0.045512157830708125 -0.003724533472745996 -0.0016553559796816863 0.005342102676031151 0.008788552909378413 0.010564425708356117 
15 15 15 | -0.3869215220498958 -0.026899570838379808 -0.03594846161309012 -0.09052772198459257 0.04483639114535706 0.01466168725492622 -0.014905078295487182 0.06870710457852526 -0.08303562795214214 
16 16 16 | -0.3780882600587834 0.009734963943185702 0.03732818679722067 0.09271103751290403 0.03570582456321098 -0.017878715791559818 -0.05051813853624748 0.06921276188443087 -0.061467622233648024 
17 17 17 | 0.12959032257521985 -0.04724311985999501 0.01566093878637818 0.006157000678075471 -0.004447351665896005 0.008710047885579336 0.014400781680644384 -0.005086227927368892 -0.0007769746232390775 
18 18 18 | 0.12318628594372372 0.01237440313728392 -0.043735341680825005 0.021208401440036998 -0.004827791487898576 0.00559233488880245 -0.0005851290772198173 0.0010032649331176925 0.01726886621714957 
19 19 19 | 0.1300122657535283 0.037557911057177276 0.03192375530060926 -0.011902938932298494 -0.0017616063357374443 -0.0031832147155315947 0.00019988849432786177 -0.015581333858166941 0.0022258675891080647 
20 20 20 | 0.12422251301857168 0.04656147855710578 -0.01801650099388726 -0.005278941556885692 -0.006559105952061 0.008012419683874387 0.010978978460408054 -0.005031694746160846 -0.0001234263849542093 
21 21 21 | 0.12712858519024373 -0.009981058379835163 0.04598175761755281 -0.020204630730128213 -0.0021283810344380275 0.004572518842186331 -0.0028072102514607447 0.001658195926206108 0.01785878637475122 
22 22 22 | 0.12843049820284813 -0.03569914730805388 -0.03360753681455232 0.0118791091703836 -0.009138290924682144 -0.007606875336987137 -0.0022815141382675416 -0.013536677067827973 0.002925651058132164 
