number of atoms: 20
number of fields: 9
Multipoles
---
0 0 0 | -0.5063807019938862 0.030262763196879164 0.018067754841435118 -0.04707830759745023 0.06734408363107462 -0.05421458691774861 0.007116671001148027 -0.013469934659500464 0.060011056116495265 
1 1 1 | 0.21319644119649972 -0.08068318607173018 -0.029032283447358535 0.04073688836809157 -0.02572555356989567 -0.03724913659067409 0.048329669056892885 -0.02336405035748997 0.11171497114384182 
2 2 2 | 0.31398838232757686 0.08177466396240038 -0.07347631616125949 0.022644738356697575 -0.010879185949255592 0.04201271981090502 0.034351308464720204 -0.050729350256021224 0.15990832500811208 
3 3 3 | -0.23651107401373306 0.06523218583264 0.08742916880049811 -0.0795196614405339 0.011088600601983774 0.12580355169411692 -0.05511834502416353 -0.06505830444011591 0.06005368694227893 
4 4 4 | -0.5458446231848999 -0.09861776894558229 0.04921090073551672 -0.008757248272154669 -0.15349477724563432 0.2542496038129148 -0.045691209092072846 -0.12041795083962377 0.19210715883993448 
5 5 5 | -0.3645009381057953 -0.04461563175986897 -0.05592849040801327 0.052272262742227904 -0.019628305710050187 0.017402693002811144 0.020380419202658793 -0.02373848826945584 0.05442602537499179 
6 6 6 | 0.12395271421875742 0.07556686395826577 -0.004459478421958229 -0.02149307639295355 0.010584445050568011 -0.018143236615406816 -0.004720604671337967 0.013161259401162043 -0.02386972872010208 
7 7 7 | 0.35576692932775966 -0.0044850886866294225 0.03156834103114503 -0.01990909471251519 0.018105865270570495 -0.002826656789282521 -0.01201605080442065 0.0024847814386980715 -0.009033552907002012 
8 8 8 | 0.16284940059631303 -0.055190166569663676 0.01812362251880499 0.005450427718053881 0.004377071037042157 0.005544938306640162 -0.014170028471960026 0.005717334166237158 -0.022348609113284807 
9 9 9 | 0.15678869691674546 -0.03865567231891095 0.026063621841626337 0.007078391443255358 -0.014403537545032496 0.003728060149577002 0.004767471983561973 0.0019254552033004708 -0.008138274166408487 
10 10 10 | 0.16493417967849466 0.03846367422895097 0.004678815460247742 0.02909662106378897 0.0044094399888667795 0.0075732007037206265 -0.012129941750668019 0.008917730007914472 0.002717346470438381 
11 11 11 | 0.1645705066005656 0.004423161439532706 -0.04261308028327956 -0.020198161557560806 0.004513300421974523 -0.0013300794322301786 -0.007825540170847915 -0.010820531873219559 -0.007833594659253389 
12 12 12 | -0.3841235492807149 0.07344199781281079 -0.03859134409655371 -0.046428389380848235 -0.06260389064523915 0.024435726680138516 0.02832978975888177 0.014950157331710635 0.0009942665585368612 
13 13 13 | -0.39214496338621174 -0.08934719469338481 0.027146009258225866 0.04735603945457637 -0.04707649290761202 0.06512963223924996 0.07169584982516462 0.001962272304708749 -0.02648174089690137 
14 14 14 | 0.15676253311413646 0.017721067938894646 0.011511860093127173 0.04967019167633883 0.010865769560037427 -0.007579811931075083 -0.006996043438934775 0.0066817483389004124 0.0019468486406847743 
15 15 15 | 0.11912136279151364 -0.006066142916675245 0.03976984723336174 -0.02758593651677383 0.005960332011704263 0.0008641908514156897 -0.015601667381306795 -0.008971637421142204 0.010061031738328058 
16 16 16 | 0.11886986996751003 -0.02928824997149245 -0.04023702649165365 -0.004829929488716405 -0.007061949779963891 -0.015665737837279783 -0.005701194124591217 0.0007846255216975064 0.006795886424009084 
17 17 17 | 0.12349865175539831 0.02378823159198572 0.04321188067876063 0.013346262654992624 -0.0076764573791848235 -0.016611031597448474 -0.0031202249208974577 -0.002158548933503952 0.006211832178433388 
18 18 18 | 0.13001830739801723 0.00872564436932662 -0.04037129754347349 0.029506735023278618 0.006015277968970058 0.003883263239010473 -0.010840528023171401 -0.009243802225699609 0.006135808914849952 
19 19 19 | 0.12350408867845941 -0.019547854278566246 -0.00488755065902907 -0.04647869614244285 0.013606140437335521 -0.006039676517981764 -0.0019881407325782743 0.008949006622853146 -0.0035662988162086665 
