-4.72283171637655	0.5200625097030425
-4.746684874770933	0.5224559962939055
-0.9256857537883295	0.3977859247033114
-0.8640748288120023	0.3840315534262501
-0.8557009018513172	0.38384768950761555
-0.815932297382086	0.37717504236690585
-0.9038068441350434	0.39519970581973207
-0.9147477924755476	0.3976779430438618
-5.114672380216999	0.5451824748310165
-3.3542667663969032	0.46579676970596107
-7.184972777361877	0.4173755967530577
-7.144343321271717	0.41025239878191705
-0.8427527071088815	0.38556403675019296
-0.8356940057352862	0.3840962878524187
-0.8350676868454163	0.38519579116407165
