number of atoms: 27
number of fields: 9
Multipoles
---
0 0 0 | -0.4247900464555334 -0.07604078946882377 0.03569362444836436 0.021526052221979085 -0.02839937354253097 0.09894345529824786 0.028418768579969687 -0.04156801789140981 -0.026128782028657153 
1 1 1 | -0.04749545170970748 0.021431475263918677 -0.03138690564324314 0.00862986422630023 -0.021691348829182274 -0.03418387981319535 0.08980589855721288 -0.164252799247839 0.1267976843810994 
2 2 2 | -0.015646386618677788 0.04979880257906342 -0.08118524005627391 0.002340725615318423 -0.06794410412581317 0.027884546260519654 0.11177399262209321 -0.12688176432961848 0.06006119007944782 
3 3 3 | 0.2598479657299908 0.02453974229208671 0.06537473949926233 -0.024568876633372656 -0.14239380580563982 0.078349749093868 0.1067790361097538 -0.0718088246010473 0.030731051324671393 
4 4 4 | -0.09688488640845794 -0.10611568001528439 0.05705948356557738 0.018356187772007572 0.035456184231896164 -0.028695543159706665 0.0179215004246015 -0.11977824688744726 0.09775439753471728 
5 5 5 | -0.15852691013699616 -0.002257913945648727 0.02670712137917585 -0.007674377000894905 -0.030337207613579654 -0.040657011175313694 0.09774767439873806 -0.10558031672298482 0.1084471022221373 
6 6 6 | -0.19662146261202995 0.00043656481895862896 0.035810086686308036 -0.008693207172634436 -0.14169624075620968 0.0940629913223308 0.10093906576538948 -0.07119892696609971 0.04785898327711697 
7 7 7 | -0.12415521736006685 0.038661686144945806 0.004220608417857486 -0.01332273411805649 0.012875665734509881 0.05717523323845867 0.04823483863592772 -0.16190100546980277 0.08794389492081768 
8 8 8 | -0.28211798626597595 -0.0028883488516013704 -0.013901555878852848 0.015864723310053463 -0.06114434063560788 -0.04867234496023671 0.12178208375460639 -0.09760973436158493 0.09637536040159903 
9 9 9 | -0.4229501844807997 0.04684911020349294 -0.05442140899778861 0.0022456152626019465 0.024354397468625798 0.03824715343497142 -0.004897921269290638 -0.05541305506818021 0.006060034482532819 
10 10 10 | 0.1435623092269226 0.032869918043630014 -0.042660137524814325 -0.002660441440937559 0.0017567705837387862 0.012409921422324978 -0.013473329805994059 0.009068577062478746 -0.009392571595169204 
11 11 11 | 0.14452178161973384 -0.014437968836927276 -0.049195801817567275 0.018676837584400176 0.014261420444682616 -0.011177236529121823 -0.009193355221228933 0.004801272534375042 0.00017359567595681417 
12 12 12 | 0.13502385353496693 -0.05145296962796557 -0.009695211502993214 0.018983604313348362 -0.005625204399260082 -0.00753371634379152 -0.0010905976471919036 0.018868879693443582 -0.008697984233442143 
13 13 13 | 0.14434254758381238 0.0047746284722288 -0.019588265545514464 0.04467529878126491 0.008668593960407013 0.002891876699322626 -0.011235489854801316 -0.0031180403515633395 0.011693347184326896 
14 14 14 | 0.14307131154711483 0.025652548946005847 0.03979722779141845 -0.006147829322914895 -0.0013561576297318953 -0.017064169922350363 0.005104969474580274 0.00034224167505434106 0.005168577309947239 
15 15 15 | 0.14958096655578623 0.0457389343612985 0.03187939684757958 -0.02863583236748945 0.012240083122086036 -0.01507312570294635 -0.011306905791551549 0.014245912085509682 -0.0047152239813335215 
16 16 16 | 0.3542027099635494 -0.016835019055768636 0.033028089632858366 -0.005846131949047138 0.014671064023484195 0.0067979534894012155 -0.01676080903124732 0.009479952985661162 -0.011481022467337216 
17 17 17 | 0.15183686813762265 -0.03622605865377023 0.034342632594039635 0.0030685319787903146 0.007851548835108944 0.01245228427359669 -0.012156088495684062 0.0030716632247842087 -0.007786593896691501 
18 18 18 | 0.14268903562779456 -0.01969939057995697 -0.02429103088819182 -0.03883948375932318 0.013984820278528274 -0.0019008601441895291 0.002182931148503274 -0.0013047580502032266 -0.010094974119333175 
19 19 19 | -0.38711912574987206 -0.09201137517860009 0.036051614514928276 -0.03897774579517809 -0.08843070818333403 0.0709831479190659 -0.06765705657174043 0.0041785203188542674 0.03825647042081332 
20 20 20 | -0.3889123077555041 0.08979250849858157 -0.033195723237453095 0.04120018326001363 -0.08849268349860119 0.06831105829609815 -0.05928637597514216 0.015174350520999028 0.036504479924872414 
21 21 21 | 0.12310252664798116 -0.025867925744481133 -0.03020628211076482 0.030317452096050624 0.016429861091268292 -0.001902583995710482 0.0027214388800281394 -0.0008312178272956695 0.009778121570322373 
22 22 22 | 0.12038281682848184 0.016107609016591296 -0.014982982668758594 -0.044659376863752716 0.00047844035503778965 0.0022214569881331635 0.016555823846426978 -0.0032763727197084387 -0.008519533819784804 
23 23 23 | 0.14067126301515076 0.013066508705196978 0.04789276174225585 0.019095106287167103 -0.0015875802733258573 -0.009768935715731735 0.0019188821990086097 0.003556736200480983 -0.0035824768964686717 
24 24 24 | 0.12655777328057627 0.02672632038965089 0.028552247990851758 -0.031248962236353008 0.015595287889260392 -0.001605266323294687 0.002630808413118138 0.0014037550896161283 0.011325702758951268 
25 25 25 | 0.13791572288340992 -0.009917238421935188 0.022557494863739327 0.046370862607061095 -0.001378726487110144 0.003474979048276229 0.014335264283823484 -0.000866142755999289 -0.00453376296809084 
26 26 26 | 0.12551004344463634 -0.010217292356906531 -0.04737343038304425 -0.016499596419451076 6.999707940022504e-05 -0.017407138652867492 -0.002420124356069168 0.0015135946898668644 -0.008008180931327285 
