-4.736039652838618	0.5168582420670581
-4.746651373673517	0.5191276367006393
-0.8710874492341236	0.3843543953788173
-0.8641818919053937	0.3818071671585543
-0.8813839402403946	0.3870253853200893
-0.877941758792097	0.38611775936146986
-0.8722876736010537	0.3867801818616751
-0.8660912165765016	0.38519786287157093
-4.784871374696741	0.5184380749100718
-4.1054509679235345	0.48617309862313945
-4.4056954859766035	0.49937560048480395
-4.386866807764107	0.5017777256624283
-4.443105243941348	0.5112299942890953
-4.472164012853633	0.5085649780788526
-4.638274889172882	0.5143415742967642
-4.540411669887121	0.513295641624521
-4.513806897685513	0.510400063395653
-5.796570659445808	0.44557212701058163
-0.8663358854842456	0.3802253594861276
-0.8472488266889382	0.37867365952310417
-0.8582954197834681	0.3796081766319989
-0.8592228241996823	0.3806696023528224
-0.6426546892984364	0.3506384238219389
-0.8496174893671966	0.381167002270748
-0.8657627787004807	0.38389153296013734
-0.8435893595779116	0.38068911319244353
-0.8521776188658964	0.3842798399947753
