-4.84333718129527	0.5201591654832602
-4.559988190953754	0.5085610431371632
-4.211292783152579	0.48995568333897144
-4.489968315413246	0.508480462564524
-4.560204424211222	0.5091495971542772
-4.508644296335052	0.5088433579888905
-4.486567394369235	0.508253660628505
-0.8523097320954149	0.3765278680481819
-0.865292268291417	0.38043658988575185
-0.8512861779093878	0.38154008878566215
-0.8492448011167659	0.38264499467701374
-0.8562745124396869	0.3775678099009036
-0.8635962451091337	0.37979383954379287
-0.8638050859128558	0.3794792468138487
-0.8460518852020336	0.38275389789512465
-4.747367127046201	0.5162603126889831
-4.739705402444857	0.5179024392368143
-0.8631098333160447	0.3812164440110077
-0.8809031346308129	0.38729666165374105
-0.8558296904532221	0.3780380585885298
-0.8759268932719008	0.38531809562693226
-0.874581567204284	0.38706777628527445
-0.8740797649020827	0.3868839186156619
