-4.8206058941550864	0.5197370001617095
-3.961355907725741	0.48511435853880885
-4.7108239474524485	0.518913191807745
-4.6353810846538614	0.5110473172527383
-4.492740096739044	0.50744811418482
-4.511241539008314	0.5081462088925025
-4.275321374297866	0.49574216329146886
-6.959777189268877	0.39741654414833444
-0.8420462696155594	0.37782207849198274
-0.5628915320692168	0.3500399383839402
-0.8294059104054179	0.37372932317379487
-0.8575069422633831	0.3774264123471577
-0.8568138147672708	0.37808217236017616
-0.8541863700205041	0.38224891285741236
-0.8522548213342053	0.3819293700133312
-0.8508659484400177	0.3837740201561173
-4.837229775811466	0.5201065736555823
-4.484920689902398	0.5065919218307251
-4.5126398791419495	0.5092608492889847
-4.550547267393444	0.5089160224610273
-4.215069668922593	0.4908650169939186
-4.483254587919319	0.508196204346335
-4.561266591225354	0.5094237150608989
-0.846328687781875	0.3742738260565459
-0.8630884721855152	0.37974327663658075
-0.8731654132876708	0.3825412666157411
-0.8641622885355827	0.37927894525790473
-0.851435562080274	0.3819904673884472
-0.8542044411752504	0.38266568780549404
-0.8579200217352895	0.3784535730495699
-0.8470549141223467	0.3835474889597873
