number of atoms: 20
number of fields: 9
Multipoles
---
0 0 0 | -0.73305001070253 -0.003299581191048435 -0.016250558519467318 -0.0046253982635366475 -0.14328051262115593 0.0055722694693290924 0.11737046912686708 0.04370525291710469 0.07798834930113008 
1 1 1 | 0.9685557026569205 0.06735420761064044 -0.019295758038481995 -0.017042475428889373 -0.10042574620480765 0.03715366967856962 0.07478530641714841 0.007458574499054259 0.1477804933226222 
2 2 2 | -0.8861637519491445 0.02358398985667437 0.0072363068461761505 -0.035526162887193145 -0.10384783350247792 0.013838413499796741 0.06847480952250146 -0.07044976095272255 0.07514511891138881 
3 3 3 | -0.767813467648006 0.025843303991892472 0.041066123919977535 -0.057445510946218296 -0.12270166113542376 0.03302191077165363 0.031677715550856016 -0.0017351014092441379 0.06789157518474277 
4 4 4 | 0.18402168294405896 -0.013487530228314325 0.007068103949033513 -0.037955138242031464 -0.008908854212990397 0.004662139251186543 -0.014920995365560314 0.0052917409562666905 0.0029806471630904217 
5 5 5 | 0.16879016098990418 0.003590765975856736 0.03447306705839288 0.01818615781346584 0.006978723452607921 0.010198836673261841 0.0081854643693866 0.004851633576222829 -0.015195147253207704 
6 6 6 | 0.13765786707650318 -0.000715810395806472 -0.033043951548545114 0.0102637927214893 0.010347101983395926 -0.010690866990326533 0.010065243788466662 -0.006666545070394203 0.019227233808115106 
7 7 7 | -0.17523062865005823 0.05551315303145772 0.13314835243648143 -0.07043192711049975 -0.024691788769563874 0.008794979720436623 -0.042353258171983786 0.04260442955302064 -0.11826415164956708 
8 8 8 | 0.9556738173882122 -0.02215601102217852 -0.006512573159304681 -0.025660632741997796 0.10449430567430719 -0.05876475378879644 0.03499505102254585 0.004159896424700048 -0.04558588615709223 
9 9 9 | -0.9324979027412068 -0.006621494221203723 0.037823195704259197 -0.021089121276165333 0.01641738882502973 0.0022772721690113543 -0.001859409926813561 0.08975929550635327 0.019227732224048076 
10 10 10 | -0.6109346394768611 -0.0913369184996594 -0.10725334079336554 0.06279471597623444 0.017102282000478662 0.024065732475630625 0.0394871076060515 0.0036173213189140954 0.02937756811035436 
11 11 11 | -0.9067178733401402 -0.027312981430098977 0.010252887366735196 -0.017636018464514087 -0.012638730930350306 0.03037189440900929 -0.04713242240280306 0.02110756500874342 0.03170071216953277 
12 12 12 | 0.42896639674897485 0.009268040867748628 0.024687519358521794 0.008715683651297693 -0.007556590423480063 0.009248754978633573 -0.006204357214404031 -0.0012549087140975128 -0.009660172155407877 
13 13 13 | 0.4945458945408555 0.00035002746727833467 0.004758664013902967 -0.025754027786814085 -0.004891367381253832 0.008613171665130322 -0.0018375276470743206 0.009593661226127995 0.0032253492203990195 
14 14 14 | 0.38328378558873355 0.013458472045217527 0.022024124834303008 0.023375826291758058 -0.010237591562366657 0.011625264448199484 -0.008778295488101785 -0.01151995060891395 -0.007489550042545945 
15 15 15 | 0.42567756023421144 -0.01373413896006097 -0.023207537707746525 0.009049660202064484 -0.01233061647914128 0.004836185935432669 -0.004948501116005643 -0.005400264491778261 0.013568553542593963 
16 16 16 | 0.46386761101738383 0.00867221869979796 0.0016111240647697124 -0.026478782587014048 -0.00555847805162984 0.009801974130376005 -0.002240164740941593 0.009203787945178059 0.007339932856479311 
17 17 17 | 0.15330775269141161 0.0023533346455423846 0.009914395824103087 0.06083336357734177 -0.007038805949237062 0.01378841732994484 -0.00578991725230264 0.008473574985062314 -0.011907815318693428 
18 18 18 | 0.10944393806664177 0.04133948937571603 -0.04563610699656059 -0.006190166211243943 0.006274498574843597 0.012371486812600422 -0.012288820872324739 0.006391573526936226 -0.02071696636565478 
19 19 19 | 0.13751295949386677 -0.06217019149100572 -0.004890753629849136 -0.014302254256039218 -0.004992907618212237 0.005771897320879601 -0.001668238384043769 0.009393117219027813 -0.02321178873307129 
