number of atoms: 23
number of fields: 9
Multipoles
---
0 0 0 | -0.4760354364012578 -0.052942515210279116 0.026318059265704588 0.026075555379709354 -0.011004257303910386 0.09673911833971728 0.051555876718801234 0.0045482810885958585 -0.011582374621162534 
1 1 1 | -0.1274063885382839 0.016562525586972198 -0.027326699189458785 0.01333520863358779 0.009943042121392968 0.1309451903546571 0.1482235745251135 0.1283261459425483 0.016149028015246633 
2 2 2 | -0.16310971229877946 0.025900645386270918 -0.02131942708694073 -0.016877646608143775 0.07186401421008579 0.12286840219789864 0.0016178063971231053 0.08740420349978709 0.15568023188660562 
3 3 3 | -0.20222998310573903 -0.009291267449109884 0.0018537347050108029 0.014172788837773502 -0.020506049137487197 0.2104832361875772 0.04818565105063966 0.016491092738536266 0.07547262898425117 
4 4 4 | 0.1435572616857268 0.02306669320663743 -0.016889531784853376 -0.019510558923540804 0.06234081658302935 0.17554527190253932 0.03827650151033072 0.10195698783012265 0.15271921612355602 
5 5 5 | -0.13129839720204028 0.006657167656396433 0.006185637520358168 -0.029644589483562737 -0.025689381063006878 0.21191623447723898 0.04797107422108133 0.0034783836275440066 0.052639692308646846 
6 6 6 | -0.20401612224357013 -0.013402299471941971 0.010522453082317319 -0.0025917493168517696 0.030478132099469278 0.10762430714073334 0.127980167300235 0.134532163122901 0.05178209069065613 
7 7 7 | 0.1378371565005131 -0.028635301850972152 0.03947618596936412 -0.026962112777941884 -0.0018059174733941821 -0.005125142016028173 -0.015626881855361034 -0.009106258942828606 0.0010925217684283886 
8 8 8 | 0.14009612480019462 -0.04201626880333597 0.027075717295557657 0.02372766828566668 -0.007986279288061433 -0.008013860553112461 0.003113621980348342 -0.007230502077437771 -0.013933381712916372 
9 9 9 | 0.14179179374612416 0.007375856304436768 0.014184543155401626 -0.04975288475275326 0.0036037195180018884 -0.01833400698755005 0.0031471245895481974 0.007579264826630223 -0.00372932064458887 
10 10 10 | 0.14083208651665402 -0.011375238459224137 -0.013367483184030176 0.053430330361602996 0.004988184388149965 -0.01716306065238839 -0.001235353035257937 0.0046767599380194615 -0.0018431010023819438 
11 11 11 | 0.15026032409859846 0.0336926613246937 0.011389268263530669 0.03258854510530329 -0.007922281184483721 0.0011161270425478309 -0.012999336121187567 -0.0008873052802075456 0.00714288178466708 
12 12 12 | 0.14708180351062983 0.0021829907483740256 0.02995195981541994 -0.035195170544542596 0.009968171487086253 -0.005222757466243071 0.0011565311191959237 0.010840414723113648 0.01120765404284026 
13 13 13 | 0.14595105542672382 0.027698117353521203 -0.036668000494470464 0.024387333627302693 -0.0026961173476358342 -0.004282357066041831 -0.016664804318617717 -0.013115288384215353 0.0031406296938821295 
14 14 14 | 0.15439352961384578 -0.016522604837953907 -0.04523664897702566 -0.005473677613557978 0.010506064534632537 0.0004788426474285894 -0.0070752503243787625 -0.008499767408544984 -0.0029495590618541273 
15 15 15 | -0.3860878627679938 0.07555070462632847 0.07511293326946963 -0.002329731331926613 -0.044531918912168345 -0.1021322096105687 0.009787535568785217 -0.031565676589926234 0.01057461595523426 
16 16 16 | -0.3811926497799938 -0.07604691295733658 -0.07158537114569881 0.009324907889741328 -0.022155743333977528 -0.09618652622969384 -0.0013033044490847212 -0.04158920743954072 -0.002952322700644954 
17 17 17 | 0.12419603310094707 -0.025155295883811206 0.02207168710201461 0.03862276421088732 -0.005170705899653862 0.008471677967217492 0.010917112543895786 0.008418612313249352 0.004228441535070543 
18 18 18 | 0.12152158394304902 -0.015021246441762877 0.006397534397702431 -0.04745737068149548 0.0003858230681639515 0.007041704730054734 -0.012139240984564518 0.008753094966021925 -0.007206315502669976 
19 19 19 | 0.14139642768116079 0.029541505781537677 -0.043871592655579675 0.0078016420543837554 0.008681642592234274 0.008539301712226336 0.0010588176045018384 0.0025316591399880957 0.0030400911810104132 
20 20 20 | 0.12523716905411852 0.025231259931515964 -0.02423676265975941 -0.03706582824915026 -0.0045943196475653125 0.008911522963323253 0.012014037613950678 0.00995757377571638 0.0023675091450800234 
21 21 21 | 0.12870680228610765 0.020189030491948583 -0.007090782083291306 0.04665140504513243 0.0012138828541712716 0.006792772199137894 -0.010202545024398445 0.009253755694487517 -0.007525414916183757 
22 22 22 | 0.12620390414247884 -0.030881806527625875 0.03878105475019601 -0.014363707666664451 0.012690768591917052 0.010378677726920136 0.0008041982527877511 -0.006126461462691867 0.0030371556310006998 
