-4.590690342287239	0.5046517292400443
-6.005916602034236	0.4442473504937971
-0.5429607435686505	0.3395415332855482
-0.5800532903422068	0.3313822123001374
-0.6112212510979124	0.3367222642580833
-0.8197610413758659	0.3732563022592333
-0.8478551576987314	0.37692012877240794
-0.857424777867589	0.3797015793968652
-5.060709534289831	0.5343171932204348
-3.337253106661676	0.46441444044306435
-7.248086859224077	0.4169929532028926
-7.137438612792248	0.413013367061972
-0.8445741955546939	0.38583140766242413
-0.8287978999981852	0.38136233122318275
-0.822389206852827	0.3799440580720094
