-4.543111960729816	0.5062865011171939
-3.398383503441378	0.45526505414760815
-6.2789706173700806	0.4575156349775784
-5.995341890159165	0.44934266945638146
-6.312737623949979	0.4596627561713535
-0.5762633146151138	0.3338063719532144
-0.511529619690917	0.3384063198847373
-0.6247339345541159	0.3434423352333226
-0.5798129523019343	0.33933038987297925
-0.5333619855970493	0.32606695781497713
-0.8781978786495914	0.3827563246853227
-0.8675437968809563	0.38099991147013346
-0.8456359093590514	0.378318812471272
-5.072982420466544	0.5352609986116065
-3.3451785417566096	0.4650783780882747
-7.229581388689164	0.41519614918281467
-7.143697373414641	0.4136824200327806
-0.8460314373849538	0.3846462992411385
-0.8217418543379096	0.37833382475445565
-0.8219405045089919	0.38017601135983764
