-5.0929046180680455	0.5411287685893751
-3.371706077817359	0.46685823380823965
-7.18047723748197	0.41248823809608803
-7.141316348450168	0.4129378383003743
-0.8305897019932967	0.3823169341918833
-0.8324377847928074	0.3824653092595054
-0.8433941871600962	0.38575421819954003
-4.409952262591614	0.5168372657480108
-7.0599740694738	0.40501622509738544
-0.48702372682340705	0.342428135802806
-0.9384942843982335	0.3942881942442809
-0.9475710891675615	0.397622135638795
-0.9337452100000538	0.3965830217540433
