-4.506673349296079	0.5067287390362936
-4.784300090998912	0.5207435988095053
-4.794254952362604	0.5217041088090211
-0.8964110654792328	0.3852955700624234
-0.8857548061939162	0.3811150190762981
-0.8688709375679939	0.3847117167729822
-0.8692647162798014	0.3853097789629903
-0.8678241772409473	0.3854812579001134
-0.8622376534388414	0.3828721897224429
-0.8692186761572908	0.38694071567429894
-0.8681668537645963	0.3867743247014639
-4.7389449099904155	0.5164935533951265
-4.734147447171582	0.5169876116529851
-0.8740208240232875	0.38462423362814335
-0.8748695885104527	0.385308514961239
-0.869062493348051	0.3828681151062905
-0.8777217909216863	0.38602659383920274
-0.8753900823233726	0.3849409515501511
-0.8725537776161622	0.38690862899670236
