-4.8184632650380745	0.5192168972319255
-3.9724674980857313	0.4866010242627478
-4.70483400594176	0.5191845210480518
-4.636849776845735	0.5119855573552976
-4.483890722929566	0.5065415833462171
-4.507294459337567	0.5081366258604464
-4.2756556412534215	0.495352074799671
-6.953026387206645	0.3960965517396014
-0.5712188061999135	0.34692994466418264
-0.8502056331100277	0.3804052586314445
-0.8282926568218619	0.37396706054449963
-0.858754306265326	0.3782233747984899
-0.8546184308986079	0.37788756834546894
-0.8546243775577279	0.38147946472274974
-0.8553597697458727	0.3826433738178466
-0.8504431833931084	0.3839779069598708
-5.0113063733548975	0.5252741806467451
-3.4918196236179484	0.46396404364274424
-7.0064921303070475	0.4025963884257847
-6.290921349112791	0.46265245641672265
-0.5810116613190562	0.33994815109878457
-0.6033439093261996	0.3436009887690872
-0.7968804900585823	0.3721394570780983
-0.8778488762836457	0.38548360072908566
-0.7903335192678694	0.3727047734233125
