-4.74916019920536	0.5182685184093925
-4.733339440429451	0.5180218646343933
-0.873396392482118	0.385087433688079
-0.870256648082697	0.3840794517067404
-0.8644081006229577	0.3817529117190816
-0.8768205135830249	0.38586276929626956
-0.8758295271266547	0.38569980320601294
-0.8717365280346074	0.38700911812597505
-4.832975951360759	0.5201236178993635
-4.4860870696773345	0.5059376737296567
-4.49916130036522	0.5050072078930998
-4.560641110771391	0.5099491140330092
-4.2229050141654465	0.49256946158788933
-4.484124457538769	0.5064597389320075
-4.556904156182185	0.509722587511558
-0.8589196523093983	0.3767589522516896
-0.8712360089472514	0.38110500884941245
-0.8581590095892823	0.3793634911536794
-0.8646747303740443	0.37997699659949596
-0.850786003192507	0.3814427140222589
-0.8536137575324062	0.3822731609371799
-0.8610326649955005	0.378871724336254
-0.8442985293207095	0.38283795574574814
