-4.486392042180877	0.5050943607527708
-4.790829526913468	0.5210319029479648
-4.809757026590643	0.521898033480944
-0.8998765091977703	0.3854471591274045
-0.9014078592689393	0.38451088254888455
-0.8710841600943806	0.3859229627673895
-0.8665936305564929	0.3842184021199246
-0.8637239775751344	0.3833339500604998
-0.8581754191738697	0.383540097732891
-0.867827789284056	0.3865692464188568
-0.862564112663204	0.3856459107493978
-4.754964739509031	0.5173727776353553
-4.7396755740814145	0.5179948580129587
-0.8716989031953245	0.3850181424135379
-0.8731537146326797	0.3852704241015621
-0.8539962667297832	0.37675495465674447
-0.8754515935190492	0.38535987828024026
-0.8701964081536768	0.38617114543350656
-0.8726305497767046	0.38657914645760816
