-4.519062209558877	0.5049880030740851
-4.798258610030867	0.5199532823211842
-4.7952645397244895	0.5214572649100803
-0.8912805652472405	0.38175010441751606
-0.8807124725759146	0.37964314189767384
-0.8713300666678403	0.38324589965586037
-0.8539127532873673	0.38157816506474934
-0.8646895158617267	0.3845089495956566
-0.8689872386565219	0.3855701316462115
-0.861479508402381	0.3850893841306057
-0.8688374231320473	0.38704479273876213
-4.733024797868952	0.5157328741015739
-4.744513859473457	0.5179955102824166
-0.8795133296587546	0.38612686726551093
-0.8696965673075572	0.3824710269381333
-0.8765224490814092	0.3852929595988423
-0.8788057520436748	0.38612840054514724
-0.8666451064335876	0.38528859921399145
-0.8710694434842017	0.3863441635240324
