number of atoms: 17
number of fields: 9
Multipoles
---
0 0 0 | 0.12803648708943438 -0.006974528468890523 -0.10668346103905404 0.12360704173575293 -0.03686730768071336 -0.13402368830862632 0.03713466022027569 -0.01875477745287578 -0.08444654541405401 
1 1 1 | -0.5360441622279337 0.024659066604617117 0.013451657449718903 0.02865904149004309 0.01133195811401087 -0.07496023041019831 0.001250910681209951 -0.028533935906544922 -0.038185356247378524 
2 2 2 | -0.6124562971672027 0.04297009505775539 -0.05646968199995048 -0.12127415893999645 -0.020892830399200545 -0.12681427634236492 -0.08442469575878087 -0.1253177849298059 0.06027246854167742 
3 3 3 | 0.08853190132885058 0.05569702379646508 -0.019759265368688092 -0.02321699967969126 -0.01650957456326322 0.003370621009852404 0.017284009750503038 -0.01434165734428714 -0.004916565815488872 
4 4 4 | 0.062154616752910896 -0.027468817948675346 0.06143798115775436 -0.0007808727898745579 -0.003104359595608298 0.010062508433239673 0.012390832955911639 -0.01139716818229763 0.000949853941522575 
5 5 5 | 0.14900388739687342 0.003909400617212679 0.016014601365874338 -0.04189488466822589 0.008317551133570255 0.006206304734756599 -0.0005113909184025124 0.010781121193138768 0.006871365924343412 
6 6 6 | 0.41459941083115526 -0.015317479751678494 0.01160854616266273 0.012926567430241936 -0.007421685318413767 -0.015336446983917364 0.0068918295649848145 -0.0105063336583125 -0.008564460215134205 
7 7 7 | 0.14745825440345062 -0.03802051514588986 0.005903956891478881 0.021501799698887058 -0.009676359180579113 0.004659224773829498 0.012259519254497588 0.004984669305303596 0.005336305255908248 
8 8 8 | 0.15980887122980425 0.02154866441674661 -0.03956511584680475 0.008949988109076866 0.012693966363780389 0.006040672508469657 0.006295847551968262 -0.01089035395427372 0.0028477614141218565 
9 9 9 | -0.39197077279130266 0.05953338888303704 0.03136808482514764 -0.08593426728457453 -0.02071690891245061 -0.030717020192658748 0.11883265920034655 0.06434994880129948 0.047736487797121356 
10 10 10 | -0.37037842214790384 -0.07124310697739132 -0.02992257878313238 0.07079974318931964 0.005456463330196835 -0.03181477833187637 0.08915897628530631 0.05774745409193753 0.040220514269351595 
11 11 11 | 0.13003534596858335 -0.012578902193531456 -0.04579083142550213 -0.021118898287884606 -0.003035539179281518 -0.0007988650286302473 -0.00741521720691848 -0.007829883086709125 2.209758693687804e-05 
12 12 12 | 0.1315151748439064 0.03843286452781365 0.0007365926131158778 0.03295429516439062 0.007376868222887124 0.004603910060878204 -0.012793763949156442 0.005698271177915524 -0.001782404471876366 
13 13 13 | 0.12611804547026773 -0.028610705431392637 0.0413543734037217 -0.003346586322704856 -0.008549536076049583 0.010519621733141008 0.00018287367113306135 -0.0045684889815355454 -0.00938638750931231 
14 14 14 | 0.12512182010927808 0.033961340106764146 -0.03632216473316118 0.011483625813076775 -0.0077721785697466616 0.011305915121995132 -0.0014044664980733478 -0.006287082704767053 -0.011009297007507557 
15 15 15 | 0.12138474575594727 0.010674190784750237 0.04379541068643073 0.02307283170067438 0.0005897641976933762 -0.008470590886402134 -0.008128012796397075 -0.016256421555654498 0.000903763380380666 
16 16 16 | 0.12574898549309554 -0.03142504826448686 0.0011543154889217813 -0.03977659953440095 0.00863015490905941 0.004472931521172967 -0.01412770483119051 0.003717741515962236 -0.0034885061584852693 
