-4.787742406760466	0.5169755352147584
-4.744996326232031	0.5178103439510177
-3.5113264206377854	0.46335828828744574
-7.00314233465114	0.4001169451838233
-6.3123342115252985	0.46477183076980616
-0.8647364325432713	0.3796337720288365
-0.822160086385621	0.37319064876489205
-0.862417711979685	0.38236754542523405
-0.8496579288242958	0.3805469315665345
-0.5744367059214371	0.33689994831821884
-0.6035943467804725	0.3456328907542322
-0.8650291189092394	0.38519973277139646
-4.835686731901958	0.5196405763368235
-4.480877940538912	0.5035869233748559
-4.519234736500543	0.5087511940863158
-4.563118362447317	0.508238509182758
-4.210740229226483	0.48993664204222614
-4.480621174279069	0.5081991796693464
-4.573334196198222	0.5113853234498043
-0.8374109892822722	0.3730520198791357
-0.863320263199819	0.3804714877752693
-0.8706379861069363	0.38208007741558453
-0.868934136698152	0.3803043275074724
-0.854864807624835	0.38292219145530265
-0.8534046487726495	0.3824310649759128
-0.8575219349647464	0.3784717685420757
-0.8466840912741539	0.38357074072195063
