number of atoms: 24
number of fields: 9
Multipoles
---
0 0 0 | -0.658708238684631 -0.005993649490002466 -0.009306698345998026 0.018409794461007573 -0.03431084145680308 -0.0493103195451288 0.024721918513593174 0.041104234766218495 0.047717570177142475 
1 1 1 | 0.83869030338046 0.03704907963411493 0.013204981979507261 -0.039472988696654075 -0.016393269214728313 -0.17787789450503597 0.03328290448499294 0.12023310817932457 -0.010940867975994518 
2 2 2 | -0.6486019736564188 0.07063369213840097 0.04682728686539245 0.03380395919375988 0.00919182721626089 -0.08342574963279623 0.07907914668353744 0.12374834475716726 0.030950601254799624 
3 3 3 | -0.9131658625236554 0.0006514994079602967 0.012728593636043561 -0.008243390461676785 0.026571684536910938 -0.00261451989904811 0.007753951979641085 0.02000063955890932 -0.02321021292792436 
4 4 4 | 0.20331135447251647 0.027733429188137402 -0.012822851562870177 0.03260009626016705 0.0053398304376969605 0.0032403720513739264 -0.005729655821920084 0.006348666985304233 0.0032193627502927593 
5 5 5 | 0.1575449229023499 -0.012841544209001021 -0.03527048952415121 -0.01691458045928575 -0.0018875968485308832 -0.007728369696436117 -0.011738220383573549 -0.006010902384825181 -0.009851516769031376 
6 6 6 | 0.42032521420171765 0.019542554663566063 0.011792513995650664 -0.012379679478762555 -0.0015698427476911292 0.0057445113096360485 0.008720546262576881 -0.005797334328000558 0.008027725317902216 
7 7 7 | 0.4077052558441028 -0.022314639362602275 -0.014582678642489867 -0.002962035363737051 -0.004555108565482812 0.00626442272672049 -0.006768796641432065 -0.015082729658897849 -0.0007116464745166355 
8 8 8 | 0.19519727862375602 -0.02768498712400729 0.03273229349115715 0.01285587874981938 -0.0038455581649512118 0.00818000164258705 0.0020888379785282836 0.0015254741506222811 -0.004732920455758355 
9 9 9 | -0.4734127498163039 -0.03748996960887426 -0.015388857039888801 0.054127208808486336 0.04705935873748765 0.029480823563225962 0.06644331925858377 0.06857743985041005 0.03728771013235465 
10 10 10 | -0.12353442236477363 1.8260334132964916e-05 0.037704963636246036 -0.02107994354338965 0.035723477505439805 0.13996317838104969 0.17733129069876233 0.07562290447590364 -0.0029547385410926743 
11 11 11 | -0.16675102252411111 0.017783337525460755 0.008033726594195576 -0.0211471765499628 0.042209195873585056 0.19747100680574162 0.0518840953120656 -0.04484083395194527 0.07766408739932852 
12 12 12 | -0.21002899870384795 -0.006448795632295388 0.014184039663172299 0.018952451796036277 0.09467639567149398 0.10661891597630152 0.06626027585422073 0.046657077399199554 0.1541453266057416 
13 13 13 | 0.15013795855595458 0.018097254579404462 0.006785941605491393 -0.03429852213635629 0.0454783682761637 0.2137088874666041 0.09540789833179635 -0.02328654066783176 0.10381085390763341 
14 14 14 | -0.11869276681139773 0.030581221126251442 -0.022712485964728395 -0.015329270610836845 0.10587595187987986 0.08960230023047615 0.06861658850493076 0.08296942456192856 0.15569375928910265 
15 15 15 | -0.2145489985514466 -0.0053167747680407575 -0.01344542979902035 0.01195123576368879 0.01542921871183441 0.1548905783613559 0.15339706263033073 0.0364132808514762 0.005532350716479088 
16 16 16 | 0.15540825050230078 0.02322220756678348 -0.041312093300639834 0.03490714475924685 -0.004114076048574256 -0.006938922087204902 -0.012710603980341437 -0.0019215821810564387 0.001188954203020799 
17 17 17 | 0.1427963889359769 -0.017876951959534437 -0.004728340145712842 0.05117958556068575 -0.001581575827860924 -0.017222965954526867 0.0006488012417086671 0.007023403250157216 -0.005022103291443651 
18 18 18 | 0.13346180402149788 0.037873801972392304 -0.030549615448116383 -0.013441719076813217 -0.01086757645282225 0.0011783630567259432 0.00034132558406270956 -0.01045910039562126 -0.017162012256246983 
19 19 19 | 0.1279422733888672 -0.035351073631474085 0.0371535838922433 0.02049086351770662 -0.011057621954958187 -0.0020022141408492914 -0.002514070363412009 -0.009412865868658039 -0.014455044065594627 
20 20 20 | 0.14552134257374683 0.041395258618090694 -0.01774001698464299 0.013690639082530695 -0.010637116586846596 0.012653408893639612 0.0013228654519966787 -0.007956675222855024 -0.004636138622701415 
21 21 21 | 0.15044212738763862 0.0025086871955098964 0.04749637083892773 0.0080439381288016 0.005657447743907241 0.0008029594374662474 -0.0045990129726608195 -0.012094424117094665 0.010954090130606069 
22 22 22 | 0.14451884272597615 -0.016448914015394955 0.04028532214124551 -0.0279307130664503 0.0006520921043012343 -0.009881026034382996 -0.015716673230491505 -0.007808657625101323 0.007907959932505777 
23 23 23 | 0.15231521025041228 -0.025140180013403436 -0.021970655969116397 -0.034310155101286495 0.004890582612716836 0.002911015491753311 -0.012501665557441336 0.002323772009378775 -0.0074211834463643244 
