-4.511537170692092	0.5035710578454825
-3.412610911494401	0.45630098892504917
-6.275251220382578	0.45715239520944007
-5.995467982799883	0.4490779250938781
-6.2854938404248655	0.4580762047625905
-0.5777860274235093	0.3338760069004136
-0.5375946804979806	0.3469720780963028
-0.6113174247846531	0.3418906039494692
-0.5811637240631343	0.3344522539288358
-0.5489313442421718	0.3347735284939424
-0.8857001234809951	0.3831615989459183
-0.8700377301194637	0.3806899198168179
-0.865339080295322	0.38137301753038133
-5.068856673668395	0.5372533643613375
-3.3971407531207563	0.47003312510361456
-7.1932636890154065	0.41419399765663967
-7.101620890739962	0.41127170504956667
-0.8164954955673236	0.37847410809788573
-0.8734998875626838	0.3914319283892715
-0.8216220645619625	0.38014273700915013
