-4.751339935699103	0.517454332325119
-4.730696119106205	0.514469587294888
-0.8684792264223176	0.3841452777663577
-0.8611563910226259	0.3817745190121433
-0.8924760087204441	0.38344286209884904
-0.8541976892676285	0.37803011325605274
-0.8771788856569726	0.38553226938875645
-0.8721438772690286	0.3866829507297808
-4.5472757055577855	0.5030642077702844
-3.415343200389669	0.4571865772157709
-5.975730226874726	0.44777512425728855
-6.2742822202196065	0.45665215424089767
-6.290101642977166	0.4566696252186188
-0.5980326132653793	0.33790002400492625
-0.5566508060832194	0.33221085939025374
-0.5560257936181033	0.33095519477996044
-0.557542078626675	0.33143619137101005
-0.553398828505247	0.3292216381516775
-0.8354527348438213	0.3732386200890667
-0.8697672903248518	0.380389986260609
-0.8530407698947335	0.3790349513598659
