number of atoms: 18
number of fields: 9
Multipoles
---
0 0 0 | -0.6572839164532454 -0.005579234887540828 -0.009220566362915293 0.01189000843987763 0.04309402219336575 -0.0004604577350611631 0.05435391966679597 0.06090674060882449 -0.06763746872347362 
1 1 1 | 0.8593725494033766 0.02229037434397919 -0.021590645216287865 -0.044734355365888365 -0.08535311765710123 0.031586456043961944 -0.0041955674118072965 0.127535423492863 -0.14654132344352153 
2 2 2 | -0.6609353036023276 -0.05484161408420577 -0.02317816204483752 -0.05486521330291754 -0.04027584663552516 0.0479536585299021 0.04793481753912821 0.09280556882469715 -0.11045419360381757 
3 3 3 | -0.9464944488146481 0.003996981667733827 -0.00902322500863239 -0.014001648114434986 0.004377057897266101 -0.008631239988310663 0.013332256186945331 -0.023629990186224553 -0.010364250589206658 
4 4 4 | 0.4236255738780824 0.00552211180957685 -0.008910733992633896 -0.02197522101239494 0.01411788886871599 5.68003256335816e-05 0.006676558277177752 -0.0022032257323585584 0.00046094765440659187 
5 5 5 | 0.426692327748767 0.01807934331988045 0.00393685434280194 0.019396117592016683 0.005455481868403082 -0.00801890552384661 -0.008692993723195331 -0.008573318971976055 0.007733857793620284 
6 6 6 | 0.18905950776635894 -0.022195235920357256 0.034984818708205065 -0.016568840468709618 -0.0015099250886321362 0.007442940682696826 0.0009634088024411459 -0.010235093584777852 -0.0004902063659756447 
7 7 7 | 0.1442428219116787 0.03359587475298821 0.007113373402697388 0.019528748148246074 -0.002451014361261218 -0.008087870828697127 -0.015916416560307567 0.0016903580080512746 -0.00043955188839433037 
8 8 8 | 0.19664121099034726 -0.029810195202016544 -0.02825139008030004 0.016995782039058823 -0.0027273456194625103 -0.002783260976496533 0.006583241244499465 0.00108090230790855 0.008834180562191204 
9 9 9 | -0.6568899124247549 0.00838646954608696 -0.033105772960417904 -0.003305363848312609 0.05066449920254348 0.07709729054567264 -0.08013597350751347 0.0058386081672943645 -0.028471698048342993 
10 10 10 | 0.854038907288948 -0.03150143809888606 0.03517997722145307 -0.028673256402734743 0.06858312927491941 0.17917490056906002 -0.10469990887685642 0.06533162124953716 -0.03996399205382266 
11 11 11 | -0.6381383051903438 0.014084726373731848 -0.018085851005281397 -0.09641489882135572 0.053325685789854735 0.1549806278650358 -0.013689161437246342 -0.018119663020967697 0.019655932905645344 
12 12 12 | -0.943257915511964 0.00034163055980357377 0.004852035806971077 -0.003421714854500221 -0.007719786424868583 -0.010277681140451285 0.020437645044224826 -0.02020430514301692 -0.01136263663624178 
13 13 13 | 0.17125373729159177 -0.021640643964709372 -0.008026681410110412 0.036900353332288194 0.005701198389380104 -0.005568857946999016 0.005181191071307696 0.009796902272369186 -0.0033189699417377158 
14 14 14 | 0.1867754578719878 0.038460875904736964 0.023840332855296926 -0.0007349180206507828 -0.0067257165923989325 -0.005920696585184704 -0.003699632236214841 0.0013265184349834133 -0.0063891748493404565 
15 15 15 | 0.425475491119933 -0.013193864580417238 0.014112778297983979 -0.017542650413319715 -0.007623386269198371 -0.006680639714881117 -0.0030954374511253926 -0.002990436596451712 0.010318884869614828 
16 16 16 | 0.4138828328900773 0.006839294144721766 0.00282963753088281 0.025607689163467527 -0.0010504359127414327 -0.0179685405442126 0.004298334668173137 0.0050188567941376085 -3.203776626284641e-05 
17 17 17 | 0.21059977770464566 0.0094334179870766 -0.03891348525358231 -0.020295096913787117 0.002423075274294022 0.0022890535348189696 0.0036421885883043204 -0.006132467672109375 -0.006588905616026224 
