number of atoms: 23
number of fields: 9
Multipoles
---
0 0 0 | -0.36757975193147274 -0.060323405431968145 -0.043970133303437096 -0.052262403870805024 -0.004204603483928227 -0.04089019083349408 -0.0752129732712162 0.012430611003469112 -0.03684153973848918 
1 1 1 | -0.38414845287568866 0.04643709086386358 0.050018379586876056 0.07576887776143366 -0.017407440377002457 -0.062247104602305495 -0.08612339594378975 0.01612508690834894 -0.06510782743353295 
2 2 2 | 0.1260112455101775 -0.0073974956458457575 -0.030047485988841455 0.03940868841204031 0.00486226068627663 0.009478623219219509 0.004059368083098653 0.006387879013603512 0.011434551077960247 
3 3 3 | 0.12292000718287033 0.04065582931636395 -0.004985177653035871 -0.02800329185397597 -0.011871953850957127 0.003579510710482849 0.010064189310661217 -0.0033872287705290047 0.010117813606478725 
4 4 4 | 0.13651495880769438 -0.024060955081768438 0.04495773324240777 0.0008849557147745008 0.004918975880774361 0.006723432656173185 0.01025573024532823 -0.00942549642469865 0.003097697312587226 
5 5 5 | 0.11945287788108594 0.0263592221797743 -0.042074793816460974 0.006331373303808016 0.010753993476987878 0.004146939559838839 0.009225019876059039 -0.01385198343643316 -0.0015462459102437464 
6 6 6 | 0.12175615262009032 0.020969128290919164 0.028085164559833897 -0.03644930283077213 0.008718819187336998 0.008477761463398775 0.0023425631450579155 0.01230948612570577 0.009970682298914093 
7 7 7 | 0.12812835990675286 -0.04622272663944549 0.005961474649513033 0.018069275889126005 -0.01202550303075364 0.003608607679835138 0.007452225096396851 -0.0035386593264719463 0.008704300106851606 
8 8 8 | -0.47956316586283965 -0.0182194973807093 0.04280300678967509 -0.04285968793541664 0.052046148046538954 0.040594247031673074 0.01768731673663479 0.0020711023468264604 0.08298663683847123 
9 9 9 | -0.1993253283241172 -0.013925748037151343 0.008653380168668078 -0.00885646559794849 0.06309829544900339 0.10313035281795693 0.11132541495922026 0.10366161386412392 0.1289935041519929 
10 10 10 | 0.1424923199140311 0.007653239939019906 -0.022321380493950178 0.025783598458614727 0.016400623534821596 0.18522290783857326 0.16466142101227013 0.057581930362329954 0.04592184071676759 
11 11 11 | -0.12267944653562513 -0.019199432804907504 -0.005534853763059808 0.029242864589883805 0.03132285317477195 0.2007596077551165 0.032260787008090305 -0.027259783399409026 0.11465514483152937 
12 12 12 | -0.1686459835489451 0.011644045057208596 -0.020958377634631157 0.027763485142375387 -0.005340116982489713 0.14590250625451562 0.16063247527351138 0.050668873804884364 0.0017506106230841248 
13 13 13 | -0.20304465523717496 0.0005821748240556053 -0.0011181848639189478 -0.018725542273688597 0.020144169460879248 0.20306149224134792 0.04154144111100272 -0.02335320921162225 0.07958568018455686 
14 14 14 | -0.12668671007060528 0.02489899459248384 -0.018656641329498073 -0.004789503918582212 0.09051396539778149 0.08962977100240561 0.09039146265935673 0.0910986253877785 0.13629163454764565 
15 15 15 | 0.14277332115471153 0.03606505364121792 -0.03425468948731807 -0.013528636192477687 -0.008752474337488438 0.0017182814596396923 -0.008941562133236665 -0.011323350816150969 -0.010643904814677205 
16 16 16 | 0.13443888873910348 0.02630068409083297 7.517618159801172e-05 -0.04934933485129169 -0.0018755023767359684 -0.015848427277756608 0.0027502800917039777 0.006496813842853328 -0.008769978797796361 
17 17 17 | 0.1511839645614348 0.001963117104642098 0.02936113123980844 0.03746840880057195 0.002945487918951627 -0.0019603505013333525 0.005515130101424735 0.013519123631686754 -0.008302053037893093 
18 18 18 | 0.14764042796345134 0.04382240541569495 -0.004753850583268961 -0.015421227379147397 -0.011011565143254565 0.01131548113865702 0.005885577562561695 -0.0037176197659247218 -0.0074810195501520205 
19 19 19 | 0.13909064693296813 -0.012816225416517613 0.038595513805755065 -0.03701314954324815 0.002332938650413576 -0.01167261238487279 -0.01497969196926188 -0.004563502414090053 0.0051399437669600034 
20 20 20 | 0.14314823599799786 -0.026210399773033292 -0.0005797639265109984 0.04488638727863653 -0.0011117700826266414 -0.017216091493828873 0.0028030589134286966 0.011142743293714986 -0.007745605126043252 
21 21 21 | 0.13808192849839884 -0.03880910249535568 0.03831571637989721 0.011255957900315293 -0.008826503575041804 -0.0010541771889350153 -0.006320836144365594 -0.009330953124663277 -0.01275674180172787 
22 22 22 | 0.1557754150115339 -0.0343344004569371 -0.0330012384075374 -0.0076841506534447036 0.0011673055960938433 -0.010554895914781745 0.007485843414095459 -0.0076316693798655 -0.0024098172328008488 
