-5.054492478956513	0.5283118821183913
-3.467105475298483	0.4600736505863073
-6.969213153100356	0.4016840042625148
-6.337896421957384	0.4666143249612692
-0.7529726025707619	0.3650499864222715
-0.8539665896176405	0.38517149762348957
-0.5883747065561185	0.34257231650431486
-0.6083118287788881	0.34575337291768404
-0.8308642498157806	0.3836649619632475
-5.1348627617914415	0.5486172608596118
-3.345793021710825	0.46593630095312266
-7.1466548513323405	0.4144462455572596
-7.189432867072534	0.4172577895010297
-0.8359958713638296	0.384202283437926
-0.8349977479990596	0.38426763075898934
-0.8367926272742159	0.38577376633320154
