-4.592873928743245	0.5067519098272921
-5.978962419028962	0.4435919754488045
-0.5749393780767246	0.3516565585086562
-0.6078483272724896	0.33807824325238633
-0.6131245112409637	0.3376483536305859
-0.838502460095963	0.3756458393141533
-0.8722613601393563	0.38200653470737916
-0.8165962666032148	0.3744507642957091
-5.0587775831620565	0.5357059641192905
-3.386025010417273	0.46719691363060506
-7.190271874627278	0.4121163236002588
-7.084809799122144	0.40906399777168223
-0.8370090478760644	0.3827676473864107
-0.8866286488571212	0.395002118214747
-0.8099621231677762	0.3764265637612384
