-4.50786760015994	0.5033129406163451
-4.790844090574612	0.5202291819095455
-4.791000551370263	0.520522894663848
-0.8843303624755307	0.3800809772626657
-0.890732280033865	0.3796337140827718
-0.8631472359558582	0.383476338016256
-0.8760401332971823	0.38679033475273844
-0.8715767520022596	0.3855218788663797
-0.8646645259568811	0.38502364584122334
-0.8658685560106341	0.38549774264548387
-0.8658526438404787	0.38625357390838144
-4.837623043350839	0.5201639975917189
-4.507024628337615	0.5063381030866251
-4.474989795559052	0.5035857095871716
-4.499649278949146	0.5082912590135356
-4.555707437473187	0.508142503619374
-4.5380240619351815	0.5061131656151557
-4.22449525414477	0.49075500352576007
-0.8660666228438211	0.38037171794367003
-0.8706045043258409	0.3798321460878503
-0.8627809804435349	0.38160944149885
-0.8632161440520678	0.37891820555416184
-0.8724014976663075	0.3817944194566065
-0.8516284949602456	0.3824802965485967
-0.8530436358889181	0.382747113234552
-0.8410590510186355	0.3821466130707615
