-4.497357641529887	0.5031368734396765
-4.797736932820948	0.5212102124400744
-4.795070770217827	0.5206431073405952
-0.8978468922446389	0.38380051510334995
-0.8811174929540853	0.3810668192600774
-0.8743776793781507	0.3869264083982867
-0.8633904709338732	0.3840195463352003
-0.8680747511260677	0.38502067961100306
-0.8646238452825675	0.3841035858872953
-0.866408207071981	0.3860589738690719
-0.869585117203035	0.38655861755990406
-4.781961208024172	0.5178397940593075
-4.410402225431534	0.4983757679848987
-4.3737724595990555	0.49927184045857387
-4.102862208428855	0.4854871320239736
-4.442533393528982	0.510563431168286
-4.549872723080681	0.5142983119719817
-4.465885476023185	0.5072718200193078
-4.51024681062858	0.5099276641201254
-4.642238850982322	0.5145085896691157
-5.801022568846209	0.4452124627118654
-0.8605627744806079	0.38064721793509126
-0.8601982818041026	0.3779109088772034
-0.8583671890818679	0.3779749586137882
-0.8484171261453577	0.37819177804939247
-0.8590697139134372	0.38313507104363276
-0.859873102045419	0.38368717544514974
-0.8532204544655065	0.38093930528738235
-0.6446060736938461	0.3504789383373422
-0.8552207755881573	0.3845877880031095
