number of atoms: 30
number of fields: 9
Multipoles
---
0 0 0 | -0.09800378944973964 0.004099586454231248 -0.004050555497750522 0.09376635160807355 -0.00207295439943765 0.11500044197388733 -0.03933299817503911 0.06025048508548047 0.02929174994192026 
1 1 1 | -0.4533811607371545 0.06084700447607403 -0.05103513514462227 0.0015388612725936689 0.006967050256323463 0.049195097740199895 0.0828002117828795 0.035964826677582135 -0.0885631890161533 
2 2 2 | -0.4249134694160084 -0.05377713105386982 0.0393476581077214 -0.05245186410978481 -0.0038740961250662244 0.032205597958906665 -0.09079287313635988 0.05150523594742913 0.095805601906023 
3 3 3 | 0.08569830777692655 -0.024295922223230258 -0.042185721585890075 -0.015671702723824787 0.007656660703857295 -0.02253961679427962 -0.012499520005813522 0.002154298048739299 -0.0077206590609426575 
4 4 4 | 0.10062387048931531 0.025516454033765307 0.04309948533494058 -0.018524698090139402 0.006969653479014914 -0.019743299506065595 0.010137013783520105 0.007414279411544082 0.010103759701555476 
5 5 5 | 0.12649417108807226 -0.018850050658387147 0.0047626452390098556 -0.04328664054385596 -0.003214399272162247 0.004869600367800621 -0.015445530446558041 0.0014758410617606197 0.010263846840125958 
6 6 6 | 0.1308068909351806 -0.004309327041570565 0.037081459368130364 0.028780803690451728 0.007918266000741143 -0.012158553345733274 -0.0014407983937250136 0.011005659633292891 -0.013322505608792105 
7 7 7 | 0.1263146025129379 -0.029598664466108746 -0.037317194950768455 0.004795663882193454 0.010550803311776543 -0.009425785003044146 0.010524678935265349 -0.005483726530333266 0.006065072448277379 
8 8 8 | 0.13666590556011138 0.02756693718587679 0.03524796211570699 0.013793035386647582 0.012196544596529692 -0.0106101033812098 -0.010603350233882673 -0.00013912055309384162 -0.006414410560627402 
9 9 9 | 0.1292421434264691 -0.02375703948126949 -0.02980440220887159 0.025171992817020226 0.0006439104962013218 -0.014471495475347321 0.006949618557543797 0.011699284357213981 0.010460884198297956 
10 10 10 | 0.14104132426016547 0.04137169279469415 -0.005217475892128121 -0.02788610173310285 -0.008791815528374238 -0.00012862425675976626 0.006006622027412524 -0.004280562873161242 -0.00547718682944947 
11 11 11 | -0.42002957760232906 -0.05073308162287974 0.06383646526972546 -0.0484412497601453 -0.0027999645996038846 0.10465050990078151 -0.016293584855006666 -0.05962947434067164 0.009395909389838782 
12 12 12 | 0.2602726471381933 -0.06485000737508215 -0.019796677346980453 0.030554354638352224 0.008996232205704946 0.08344671975245216 0.01196669229140814 -0.13337336470918382 0.1364417664413415 
13 13 13 | -0.04556637796272778 0.03120615862208053 -0.01862594053553435 -0.005695851798394339 -0.13410365021041407 -0.013594157099229573 0.1164167292744417 -0.0684058774934545 0.13177904380139327 
14 14 14 | -0.016713959868773998 0.07880983818298777 -0.05888412065551509 -0.004498277028532021 -0.07226170530276813 0.04915253787006352 0.05786266662769949 -0.09790523610164846 0.12302456223599857 
15 15 15 | -0.09864689194820375 -0.057133174853363736 0.10049202033564315 -0.032569715919745265 -0.13602053122086968 -0.011599639572829586 0.08443934128867 0.005531433230621702 0.04737307726032364 
16 16 16 | -0.2870860849596113 0.01611293905717589 0.0033343324692821467 -0.008524522566477684 -0.0518658447947677 -0.03873384457031162 0.10553949644159226 -0.08363724807146104 0.13386780198836706 
17 17 17 | -0.12314068105329845 -0.0031017994198738745 -0.03681912762331087 0.018092201924395784 -0.147291241056719 0.06446601134376163 0.0810324907937233 -0.060529898981147086 0.06598949097918065 
18 18 18 | -0.15651743670365637 -0.02908853779548715 -0.0015161675670616894 0.0026722218527178133 -0.08287212919618506 -0.027696347798316114 0.09821457232694189 -0.052302179461181764 0.12831776694746577 
19 19 19 | -0.19130245768209164 -0.039766575680489594 0.0016841664143130725 0.008318732487937025 0.002043917336129142 0.09142371522477599 0.014881541292958413 -0.13091622964533878 0.13777970661993458 
20 20 20 | -0.4204546973439278 0.05633718627312611 -0.03917270145477669 0.005447306005832532 -0.05965710033459899 0.038598150690328986 0.012446202555224446 -0.011842129982488509 -0.004718771579053834 
21 21 21 | 0.35547403031999014 -0.03537680218673492 0.013303052718295443 0.0009819690324947023 0.0019471652083426021 0.0057822155650047455 -0.009466791624508628 0.01137004939946425 -0.021913287794430105 
22 22 22 | 0.1538310756207275 -0.03464898356592854 0.0355513987104861 -0.008322385586685566 -0.0009923763294985165 0.010813293328599411 -0.008811990129299745 0.006600049569333201 -0.013916429214799289 
23 23 23 | 0.14673089550428808 -0.0307223815430619 -0.04491930623091366 0.030924365740781525 0.004897800571339486 -0.01674994326749723 -0.002466383513180807 0.01673900609854693 -0.014664583885735374 
24 24 24 | 0.1347086824923669 0.008865866769311025 0.048220452337933456 -0.026736342688313274 0.01913166944648766 -0.008993758569841982 -0.008019353489701446 0.0038132168687959986 -0.0030360170085702467 
25 25 25 | 0.1394705819147537 0.0398798934089283 -0.035450691315229446 0.003799561468626196 0.00489712055210213 0.013431412383667778 -0.014006299867445312 0.006319638216184246 -0.010369192858471273 
26 26 26 | 0.13886940896152167 -0.027545750106315974 -0.005860126071797964 0.03997444748316508 0.005053723324826432 -0.012443781544511378 0.008261747953431965 0.0047506383407264355 0.00905019258246232 
27 27 27 | 0.14142675104026592 0.036553115814398934 0.03339972926392418 0.010996367727005006 -0.019631486220874624 -0.003489074358318806 -0.0028020909316605084 0.006611689864780496 -0.0022755801974296687 
28 28 28 | 0.14038318478320422 0.04848604956736201 0.01180855190451124 -0.020502822088865974 -0.0030867265879657903 -0.012065101100058326 0.0018005430598881807 0.013473100011028992 -0.012119206528152448 
29 29 29 | 0.1448717771369472 0.001663052474634323 -0.03454439669534116 -0.03471765553738218 0.0019626176542395573 -0.004187468965877625 0.008414309586328474 -0.0014600757474515038 -0.014651774030464295 
