-4.79151770541909	0.5265491908871754
-4.7620201764618315	0.5304904638157445
-3.395453853922133	0.4693422620027661
-7.152679128165345	0.41416357254510844
-7.187927550697425	0.4183693151989212
-0.871843970168607	0.388217862708123
-0.8788442083210507	0.3889374975451466
-0.855188797433235	0.38729475972181376
-0.9266886641381565	0.4023889865924442
-0.875582660022556	0.3906988941106196
-4.474985644621405	0.5151592574244411
-6.879943831973862	0.3946055484915215
-0.6188194899720623	0.36302398831038935
-0.9489576507524147	0.39728951831708154
-0.8660888252394884	0.3804525030945696
-0.9298964970803478	0.39455476898100034
