-5.061013808661537	0.5329138811151816
-3.380095683488466	0.4670139315467274
-7.169891196100372	0.4121219465956314
-7.169718702720736	0.41097895246562793
-0.8237496672278877	0.37941074972415717
-0.8192144551941521	0.378495893336574
-0.827810501057337	0.38088434419432265
-4.53055087753437	0.5062904400900331
-3.4032087529821156	0.4557348368148932
-6.2825987908224725	0.4579173299783523
-5.996351066275627	0.44969585063137213
-6.304134911754016	0.45913717066503923
-0.5899662167638351	0.3386660238318483
-0.5234161154246082	0.3371499971433626
-0.6292166628586544	0.34841204543878984
-0.5997579321258847	0.342045041421801
-0.5153926712757889	0.33598400069192047
-0.8633355110535057	0.3796012934371799
-0.8788094977085202	0.38362176103738804
-0.875740221714077	0.3839097302685312
