number of atoms: 24
number of fields: 9
Multipoles
---
0 0 0 | -0.38065952188127206 0.06978781699805404 0.06316252493690046 0.002265877070345236 -0.010781685211403023 -0.05807328351544097 0.00805519601521594 -0.03427536496496096 0.01230721386152248 
1 1 1 | -0.39005565944833354 -0.07437281307711023 -0.06997211299711553 0.008779034391791223 -0.02649350759326063 -0.09627202555529431 -0.0019334167633330759 -0.046747458030093655 -0.002432067142451992 
2 2 2 | 0.1281057710281669 -0.02768327209832263 0.0189968760544147 0.03836616432858997 -0.00013938191334878064 0.010588036689688446 0.007512776654645579 0.009168362319554622 0.0030753037951528825 
3 3 3 | 0.13986298591821922 -0.019339064494173257 0.0013560522548053233 -0.047950730080234386 0.006203440016266309 0.013333184098682048 -0.006122707548196296 0.0087215725802305 -0.005645144425525097 
4 4 4 | 0.1255445332260252 0.027373104520374475 -0.040736615770153375 0.0075813335588692105 0.012745392694479833 0.013056352290510217 -4.788935192657177e-05 -0.004469962904841437 0.0037773850842454226 
5 5 5 | 0.12488703435358994 0.024274274360824546 -0.024240589112441938 -0.03712508268833824 -0.00541433514336299 0.008322647110674077 0.01245125236065819 0.009651012151877263 0.0025329989424283483 
6 6 6 | 0.1268251845457321 0.01944632561650469 -0.007318394824733666 0.046278775062129414 0.0009099330931560278 0.006118662212990058 -0.010815149302092774 0.009587344040878014 -0.007830471228340357 
7 7 7 | 0.12686272369684515 -0.030322138307317184 0.03832174977067101 -0.014445957394817948 0.011897404805507286 0.011100875227032589 0.0007188481336447708 -0.006226276418853128 0.0030859861730917213 
8 8 8 | -0.4621616258227048 0.028975131615318065 0.019946402806104276 -0.06051543732473078 0.010513173313334994 -0.024841955135901074 0.10365606412556372 0.029826485243320086 0.0004282926910807557 
9 9 9 | 0.39625610373429154 0.06439673826326946 0.05374773106691716 -0.10299488285719431 0.12098052117377725 0.018980953280542338 0.03352278918916413 -0.1258197890258849 -0.14395467123429295 
10 10 10 | -0.34209008344368286 -0.026266953925190743 -0.03807688516609723 0.03650563592228569 0.1322820005837935 -0.07547838884124936 0.18102444828435363 0.012437284878750357 0.06038278184599463 
11 11 11 | -0.2867220026211692 -0.006129260521533245 0.004543367771199135 0.018015838870146815 0.12474191819750884 -0.005723996075103569 0.12640526221058165 0.008613007839556123 -0.0738111463685191 
12 12 12 | -0.13569795978675359 0.014110231099941254 0.009901131092259333 -0.02728393640428293 0.14181333183974246 -0.005839842690640046 0.14311746411380524 0.025388556350945567 -0.04748653144551708 
13 13 13 | -0.158916012342325 0.006139453683026032 -0.0008900982165108924 -0.017611736883633714 0.1406396350625242 -0.08001536400561003 0.11955698217662997 -0.03695064952565138 0.0428444249538503 
14 14 14 | 0.07184445641201531 -0.02638735040348819 -0.003223318586827148 0.03034906864394555 0.15713556662184744 -0.044958912192467955 0.1325814884265609 -0.11288633226958529 -0.060922048525250766 
15 15 15 | -0.5969843557282566 -0.03330006741233452 0.0656666928293599 0.08627472075758752 -0.05722261116225867 -0.030063736070950434 -0.07209027800579271 -0.0054651809593374906 0.100903390013237 
16 16 16 | 0.15394021548184889 0.004473853075099739 -0.044568766545290114 -0.021253566642752342 -0.00642682853574439 0.008923045931518025 -0.0019216307272751695 0.01108962199545642 -0.011020440596305263 
17 17 17 | 0.4480705432376557 0.00552244688803397 -0.015379835521508092 -0.015041647833201716 -0.005539577585661207 0.005380608903028292 -0.01299635011548406 -0.004418655352019333 -0.005977261003551197 
18 18 18 | 0.17464484835093175 0.014213191193616399 0.04942618968235626 -0.009953662057041937 -0.00692269921259553 -0.0013411472201410731 -0.010680037477790262 -0.006708913597769404 0.008847293923293602 
19 19 19 | 0.13900237810030813 -0.01366807540138431 -0.05159420390845857 0.008535642520702698 -0.00601563450487444 -0.005082902245578609 -0.014149923373210027 -0.009179471958833986 0.011892403449629805 
20 20 20 | 0.14982836660070653 -0.012254657522372404 0.0396472208734759 0.03443879464154272 -0.004962145389841972 0.010856802981008353 -0.010844299691264103 0.0029327898939075195 -0.013051245316067503 
21 21 21 | 0.1464328686886548 0.026741694177847886 0.02706477918346861 0.029425807143378713 0.007470639476797951 0.0022328054465651317 -0.005928853621132512 0.0017634979980581352 -0.014971741391834116 
22 22 22 | 0.14591789833963809 0.018624779402428994 -0.04377532712837708 0.002107618209752456 0.007592004452411907 -0.002040688820945733 -0.003297410630308363 -0.01608326028302107 0.004873803274880991 
23 23 23 | 0.15341367959090302 -0.045617367629588235 0.011475142511140147 -0.013676209653473268 -0.013531740242654142 0.0019389694770135006 0.0018188650013208215 -0.005845401865252769 -0.005848729062632175 
