-4.421047171626897	0.4995982457611923
-4.85054671225074	0.51781175925027
-6.003463166037896	0.44396089944869244
-0.8177420373365891	0.37101586461410835
-0.8188840662967491	0.3714430806467933
-0.8540013056518384	0.3816339269550428
-0.7897289254362613	0.36845422663388006
-0.5945600385793924	0.33387411609494383
-0.569114048212158	0.32825323259532874
-0.59476758674768	0.33460130036766983
-0.8504948521673446	0.3823845666633823
-4.768039880245895	0.5243994187282792
-4.7288171640055605	0.5206962444378911
-3.453940930776889	0.4742910175009127
-7.122957473022745	0.4128151910391681
-7.170015568904815	0.41597968431968846
-0.8936206846367296	0.39138552761023476
-0.9138144268980936	0.397366839968686
-0.8598303073371115	0.38599042226412306
-0.8593987578143101	0.38232004583191215
-0.9032701382832263	0.3946665143115204
