-4.491180985730839	0.5052310727215791
-4.795592510898932	0.5214725156542231
-4.8001382024415875	0.5213047159455665
-0.8990925657298985	0.38465730241598717
-0.8946006854426718	0.3823564232185797
-0.8667221301706814	0.3847430616534776
-0.8622049465168546	0.3835476123615331
-0.8628430207004179	0.38360678985681484
-0.8649517733624646	0.38584475550725045
-0.8668416433827593	0.3863690695129174
-0.8654142081838481	0.3862009903424549
-4.741995337320164	0.5169006932943878
-4.735721478698799	0.5168489362708928
-0.8755629113191571	0.3851738160972268
-0.8708048474354668	0.38379542311118175
-0.8738526366835233	0.38502824931354473
-0.8761579884974607	0.3855988781599042
-0.8764457775075928	0.38565078608855213
-0.8711345084980642	0.38633707272444934
