-5.079482469068425	0.5387541270463535
-3.3662177107884403	0.4675657215081363
-7.180115663957125	0.41196301144583003
-7.147817943706905	0.4147105212035754
-0.8371059806115518	0.3835956914568482
-0.8422688861615852	0.3839313405101992
-0.8379416153448788	0.38468711672281247
-4.863657524880028	0.5242807160502757
-4.121107454656947	0.4981326498436558
-4.584319969018577	0.5186443655502756
-4.055275086581457	0.48702681632320405
-5.7221216842206815	0.4397734780220955
-5.965881954025152	0.4664521019837406
-0.5914541552747646	0.35142434747103624
-0.8869232014200191	0.38461079289009864
-0.8478961191795498	0.38222894902227594
-0.851774724269275	0.3835054728779729
-0.8563723740777486	0.3815783054839948
-0.8535353205960119	0.3854420729815282
