number of atoms: 30
number of fields: 9
Multipoles
---
0 0 0 | -0.4166317908842663 -0.07214233082205024 0.052936963085647555 0.019961221337254812 0.00826967801003523 0.09911829661829548 0.020030227222091322 -0.0734584700991425 -0.015495536590957284 
1 1 1 | -0.03681003667648941 -0.0014088158824889611 -0.028805629145700753 -0.011709409890738836 -0.04810295890350393 -0.010387956033589017 -0.1315116217908117 -0.07277828435582334 -0.17946467209323985 
2 2 2 | -0.017397548043314615 0.024363303010182656 -0.08871724862971998 -0.03099233877508202 -0.06990057137296576 0.06296315606693205 -0.08909874975916422 -0.08178464542046594 -0.12150090601768528 
3 3 3 | 0.25905117555705637 0.045870552899224676 0.043506074275514894 0.043433760049244347 -0.09926302043103687 0.1333190428127604 -0.05440409082623111 -0.08153065745654901 -0.06250251236084396 
4 4 4 | -0.10262537288036633 -0.08220786991398392 0.08364713593482011 0.018605589908771678 0.014767094253217324 -0.06901488095750903 -0.06955982478239107 -0.03014845026457278 -0.1259164028792627 
5 5 5 | -0.16506465169895446 0.006389714509422202 0.02323359949450922 0.01247317797051331 -0.08342749002061005 -0.021267128254790036 -0.12451944961292995 -0.049320841660180345 -0.12014903081172416 
6 6 6 | -0.20079613674700614 0.014873187152768528 0.03469241668696539 0.022748150739459128 -0.08630169386152473 0.15779585699764126 -0.04712458367399449 -0.09285125062848414 -0.06274774197279116 
7 7 7 | -0.11877702422512915 0.03998355702063847 -0.011525171220345642 0.011167412246441324 0.021994095904773633 0.012791215065826178 -0.06685270171864716 -0.0923457231584396 -0.16575107633883912 
8 8 8 | -0.2877003299080636 -0.013070165121922614 -0.007986861343577376 -0.008999070722854054 -0.10047792608600195 0.011451922533102952 -0.13229342610529657 -0.03990674840905616 -0.10118430074086764 
9 9 9 | -0.42367588967866876 0.022334076747637828 -0.06154281849021063 -0.023906090614234928 0.04156535706365491 -0.0003876843570767476 0.007223123268271355 -0.02867491059572049 -0.0511474801471984 
10 10 10 | 0.15916673808710913 0.024028579958668736 -0.04816770468812397 -0.016484809568306356 0.001249170177882826 0.0014869499244190613 0.015863796247272383 0.002321603963147166 0.01298653411128603 
11 11 11 | 0.14350621833791466 -0.0302566557076363 -0.033299218771564165 -0.03174513611042415 0.007532405067455348 -0.013126728765056224 0.0025577618334049414 0.012022709410118989 0.009953191140611824 
12 12 12 | 0.1323552189926469 -0.05226564864574601 0.011708890461727548 -0.01509452540805571 -0.007370804608683559 6.756966582911082e-05 0.004340366923700058 0.010566474060862044 0.019102968933437627 
13 13 13 | 0.13932307910168462 0.03536948258617873 0.03384172031065341 0.0007051517258011292 -0.014143545709381457 -0.009586253797678709 -0.005452729378189545 0.0035708041909082756 0.0022127811577169042 
14 14 14 | 0.14051092834079026 -0.01582902305503928 -0.0077328493884192785 -0.046021595179069986 0.009034373535976182 -0.008591103289639199 0.00035605382218347126 0.0050587645064041585 -0.012959577961818297 
15 15 15 | 0.14866777515003005 0.05631632696418426 0.006678341673415919 0.02626821287886762 0.0057027827536941045 -0.01808800322919581 0.0046247421069634965 0.015636287725664885 0.013257604849531127 
16 16 16 | 0.3572947666425731 -0.0027221667508112958 0.0336875290279066 0.016269315366474555 0.017877543946076876 -0.00497312712777612 0.01719618693871085 0.004697399142241284 0.009169934095009793 
17 17 17 | 0.15433115474764214 -0.024872626174099795 0.041467607669766544 0.012549701358283387 0.013634854373470241 0.002826534008585125 0.01383235298413484 -0.0018026370296033555 0.0034988494104098745 
18 18 18 | 0.13983028506876904 -0.004953947277538282 -0.031618693007361615 0.03723351793406085 0.009216547486677752 -0.005760284539346142 -0.007316655351136308 -0.003381409734342091 0.011032175435811337 
19 19 19 | -0.1489834938471457 -0.0040091708481278495 0.0031264242638957373 -0.09281845186421606 -0.024723808811676174 -0.04800639609418268 -0.025619772830015198 0.10907180588033823 0.02881884460009127 
20 20 20 | -0.4492935155494413 0.06970970887661292 0.009340255124972309 0.03232467537375192 -0.025104423960694722 -0.011799898003869219 -0.08564626659606399 0.03429432550240557 -0.0331303288669536 
21 21 21 | -0.444764047795279 -0.06518505338387796 -0.03751327518507459 0.03688536614314797 0.00656401643510513 -0.040285568003727776 0.08132059540925808 0.05932507148148486 0.009663199153725962 
22 22 22 | 0.11756853725335781 -0.014320535427857113 0.047254102409854774 0.026662127608424322 0.011341155747620192 0.007376593717888795 -0.0007604010336348254 0.005315393635717443 -0.0039971936403094075 
23 23 23 | 0.10228244230177663 0.012777144803850846 -0.049135967966527715 0.010772505087867802 0.02144027867195748 0.01150290546560351 -0.006198863816440442 -0.0022097148202385604 0.014337247803788365 
24 24 24 | 0.13454787094643073 0.005125714556156864 0.040676081472067485 -0.021858942619168726 0.012622672125077707 0.010104529575076003 0.0009155397677774356 -0.003453844580829584 0.013304297883860667 
25 25 25 | 0.13597796329155354 -0.002256913357852011 -0.0332793988911846 -0.030475502394159065 0.013071184135019266 0.00747153021198478 -0.004440288901671706 0.004514526756142707 -0.014931726441723815 
26 26 26 | 0.1366762241180427 -0.019305088278356516 0.04288230250825692 -0.012209665546774582 0.012052585384331804 0.0018260688665509427 -0.011495875730579322 -0.0028541551964972943 0.006951133451607625 
27 27 27 | 0.14309016980304767 -0.028109483156535112 -0.003131050720111567 0.04031352838096713 -0.006985392107026287 -0.0031662861348880377 0.014023994985777208 -0.003216846469404285 0.002769386454209013 
28 28 28 | 0.13900690371350943 0.02279433769336695 -0.0350016111736191 -0.023232221530308475 0.014072873826068116 -0.0014229946728957956 0.0071210750384129076 -0.0005208960268119334 -0.012326782099897276 
29 29 29 | 0.12700884598015783 0.04049596183232751 -0.006396569121729456 0.02554706899725071 -0.006111330234847645 0.0008618575853488909 -0.013983004824810791 -0.0034018053743607632 -0.00854634959118453 
