number of atoms: 20
number of fields: 9
Multipoles
---
0 0 0 | -0.18951637672869914 0.06475085376599415 0.068895646462107 0.11640994720853466 0.019108448834986937 0.0694613758154757 0.09693450935575425 -0.03865602456560938 0.1173092660486414 
1 1 1 | 0.953494101814929 0.0044892963259356294 0.015497294203422536 -0.002125806435117192 0.10641926020538613 -0.04570872581081924 -0.043229001073282126 -0.02438287173419481 0.06439466874853418 
2 2 2 | -0.9000774122104245 0.0016365987233105948 0.01696247588962111 -0.0260392562749881 -0.02318722605040917 -0.000941786181535538 -0.023698905448656427 0.037386390000780895 -0.025990342420666418 
3 3 3 | -0.5887844729697065 -0.06551604934300041 -0.07066597112601904 -0.12408286220828246 -0.007193953914154386 -0.03209003369458431 -0.03278447553720119 -0.025461139211982533 -0.0325535965133946 
4 4 4 | -0.9511421091826984 -0.01165587838598954 0.017991555748210344 0.003832564804667581 -0.03776698606942464 0.016886722080966258 0.0013736094491872016 -0.03234034730134415 -0.014285309725141795 
5 5 5 | 0.4912307460424653 -0.01440317802072986 -0.0036856072110877046 -0.021545776571224667 -0.006273549353320512 0.0009222869517625648 -0.0012888956515534076 0.00810916379620995 -0.012296054204458258 
6 6 6 | 0.4316570271971655 0.004579419548962083 0.026937359743574273 -0.004212079545994129 -0.009126232350012038 0.0002882080114240316 0.008352072561447033 -0.008717485691875339 -0.006549923370581393 
7 7 7 | 0.3732599186763861 -0.0027390764756690745 -0.02460796026072935 0.025491820598053938 -0.013069998873689833 0.01531323410444087 0.006875273205138476 0.008974410503814853 0.007297206582309922 
8 8 8 | 0.4268763780126362 -0.0004643500782238381 -0.012246346412710354 0.02449355518038366 -0.0093142697866036 0.010727068647525238 0.007345534526242043 0.00034165175527950127 0.008660690679665675 
9 9 9 | 0.4377766823561775 0.010160726377638069 0.025817276230773283 0.0017153814989325207 -0.011284505346844014 0.004875940148786623 0.007559113254771896 -0.010621669284346923 -0.0005666381883696473 
10 10 10 | 0.17056171270301268 -0.04132080794350167 0.03530841646240333 -0.031876793729942336 0.0003321478564879887 0.00456843194883355 0.016087552607210905 -0.005442944609934489 0.02719176328438838 
11 11 11 | 0.1381621951145816 -0.04185555529849926 -0.039197119203673164 0.018310401889904376 -0.0050754185065083265 0.00932094431391219 0.011268889390225663 -0.014382741266500295 0.0165454190490487 
12 12 12 | 0.1318025596833109 0.04170049137405768 -0.0245671147803947 -0.0374038445690152 0.00668412573844055 0.01120878242206211 0.01745905010234371 -0.008716256281836227 0.014878149772385465 
13 13 13 | -0.7475532303644483 0.015994075973268514 0.0055858124645360085 -0.028298670543391392 0.011541514067534548 0.0719007219291723 -0.054535173445479944 -0.04268522351516672 -0.16980807988416818 
14 14 14 | 0.9797047777925325 0.02596799673656122 0.058425479211629154 0.03582018811863068 -0.03927330202494227 0.06597691827868503 -0.07027554926234165 -0.03452304362662932 -0.16567049922293242 
15 15 15 | -0.8856452710647389 -0.007581882354449295 0.06560192502457628 -0.006366012138735457 -0.07010417329499757 0.08835382982163113 0.02052674424471837 -0.03607436339039368 -0.11619908422462591 
16 16 16 | -0.7925755727746235 -0.04105262357156758 0.0586905317925573 0.01654376640224416 0.00021154203978810762 -0.006927810923476771 -0.07694449821642582 0.016753296704615176 -0.12794370545316286 
17 17 17 | 0.19061790261517297 -0.02387864241269284 0.020321580705108314 -0.02501017420629699 0.0025114727953058787 -0.0003283140463967229 -0.013931787943998306 0.011087917903457999 0.0005176575290753396 
18 18 18 | 0.16701669946851727 -0.02628611002970543 -0.017007775898579568 0.02404453271014117 0.006682417783357645 -0.013220321899550413 0.001549148328003168 -0.014001952916593835 0.00907535272344109 
19 19 19 | 0.16140537855162973 0.0364284685867734 -0.002460692425564186 -0.005984512140040329 -0.013823018531965802 0.01521214297856748 0.005968105056351549 -0.003602166561708332 -0.004598819867037825 
