-4.743166550810674	0.5184348776200178
-4.746739814318828	0.5217073367794666
-0.8495196916306559	0.38036855119385043
-0.838645251632324	0.3787002266468293
-0.9105108738867913	0.3945367578090757
-0.8492006779839882	0.3814256914504238
-0.8918428210158313	0.3898291621196304
-0.8955722984339195	0.3929209514853208
-5.135517317307741	0.5457872134738647
-3.3220089869021536	0.46275086195423243
-7.193431210426621	0.41765273435901956
-7.181284935735304	0.41588292688000156
-0.8305984582047317	0.3819432574395756
-0.8324859301789316	0.3831020819832188
-0.8350876643321263	0.3853448143142527
