number of atoms: 20
number of fields: 9
Multipoles
---
0 0 0 | -0.7080985244268403 0.0008553180688345873 -0.004676804646960028 -0.008031399996525617 0.0054934234125779274 0.03569074567495438 -0.0940014017117806 -0.04497559180608915 0.10423336162768142 
1 1 1 | 0.9444763390473279 0.04880170483010782 -0.023104077662938555 0.030031179201117596 -0.043559225135590456 -0.013362394160418938 -0.11600861499556753 -0.07073638150647876 0.13897129221105925 
2 2 2 | -0.861252873470594 0.016755779240135382 0.017141856800275825 -0.011851310578671313 0.014741812971579248 -0.08842734557127722 0.007934708344985391 -0.05447153740446196 0.04276100444229033 
3 3 3 | -0.7935583054223638 -0.034762397611152455 -0.06773657906348315 0.017089080315942525 -0.05773821004173517 0.007841226889472109 -0.09661455817305968 -0.006651211390527559 0.05889007265706538 
4 4 4 | 0.16547926325116902 0.031059925188610824 0.024460703852785596 -0.0058519465494653615 0.0031768412585411188 -0.014801131941065023 0.005316370398268427 -0.010866644322381791 0.007736153881545807 
5 5 5 | 0.17538606609235163 -0.028762174227407972 0.0072364853206192395 0.02737779806841629 -0.010187662298956592 0.01100240168333571 0.007688379257218859 -0.0018086598403357515 -0.006445900621546464 
6 6 6 | 0.17619987310143548 -0.010657185396888171 -0.02273324171220298 -0.031113825981433932 0.00150164152058054 -0.004343818549576737 -0.010316305608478144 0.010648534405011676 -0.008077015984872725 
7 7 7 | -0.17878771473664923 -0.020877800801946747 -0.029095516744439835 -0.15601172279095318 -0.05885496596407486 0.06183154959105018 0.056533963120650975 -0.06748334261089045 0.005740320263190058 
8 8 8 | 0.9666632750856516 -0.024235280786571785 0.014060199598732488 0.0046400829631892265 0.006825890621315229 0.10587375106546824 -0.007172569309083228 0.03549423609090611 -0.06737785547820323 
9 9 9 | -0.9234363406748543 -0.029338447781346987 -0.0022614692007564027 -0.0299131417406716 -0.06445917253781912 0.004707438948727265 -0.03546344926358022 -0.005377462098185077 0.058903171735739 
10 10 10 | -0.622946322414978 0.023191739182802068 0.014660021474381182 0.14693407336644945 0.0015460047091781961 0.006673426343061377 -0.028410117628180402 0.01299508826082124 0.01953217318042646 
11 11 11 | -0.9073468879877202 -0.01599244544067894 -0.005864623944507676 -0.006017395171158318 -0.024595309583157275 -0.028085615458144742 -0.008109431400361175 -0.0402349080024998 0.01859221722320044 
12 12 12 | 0.409951225423531 0.009170249394271014 -0.018303016838111922 -0.019440263220099743 -0.005286727801835426 -0.00519170215050544 0.01183145859257493 -0.012911114405301133 0.0025762700710434835 
13 13 13 | 0.48948543910243447 -0.01608275854099151 0.010534674286003283 -0.012808473268369418 -0.010953476238414892 0.001710391402954923 -0.005080181948691785 -0.004289662637363995 0.010954458696647084 
14 14 14 | 0.3791863705904376 0.023808507428874824 -0.022035142785463258 -0.011942722814095825 0.0011643426321427015 -0.013682970584355303 0.01510528292628292 -0.011767332391662697 -0.0028510022675425004 
15 15 15 | 0.4181123370606167 0.0021510317338785776 0.005509859443987637 0.027374127622563717 0.0030765415072820904 -0.020348881588244317 -0.0005561583532510765 0.0014050223745908628 0.004625372976474873 
16 16 16 | 0.4725040850376385 -0.019793315269485138 0.011956003952777771 -0.01363435207938551 -0.004826890782644036 -0.00498045666192392 -0.008443939809121634 -0.003889916570822002 0.010788555252221102 
17 17 17 | 0.12464617388505661 -0.04908940839938908 -0.03093738657335028 0.02398117440591993 -0.006157301072944048 0.012066947978821367 0.015007977920570315 -0.013648566589898558 0.007819627108155541 
18 18 18 | 0.11827058972270488 0.013252854380684543 0.05975871647490578 0.0014811202295241335 -0.014477704837360104 0.00769161349262734 0.006167420371100597 -0.02036648322144451 -0.004382806265346727 
19 19 19 | 0.1534813251066448 0.05158075725409092 -0.028498214737462814 0.02024472778065442 -0.009879005587365656 -0.0011609771968347032 0.0061083827146524595 -0.018476165956632182 0.00674374704653133 
