number of atoms: 24
number of fields: 9
Multipoles
---
0 0 0 | -0.38091271879486577 -0.0009025731960294608 0.03312242340449338 -0.09587575885101428 0.04327821241708146 -0.008491462953277249 -0.037798170671103054 0.07109836028496286 0.07995618627755816 
1 1 1 | -0.385935235829149 0.010038609994223003 -0.026984625875702006 0.10072824322535794 0.07179925254509605 0.0036874539944453306 -0.005334985293624182 0.09865507137434876 0.05619615652163926 
2 2 2 | 0.12664608803655197 0.025005026551478564 0.04023004854028263 0.015766248165685896 -0.009022390271695265 -0.0035613393691260823 -0.01073935426968488 -0.004600761777302772 -0.010221234168540413 
3 3 3 | 0.14205428624639682 -0.050989321632294436 0.009335761485403079 0.01030008055935458 -0.005382518244910264 -0.006167750307474818 0.007872961311602306 -0.005028950505226143 0.001538406264068625 
4 4 4 | 0.12047814808352142 0.017692789940116818 -0.045654148427940786 -0.009981237470359111 -0.004951390824622247 0.005333016025087109 -0.0016078952970112043 -0.01654125741769725 0.005313696227993485 
5 5 5 | 0.1278081315048759 -0.008286552947801682 0.04808252331377938 0.013837551938490652 1.522651232832594e-05 0.0023739423685328245 -0.00017145076024704606 -0.014793338738367688 0.006342101276432748 
6 6 6 | 0.12629349404481816 -0.04138094693820207 -0.029378372908838365 -0.003098073223155264 -0.00540165100949345 -0.0044500906601870225 -0.012443395989984445 -0.0007668084403877357 -0.012248160053535172 
7 7 7 | 0.12351699907348224 0.04634070355071199 -0.019559589092871178 -0.009158868054363521 -0.006180741307103886 -0.0009508482869387046 0.016434177388956438 -0.0008424000403252396 -0.00703551932065536 
8 8 8 | -0.46515272144191044 0.05976972226935711 -0.00024815906939064755 0.0422635991724486 -0.044504280469241646 -0.05780739095218843 -0.0779878021326627 0.010848987009796396 0.00562682737500531 
9 9 9 | -0.1257190617482591 0.021370021560350547 0.006549313185221927 0.02249828999225856 -0.01723384860857028 -0.19584197675373038 -0.08571859498147745 0.030194066401648373 0.06574315854036654 
10 10 10 | 0.08246359709233086 -0.03601896326186219 -0.010795841311871121 -0.02237568682272701 0.03387281815546639 -0.16057916189323146 -0.04794170615985944 0.05823401669767866 0.1700864676765966 
11 11 11 | -0.3439715519492852 -0.029375725656258834 0.0029058127756912758 -0.049093824621974695 0.004642978855040021 -0.12590845080124777 -0.17296503891664672 0.11265443075519249 0.07643227719504478 
12 12 12 | 0.39087333015844816 0.08320887342048985 0.021090308773899596 0.10359201633834152 0.029513218656690786 -0.14526422069111392 0.07073720772876368 -0.02776445067939774 0.14015390529152152 
13 13 13 | -0.16365799655370328 0.006558190871557765 0.014581049082534006 0.011875464724491165 0.04266636027609261 -0.09648441999415472 -0.09584550473505694 0.10560041384799057 0.09107120208888894 
14 14 14 | -0.2825225612669353 -0.01920364206623311 -0.009301768389108279 -0.002188692179308867 -0.02139105812983434 -0.1762976874240223 -0.04598951744300087 0.013314145298768437 0.06477391206555798 
15 15 15 | -0.5910504539525103 -0.08803548731727272 -0.07420497537960169 0.005828306831773627 0.03488414007955638 0.13113851677023264 0.006622455678595142 0.031899038939091344 -0.026700553812254856 
16 16 16 | 0.1344732272982554 -0.00174816368680613 0.026110595050553336 -0.04730006224686669 0.008947341413336219 0.018691009044799582 0.005353690081286289 0.006024224942905299 0.0007005500088021805 
17 17 17 | 0.15349607539821386 0.025837368316081508 0.034908038006740444 -0.023833903507553062 -0.008124710943991453 -0.0031160799424633334 0.00542070638150428 -0.011697418191992316 -0.009154743854378176 
18 18 18 | 0.14609938271407952 0.017382207901960038 0.01894115554128434 -0.038655140523520266 0.009093265979746409 0.001853479064427354 0.009546391809399401 0.005969847103653355 0.011299802768480072 
19 19 19 | 0.1471740985784734 -0.02904364117883043 0.030647311738027472 0.026622754969813634 -0.015960936992633953 0.0071629036997708385 0.004963564941700207 -0.003996467704430003 0.00455848660208638 
20 20 20 | 0.14886352203563147 -0.03545186041816222 -0.03521344509070416 0.017321081997911544 -0.0034641034274953218 -0.0005379515264148279 0.014671836898373708 -0.014491449857691087 -0.005647407581674966 
21 21 21 | 0.44436297818888126 0.015953962003027674 0.0156285517694581 -0.0033346717851354857 0.00042863761119426485 0.006796792138837383 0.013539834283721677 -0.008945841533504407 -0.0008475936417457728 
22 22 22 | 0.17112720647519009 0.005098450895062939 -0.023220168075260957 0.04491708702146894 0.007904958399106328 0.015388200051195452 0.0054989069028289345 0.004423272892339751 0.0015966019543186775 
23 23 23 | 0.151086212000069 -0.005618129564887922 -0.04760300374007714 -0.001504029953438978 0.0037181728443501376 -0.00532704796491519 0.009031996914792163 -0.011350012670391318 -0.0011120841712055328 
