-4.5745044501395835	0.5089791479975067
-4.785729687735584	0.5208286994978881
-4.31067336681545	0.49642133841365005
-4.483747020467942	0.5070697841239032
-4.5088689310034615	0.5094110132923256
-4.695065886225638	0.5178477212772978
-4.6422072045499245	0.5128385040434617
-3.9532713321998916	0.4853547793263283
-6.97143828547538	0.39839807596224003
-0.8827594663814533	0.38253079006607144
-0.8782097056914375	0.3817290516630493
-0.8661986545751313	0.3814937251925951
-0.8629017968170757	0.37960333048151507
-0.8569451694208443	0.3780203211390398
-0.8473902608220808	0.3793819967182215
-0.8301074496610069	0.374244128866616
-0.5564780109708978	0.34839105074507204
-0.8581048298752558	0.38451610721956675
-0.8603914670679929	0.38473746001118647
-4.588703996992788	0.508925218706616
-4.777087004255466	0.5202623105958034
-4.255132185861268	0.49333367229922215
-4.549717955551687	0.5092632913300251
-4.556542810184872	0.5104516240816953
-4.482513634850536	0.5081367253123058
-4.4813040152167956	0.5083605941849278
-4.513073782229055	0.510023162327178
-0.8803415065254067	0.3824013620278844
-0.873119920474668	0.38005998501385246
-0.8722914549096416	0.3849736193872769
-0.8599547103866534	0.3792036561257549
-0.8584658391106906	0.3791317028144032
-0.8621526051090399	0.3791758247692904
-0.8624468701748977	0.3790544185739019
-0.8601211757125677	0.378744288620781
-0.8600231020423378	0.38457143927453347
-0.8580265974615738	0.3839702493780771
