number of atoms: 16
number of fields: 9
Multipoles
---
0 0 0 | -0.7629715546049258 0.005261173083364483 -0.007356663977172002 0.017765674095560305 0.05105860037266146 0.03533772239580456 0.09301429933429356 -0.10510999051479797 0.19674628792365126 
1 1 1 | 0.9679844160532269 -0.002636693197061164 -0.05536515552579038 0.025771040444538623 -0.035487797059518836 0.04787632534734822 0.1022832930436055 -0.07089097390207866 0.13772397162135935 
2 2 2 | -0.8289073474657709 0.009285176569767187 -0.0667186931745765 0.016428005700499227 0.05153625081387712 -0.014495202860355836 0.120524804437782 -0.03442899866937527 0.08426232377587468 
3 3 3 | -0.8162803838325097 -0.027817725186290727 -0.03628634800039262 0.0347284262738816 -0.017385019510743442 0.07347470148626498 0.040360696754682575 -0.08333688929947275 0.09402635815843878 
4 4 4 | 0.1665835294709298 -0.03149407874761623 0.007863444979110719 0.02048002434780196 -0.006614981332467788 0.0212316570744808 0.007895193314547735 -0.00943329954892113 -0.002013760184364418 
5 5 5 | 0.16876785572847153 -0.005816410504481997 -0.020288835783593646 -0.031471922596947574 0.012111645237761126 0.0012086987044659513 -0.002231281991717658 0.022286441373546923 0.0056884759780731625 
6 6 6 | 0.15489205038030396 0.03262338736353472 0.00842586088576638 0.011546078958655602 -0.0103186219819948 -0.023201954301813165 0.003108495842412875 -0.007943570645942928 0.0013919156458093325 
7 7 7 | -0.6913256262118113 -0.0050871911705368655 -0.0009007544500971191 0.01124106820028076 -0.026770315065753333 0.004457520789165517 -0.1310458558674478 0.03573756895955883 -0.056078235771747954 
8 8 8 | 0.8760259406317248 -0.05117153916212835 -0.009278665136271333 -0.029234090331193997 -0.0015561185597663435 0.08899512737783724 -0.13231011489477312 -0.06368108060290865 -0.11344968794181434 
9 9 9 | -0.6664977172455071 -0.053469066424041756 -0.05099455501891522 -0.04218370690409593 -0.020809307194249286 0.056935588181785284 -0.10391179332277144 -0.04074705027919798 -0.05071927120144109 
10 10 10 | -0.9456244928223221 -0.025371904482302414 -0.015138422367144707 0.01140171143379037 -0.011438637428968407 0.018468977062124744 -0.01619326570441094 0.02761669994291702 0.05342352795519726 
11 11 11 | 0.48467904056073685 -0.020421663391157033 -0.012776123437953948 -0.009237181545953937 -0.00535357789543075 -0.002518938538252194 -0.005934210340615536 0.011928850275487464 0.00656855792408091 
12 12 12 | 0.37727884744891316 0.003809264763267468 0.020972652196615874 0.01191294841271865 0.01351049167618474 -0.011857963879712522 0.013469107949390859 0.004062323333633473 0.000376602366486079 
13 13 13 | 0.14665451082063152 -0.001941934325405971 0.03742802844806008 0.0037023109735660168 0.01189426253414694 -0.0037391462174664407 0.0013509863995578206 -0.012412685786654708 -0.012673112139623112 
14 14 14 | 0.17741717922355227 0.02746098209640535 -0.012456218225088463 -0.02934874184610916 -0.013806387733825662 0.0070686240239999695 0.007482873034419578 -0.0007354893510163048 -0.0019331546499602266 
15 15 15 | 0.19001294462265572 -0.009561741777973322 -0.02829468620850361 0.029404598310693895 0.008457183059907896 0.005610918132672706 -0.002282371623033366 0.007331965020956063 0.01018213302585144 
