-4.73092553919749	0.5158881392792721
-4.739223968132716	0.5175090701776955
-0.8778102382567473	0.3856928819668736
-0.8694493409044111	0.3833820841672975
-0.8762790489473617	0.3846099704006257
-0.8758708830507299	0.38573469937731036
-0.8756206738778533	0.38504868606880605
-0.8720399660083079	0.38687713666711177
-4.735133387003181	0.516303308691588
-4.745248991218342	0.5183551870959089
-0.8782784251470989	0.38598979006132117
-0.8774178102466308	0.3859833762961404
-0.8681755450481634	0.3818743756172551
-0.8733969881602734	0.3846107210914937
-0.8705851072069056	0.3863141367680276
-0.8711057236191176	0.38633997003867165
