number of atoms: 20
number of fields: 9
Multipoles
---
0 0 0 | -0.7158133538643883 -0.02166216966750489 0.02423291047309302 0.008633088599032333 0.0037554537213182874 -0.06748408686191766 0.02723487783667053 -0.05265713347321601 0.18550793326576068 
1 1 1 | 0.8880756196383199 -0.0047975723696043575 0.05123258642965954 -0.050340135486736756 -0.09091954849302311 -0.012753376760274436 0.008601386014313112 -0.03163130032916813 0.16810789605750442 
2 2 2 | -0.8420082242825853 0.042826800446861456 0.02851739353321511 -0.050805664846554265 -0.01032897642592957 0.03830016816852247 0.035989779013581386 -0.003451402991056544 0.10861337456190416 
3 3 3 | -0.756772710168347 0.05326189014166653 0.04667686135893187 -0.05269262254621748 0.025013855935666286 0.05831009084654387 -0.05237748145524531 0.001505648780455265 0.10923942685968886 
4 4 4 | 0.181320173346879 0.036495247078455445 0.007779034919539247 0.020499685834964906 0.0004744284464481612 0.004083110547644515 -0.0157602080619246 0.006721675788253628 0.006338267944331664 
5 5 5 | 0.16616269768330627 0.0106238275803189 -0.02742411727789849 -0.0286057578911435 0.010416928103933965 -0.001891464828911376 -0.004271689487230514 -0.016436723021174215 -0.010060892542162948 
6 6 6 | 0.14563656749004183 -0.03121810588812513 0.0005672672315998634 0.016180711530112354 -0.016265488676474885 -0.003721577825931774 0.015591308492347324 0.001843949586959145 -0.000616352947844035 
7 7 7 | -0.1505537752257533 0.0313981103662166 0.1330929358169885 0.07565381617507556 -0.0433771734906198 -0.003037703612553924 0.01812298196457102 0.05536077400192609 0.08825900681294324 
8 8 8 | 0.9477432614121231 0.0204431610752606 0.004253723553131878 0.009141789408704753 -0.059577452293462986 -0.017209269621900593 0.08068266188441989 -0.03145201929335646 -0.0838550146790818 
9 9 9 | -0.8904580116898275 0.02792282683751533 -0.01668090205810837 -0.0030576859137884786 -0.05128479065601448 -0.027568468577609802 -0.010860979850570674 -8.36169994721663e-05 0.004333805160744158 
10 10 10 | -0.6095776266929533 -0.025100304461314414 -0.13247600651052746 -0.06392587843497262 0.007043274388324445 -0.031107584435571305 -0.010340288072734653 -0.01274334272561934 -0.003161125592995955 
11 11 11 | -0.9283991982931941 0.022319901113205146 0.005468160498570496 0.018813220536960218 -0.018634667780263077 -0.03181104375598042 -0.029862427623945753 0.012688735495308367 0.04399095557069289 
12 12 12 | 0.4257315404175208 0.003128813534157527 -0.021427107296087954 -0.017647721022822336 0.011685833836255863 4.716545220320883e-05 -0.009423156892466965 -0.0007705999815635677 0.004773797481228156 
13 13 13 | 0.47721882310970043 0.022621580522205857 0.011306715799334075 -0.002434213193407846 -0.008476744633117145 -0.004830450870777948 -0.011758193551658443 0.0017045150072776756 0.008396005626656515 
14 14 14 | 0.3809281323651986 -0.02991990718670893 0.008435309041561418 0.014587854400796137 0.006203800152138073 0.016753035097389547 0.0004689233338309678 0.011755400061145107 0.011911894575042013 
15 15 15 | 0.4236775135254838 -0.019892258472538147 0.012639488218787054 0.015146521449751614 -0.0003003388166471604 0.009778087693007882 -0.0006017780307094308 0.010058719951880587 0.012294887265939226 
16 16 16 | 0.46281582697569246 0.024014492787031654 0.01372687045437675 -0.0011007843444234113 -0.004587765617864418 -0.0033858634622275672 -0.0069857299967997655 0.004166977306321836 0.012793062357069085 
17 17 17 | 0.12683593910186475 0.04713393500783053 -0.029067085917994367 -0.02615852338288979 -0.012368778036302479 0.001489278393643881 0.0029629782698024996 0.01314791504382715 0.021590237846688825 
18 18 18 | 0.12980768690186884 -0.04344282145108469 0.013555301082381253 -0.04390948133619588 -0.012666916657319543 -0.0012628113920519677 0.0031189510573628285 0.015579693589683252 0.010044880884923932 
19 19 19 | 0.13629225355927654 -0.017900741891635822 -0.04195382342444331 0.04443946402067567 -0.013494112016760868 0.004131265340949708 0.002649321910758104 0.002184096247654747 0.016996512735523252 
