-4.743745369168467	0.517941647904013
-4.734090301196448	0.5182529528103121
-0.8730437091586436	0.3853398513322409
-0.8683076926135301	0.3825032168413284
-0.8709349910801317	0.38469221734861225
-0.8786005981375853	0.38602822940608766
-0.8727329678023401	0.3867714516227775
-0.8755226450009255	0.3875230689630815
-4.494703286955507	0.5060193182314002
-4.786502035669162	0.5206456690895194
-4.792197719472481	0.5219691784981844
-0.8941385538340906	0.38315687900747125
-0.8928889752143093	0.3824038623367275
-0.868791370367506	0.38459492681402113
-0.8700910458584776	0.3852728454687013
-0.8644239534621487	0.38421783304543977
-0.8650120707975067	0.3845221536336714
-0.8728177889116763	0.3879996744874558
-0.8688839468045656	0.386808614587043
