-4.743351479185931	0.5178299969021372
-4.7337610563946715	0.5180550943648322
-0.8766094057564373	0.38620399531340854
-0.8620368875010761	0.38222382334284194
-0.8760852881434068	0.38483521306140617
-0.8667690768680529	0.3835784355501284
-0.876655329854536	0.3874830647644499
-0.8819365709039223	0.388778623721374
-4.836296693460931	0.5196493813204289
-4.47796798551164	0.5064989744002518
-4.5652413342833	0.5087263657423224
-4.510421891743146	0.5076777296218578
-4.211463185151433	0.4900706689121667
-4.485427327466212	0.5073197656507827
-4.55681016264107	0.5083317262627522
-0.8651838102841443	0.37902698889211556
-0.8552888770056611	0.37659831398133964
-0.8646874985692735	0.3802289826098593
-0.8645423517617342	0.3796878474790184
-0.8544720007318374	0.3826179382159987
-0.8481206710131413	0.382043204113468
-0.8620044857810886	0.3797873225339809
-0.8490079163572538	0.3836708850560268
