number of atoms: 16
number of fields: 9
Multipoles
---
0 0 0 | -0.376928430987296 -0.046556850157001665 -0.08901989386064316 -0.021150890149057307 0.007292859037666539 -0.09635689782313799 -0.020539129185920265 -0.06603636810341873 -0.045323093187499976 
1 1 1 | -0.37728696802338835 0.051628539017417076 0.08474695900866171 0.02687752795368388 0.031287292532259973 -0.08118791041473188 -0.015867605076628974 -0.07475203302530231 -0.036858530145216284 
2 2 2 | 0.12638375331218077 -0.041590726082037316 0.022691344074942343 0.01619512772698881 0.004581138949745119 0.016851533404850176 0.004622081089555306 0.0014833110842451928 -0.0053021390871974125 
3 3 3 | 0.12493917326041803 0.03158133813412437 -0.022319597784170732 0.03316060095145697 -0.009326748456548607 0.0026870349843414686 -0.007967261614554006 0.012375965601426115 -0.0022626860733492666 
4 4 4 | 0.1265518377943965 0.012189368944545398 0.01060152733398045 -0.04748112468617672 -0.003594615905646165 0.0010842119212663296 0.009261255564103161 0.005953597427290645 0.013435573586664511 
5 5 5 | 0.12308438198177551 -0.03046453613607179 0.02468056749804975 -0.03224357633665571 -0.007810007776022993 0.003509120257729155 -0.010989329040655934 0.014111986626444648 -0.0013155114877308376 
6 6 6 | 0.12639592042920778 0.04250990842977536 -0.022999559983607445 -0.017090873953608386 0.005210672537009649 0.01706007818290771 0.003665097313804513 -0.00027335003897206527 -0.004067747892614037 
7 7 7 | 0.12535920558066294 -0.021902658655162336 -0.007363690240148739 0.044836273748816886 -0.0015834387337030462 0.0019889008006689457 0.00875412492096382 0.006988679122519113 0.014546291675450036 
8 8 8 | -0.37723619797445274 0.079780737077083 0.05663306531422662 0.019065829583633953 -0.07134783559894084 -0.09043089506103097 -0.0406262589781885 -0.013400119213414411 -0.024470549755678604 
9 9 9 | -0.38134846981733617 -0.08327415797336434 -0.05293547032303081 -0.021976982408916126 -0.052257460815987304 -0.10257020293508132 -0.02997666160849379 -0.036633956058457165 -0.022238344718635283 
10 10 10 | 0.12434613495958424 -0.012279129623950892 -0.0035367875997060084 0.048342234390645895 0.00011379734317022601 0.0033160559587389537 0.015529963776581513 0.004122940451420338 0.010170270008873038 
11 11 11 | 0.12523064425252894 -0.02123342434483728 0.035964571518500264 -0.02804321031540341 -0.0030245752838766985 0.01337516454043648 -0.008176586497612864 0.008665091631351658 0.003524397076020103 
12 12 12 | 0.130105630459741 0.025711223546817367 -0.03831182000643052 -0.019066468658482563 0.015118488026577458 0.01001809865040743 0.0016004170347869427 -0.0006359227922161495 -0.005944805956978044 
13 13 13 | 0.12529920739350164 0.01977781798199905 -0.03701832870965963 0.027175633629134718 -0.002902494319467686 0.014521938723074746 -0.008921033708750862 0.00770477176624628 0.004755705503822027 
14 14 14 | 0.12603023412788594 0.01365317901906032 0.0004220349269964804 -0.04920187968878689 0.001708688520484639 0.002167834514125989 0.015150888295322766 0.0034664336150384036 0.010831100338490156 
15 15 15 | 0.12757654247702954 -0.02715327801723605 0.03457562145711545 0.025472403395121062 0.014986702916517415 0.006847509803519317 0.0016157869965757752 -0.004967208131265162 -0.006924400875714958 
