-4.841113749204383	0.5204995306128078
-4.468210559882432	0.5055370592189097
-4.51850395529633	0.509357307905857
-4.568823684022993	0.5086547714166204
-4.215569386994329	0.4912335711804157
-4.482882959644652	0.5081737778793781
-4.561765063230844	0.5096601499852089
-0.8602127826403857	0.37701611140690755
-0.8596710965929161	0.37940182726280675
-0.8601529332907867	0.3787882249852114
-0.8627160581402926	0.3791563241453091
-0.8477531711920556	0.3807888493772108
-0.8464930206500981	0.3817944859053595
-0.8608933021329257	0.378433607556946
-0.8470306348754625	0.3827353284676597
-4.842090374411624	0.5202105605483391
-4.477344018404185	0.5078595545609369
-4.522084127450789	0.5096784499558524
-4.554240499192396	0.5088776470857681
-4.220158766273376	0.49127815401742453
-4.4786814805783965	0.508256080433035
-4.563510676097368	0.5104172506432777
-0.8634467793685942	0.37878312620224464
-0.8593085684519107	0.3795034634672032
-0.8547120427604483	0.3776803479052004
-0.8657861797219528	0.37975601971727196
-0.8447071085226755	0.38069036427947334
-0.8522393998198871	0.38200713506631545
-0.8576749809963828	0.37782302031471365
-0.840547245184664	0.38210311989720763
