-5.03562157188908	0.5242664725003755
-3.4795574383096066	0.46284085981916506
-7.035379087130781	0.40237536010911673
-6.293620697830576	0.46168365286531665
-0.8365851648543882	0.3789248605210312
-0.7981476032093396	0.3727288967601609
-0.5727467128155389	0.3345563633002651
-0.5941487038568416	0.3420170318868852
-0.7932112395684144	0.3738350185784851
-4.763246548492966	0.514404989568664
-4.757754840500656	0.5196472404579788
-3.5236472374502052	0.4651774863746178
-7.012367199523493	0.4028485387864122
-6.33361573072143	0.4650397900945583
-0.8556188561204704	0.37686735634787427
-0.856685212352097	0.379912577292954
-0.8433210898356344	0.3815257450882495
-0.5818372251350641	0.3386704431520161
-0.5611613276470022	0.3375630632520229
-0.8575868247343672	0.38347379825271166
-0.8762397672265704	0.3878116496926208
