-4.751827751482396	0.5173451140911175
-4.734910931339043	0.5171946523383179
-0.8577917934112514	0.3787221188902275
-0.8781882376568467	0.38546955299785657
-0.8740973407472622	0.3852291446952471
-0.8761978149773387	0.3858359306366384
-0.873202502177044	0.3844923643454685
-0.8704554538012014	0.38622753612993665
-4.590611142201611	0.508185986248948
-4.7828018601361775	0.5202227764700023
-4.256131708446725	0.49259733547275814
-4.555810992074531	0.5096877235906121
-4.559301708516326	0.509793627060562
-4.480102960287451	0.5070111061467659
-4.48223683667242	0.5081701070603671
-4.509487114984764	0.5079701886596742
-0.8722140824174058	0.37899965641700434
-0.878064213082096	0.3822966909313684
-0.8645672238888998	0.38357828611783235
-0.8590454618562692	0.3787496630111591
-0.856717043875162	0.37744658463802483
-0.8654718469815005	0.37896684860986884
-0.8645839572857714	0.37964967139974737
-0.8625291659107662	0.37954250761784397
-0.8538839686143147	0.38321116800503235
-0.8648766134736771	0.3859689096121806
