-4.730513041779253	0.5157909344384572
-4.749052323462268	0.5185159402573297
-0.8818849208755889	0.3857795926653977
-0.8642584838433964	0.3820458798593428
-0.8785781295864378	0.3852998801191577
-0.8716636877395488	0.38429039849576013
-0.8702040726164183	0.38618624022816056
-0.8694804752358	0.38615260788329575
-4.836203332306125	0.5196271808648655
-4.5515323481882595	0.5083691998599358
-4.217262237137487	0.4907104074189523
-4.490320993215623	0.5086517516811658
-4.558612217839342	0.5096889919398049
-4.504353688330522	0.5068977266115331
-4.480001203856746	0.5056540832008253
-0.8591546954842371	0.3787306703276808
-0.8643807162310416	0.3799139449499607
-0.8511407602106633	0.382145529930231
-0.853148950079856	0.3824555233518176
-0.8624525044121862	0.3800048637435183
-0.8678700697686753	0.3808198269291352
-0.8647777630713342	0.37997525409760313
-0.845800253946959	0.3832937815950104
