-5.0691784090096395	0.5330118137808562
-3.3397698459210816	0.4633701799507233
-7.22609631195155	0.41522008304847946
-7.143528547654379	0.41290435463317793
-0.8247651818256051	0.3804565663403558
-0.8352758562309032	0.38235864209009296
-0.8266794171004508	0.380734946555017
-4.603186651252413	0.5063132815165902
-5.97376287043048	0.44282616971221445
-0.5687222261963758	0.35108253679124835
-0.6071756363209556	0.33628162585943355
-0.60257394686305	0.33499559876865
-0.833567833046463	0.3742007202559319
-0.8655889805679347	0.38035357937742453
-0.8225908986510798	0.3741845689449974
