-4.752098330859005	0.5179728781234296
-4.745142184635276	0.5183262807903949
-0.8733192401614926	0.38522724007543113
-0.8773335288726988	0.3857652813614865
-0.8570149065720051	0.37817282721807016
-0.873133407605696	0.3845403192453991
-0.861106410326468	0.3838699978541014
-0.8741475142774194	0.38700565414962673
-4.6034806798310335	0.5105505061345379
-4.7770003197763495	0.5199706556926038
-4.252147066869723	0.49283999162343656
-4.5481345025764846	0.5093930355273868
-4.554333113502285	0.5100566526784049
-4.485409841834186	0.508517163878844
-4.4836763961321155	0.5087090951788475
-4.512736008565722	0.509826944337178
-0.8790749862956115	0.38343618108104616
-0.8723994579618389	0.3807653718890479
-0.8571208400579396	0.3813352338028286
-0.8605399652785383	0.37963178134779074
-0.8572016451171054	0.3783899651360904
-0.8627028577989937	0.379007897715772
-0.8620728656070888	0.3783686972584421
-0.8593963063768805	0.3791923180913452
-0.8601469742920393	0.38447963554730413
-0.8645600091747349	0.38535713064620203
