-4.526683260991521	0.5054091398555814
-4.8049104323115035	0.5217353502978513
-4.41892116038554	0.5025595200373666
-4.444409321226693	0.5120860921475575
-4.408918202121455	0.4985749575535719
-4.111056011997448	0.486764133401965
-4.5067241346270235	0.5084385002789039
-4.637645251913609	0.5144426587500994
-4.550098930993191	0.5134584066621789
-4.470632518390632	0.5086472759255107
-5.803345232447153	0.4460527166179552
-0.8870603482605026	0.3833435849717314
-0.874309928529443	0.3805129413975293
-0.8492012928238286	0.3790913543578156
-0.8503541256067455	0.3801543212801064
-0.6409521706658128	0.3498832812258181
-0.856639269362791	0.37796110647219383
-0.8456519828582296	0.3778754822849003
-0.8573367008300276	0.37909398461277355
-0.8641598487303359	0.3801987794402784
-0.8613073232200256	0.3849963793454645
-0.8629044892204427	0.385365701592115
-4.848559186163574	0.5213334947638438
-4.55297962315704	0.5064961145502855
-4.217721149142367	0.490824422859924
-4.48608463584081	0.5072023225329152
-4.564035018615418	0.5100701452302516
-4.518195268750242	0.5099003369725595
-4.48480683496985	0.5084006872853555
-0.8337908919698999	0.3703383497118343
-0.8545803256482062	0.3772991556126355
-0.8545639682451308	0.38309284684524353
-0.8470297572799392	0.38050850180666485
-0.8598403593304056	0.37929468539535904
-0.864082854728474	0.3803986396713797
-0.8664935248045293	0.3801410642792224
-0.8463857765248151	0.383479019875235
