-4.305535125659202	0.4986137949523914
-4.828138267114155	0.524208990022929
-4.817616302417738	0.5215108732297202
-4.815037404574803	0.5223742046815708
-0.8896008396056786	0.37583955094039173
-0.8580410113131184	0.383662794607193
-0.8617036555677787	0.3827615937274146
-0.861703808471562	0.38323387905204714
-0.8685280499505063	0.3842025069002956
-0.8638576092580088	0.38451459413293293
-0.8657026682412324	0.3836722476093752
-0.8608862071105209	0.3856091328085234
-0.8609903968469977	0.38512852221313754
-0.8664776043409513	0.38679782838122656
-4.741772815566289	0.5163431269265266
-4.735366101310935	0.5168644437660933
-0.8739977067097787	0.3841579286382198
-0.8735864147444281	0.38360670684705844
-0.8718999222037307	0.3840840330845913
-0.8720059261448031	0.38235445237766624
-0.874635871087749	0.38702276531611646
-0.8757349291345784	0.38725782156262606
