-4.823136367322603	0.520448064155992
-3.945706356377669	0.48277984991054146
-4.683043269615879	0.5161403127917251
-4.638869764494309	0.5098087294863993
-4.497420209259602	0.5066236444177585
-4.511661061026636	0.5077992709991421
-4.277225892982554	0.494276023466254
-6.958466174488717	0.39687670249223134
-0.5615558579729463	0.35059826125113575
-0.8736260047687511	0.38383872262981833
-0.8346226462340786	0.37369737673593717
-0.8679146466110901	0.3807479188132665
-0.8619499488980367	0.379176212405021
-0.8533923682471085	0.38224699564630377
-0.856059671044234	0.3831335918203935
-0.8511005100016075	0.3839339224179102
-5.0356180333974985	0.5241446965118255
-3.4771609284844356	0.46043113167334265
-7.004228843392907	0.4010457395943194
-6.300280970415759	0.46204714850659373
-0.7942605952353313	0.37144071257879596
-0.8340137328288305	0.38029545331744274
-0.6014576390955777	0.3436750076201163
-0.5935029982831262	0.3402295871147382
-0.8101732517280268	0.37793441532090133
