-4.835569824722537	0.5201865243374112
-4.473033589437866	0.5065685930476475
-4.513358476355683	0.5088079140570352
-4.566634498796194	0.509717613762995
-4.2120857322349154	0.49181800499667677
-4.483311591526029	0.5083874128460713
-4.564782576550107	0.5105187037123411
-0.8672791933197035	0.3799580365404021
-0.8627644215541743	0.3793851795415825
-0.859682646356075	0.3791900081579935
-0.862602295177046	0.37862683802160935
-0.8473196665728415	0.38163396975556996
-0.8529473857419613	0.38216509163666895
-0.8544597555767668	0.3770674747837603
-0.8480150294720583	0.38324360557692955
-4.721733836603732	0.5143697597947353
-4.756666875185155	0.5190359976316089
-0.8692445165963044	0.3827276791851436
-0.8785693987695868	0.38509993102926915
-0.869606095403976	0.38207526334016967
-0.8711209261291207	0.38462587193505715
-0.8715474812461508	0.38400492840888484
-0.8736947268150308	0.3871522293923096
