-4.784412695805161	0.518235570924361
-4.117922440552884	0.4872303809654477
-4.412233210531282	0.498363828424291
-4.375308091333691	0.5000027284350872
-4.444625776633917	0.5111459178038611
-4.630661114129829	0.5134769704069257
-4.472539534406677	0.5084524403941536
-4.50628877169184	0.5087672547223947
-4.5433498725864006	0.5131982467660768
-5.801729632157125	0.4456818132225116
-0.6407358636666168	0.34975931474373156
-0.848128101296183	0.37795129358077917
-0.8504233326910571	0.37920819950410645
-0.8654286550399877	0.3802033984818635
-0.8599893011010034	0.3789994881993348
-0.8571776561831026	0.38285245392985523
-0.8572348965134824	0.38326028852707644
-0.8586165010058038	0.37978397616059145
-0.8553283803853267	0.3846454337535753
-4.507371782748761	0.5048504615917444
-4.796656550266489	0.5226935514502395
-4.792666211149477	0.5203753399583181
-0.8635280409428165	0.37323473440797195
-0.8953186835990946	0.3835047866093731
-0.8671176648243244	0.38450369945910373
-0.8698414818024486	0.3843994868067971
-0.8657896143910826	0.3840756253703926
-0.8706496010629207	0.3842369064224481
-0.8658484177677156	0.3864105925650857
-0.8728949659893906	0.3881893552981491
