-4.450672031185097	0.5071790674369141
-6.941137466434878	0.3953783503789392
-0.5838981351252539	0.35429732479236015
-0.9221955541557281	0.3894006253683623
-0.9193625875340592	0.3890132991053325
-0.8819304090930985	0.38258453922950536
-4.770688800556137	0.5139331182723071
-4.7424472107245625	0.5185844149347815
-3.503028566820398	0.46408946835867076
-7.020446272553735	0.40350661211214406
-6.327655185035205	0.46471369575998284
-0.852263651939982	0.37578412057128785
-0.8634014870449321	0.3825531580765869
-0.848374150362771	0.37972251482865355
-0.5870074410627747	0.34028232428743116
-0.5859921838308755	0.34367620902899837
-0.8720226006710322	0.3864248137908472
-0.8711182456013667	0.3867898796611519
