-4.740580283267498	0.5167618387052915
-4.739179701135905	0.5170285298068695
-0.8766092740305893	0.385335918587391
-0.8764253569990316	0.3853647345466901
-0.8683179429119452	0.3820602540227725
-0.8691494741438504	0.3844084192345289
-0.8730220648964142	0.38354129543005033
-0.8736745404541649	0.3870336909603741
-4.804679644005398	0.5195488503885896
-4.794543429665377	0.5193918433670697
-7.2969365785185465	0.5885374178312015
-0.8378847188054941	0.377289269862188
-0.8165859285304973	0.37317944600280906
-0.835281264564477	0.3766880551193972
-0.8402193537050803	0.3788577053416004
-0.8410425298696691	0.3784003178390217
-0.8172007247925412	0.37493546199792027
