number of atoms: 19
number of fields: 9
Multipoles
---
0 0 0 | -0.3788154639302892 0.03598736159473567 -0.038701551319071534 -0.07069601689615279 0.03157272157814718 -0.0712977491438141 0.12359873447423246 -0.03554064376992783 0.09259287915848223 
1 1 1 | -0.440886140917943 -0.05286836276918041 0.04432251899511575 0.10399235012611216 0.018705834426805915 0.021074196627373736 0.08277029258654266 0.005289404985920846 -0.12132013501403233 
2 2 2 | 0.8485746901539404 -0.01869731254912672 -0.05754257525772132 0.038460977683349815 0.12987800619577905 -0.13715380857106957 0.07901981311507018 0.005108580930387866 0.04859684867505862 
3 3 3 | -0.8133710451062601 0.007415895142577951 -0.023306082541955233 -0.0021720076548263937 0.07639379205685544 -0.07594789280088936 0.016381691865538422 0.014493635998469012 0.032806548874813594 
4 4 4 | -0.785637458607308 0.02943790798753878 0.04443277366114116 0.04451286402366319 0.024713415950649523 -0.032534415459398267 0.13538449191663993 0.07235036588356486 0.15849557142047618 
5 5 5 | 0.15370375843414708 0.035081282717420864 0.014618245734122409 0.02799907855649358 -0.010004682965578595 -0.014824416525996571 -0.01641918398871558 -0.0028011211956982794 0.009024510007006568 
6 6 6 | 0.10967429685660479 -0.03330376785947451 0.008932055354478767 -0.024064861790351794 -0.004147726342694 0.014372180075456667 -0.016885991635159723 -0.014787396779828042 0.02272448600055349 
7 7 7 | 0.08194432403773311 0.0064514006571541795 0.04056423086989346 -0.014484201073046698 0.002762230695415402 -0.017771147196752674 0.013667135598848277 0.006182064688038115 0.022575174895867203 
8 8 8 | 0.13362323708240398 -0.04493301699415443 -0.01785356837664369 -0.005043939211368027 0.0016964933743063837 -0.023536319969197087 -0.014138366165024856 -2.859975921726334e-05 -0.006201291970719877 
9 9 9 | 0.13106031777059612 0.020903590754919082 -0.026254751387309563 0.032696715863910736 -0.013626537027352881 0.012498886238267486 -0.006622742858509371 -0.014974180912482251 0.009287261172180782 
10 10 10 | 0.12481540987091044 0.05926999261180654 -0.14418720759596093 -0.06382891850764197 -0.04948700057159622 0.0722573464089466 0.06789257044159744 0.161471624436033 0.020123376648969456 
11 11 11 | -0.5353172314883574 -0.0016077268785124681 -0.03243973926658308 0.05863825728965282 0.007349240825253718 0.0035929845661258337 0.021050848117879127 0.10475778421607722 -0.0033687570543740053 
12 12 12 | -0.5182359396787906 -0.11545091477678812 -0.00390150783250652 -0.10109458382337998 -0.12939630376658717 -0.037974230726394755 0.1955014706531491 -0.01083620042881255 -0.03212778605868504 
13 13 13 | 0.018447621413739013 0.038744450848805276 0.043239717579787014 0.022130090205736128 0.0006198646454644338 -0.010149838249734347 -0.004670659739345731 0.0015748547404100506 -0.03334487708880113 
14 14 14 | 0.06630046462864314 -0.0588159796441231 -0.02583888693009803 -0.002941722783645215 -0.030175213055295427 -0.0015656425825232155 0.010399196544638091 0.0039678085420114095 -0.017181159805317696 
15 15 15 | 0.18243679889265974 -0.024023836037937046 -0.040741890993095956 -0.0134020560080408 0.0001949996032158271 0.001927092166635362 -0.013173659798895124 -0.0010971042808145556 -0.013523280741317402 
16 16 16 | 0.3614020782655104 0.011186056386655568 -0.0032614194112116583 0.025200527175660778 -0.019747427639837334 -0.012688562157732855 0.015699984751264176 0.016926919073531797 0.0064403138823075695 
17 17 17 | 0.14060618151412407 0.04272141466230459 -0.009168028428474447 0.0008159081545311874 -0.01664335095038712 -0.0015609255707693752 0.007417058168116739 -0.009932746671325689 0.0005196309423703531 
18 18 18 | 0.11811027267029373 -0.028390985764331397 0.030955204470622534 -0.0060493406273024915 0.005927944006752624 0.007172494874708771 -0.008868592025116542 -0.020961072940023258 0.004056514567330341 
