-4.7298573117576375	0.5151203212583136
-4.741138046685079	0.5165823469407126
-0.8780192296517032	0.3850728556882659
-0.8736330080547745	0.3834771774100928
-0.8783453089761325	0.38587566255027006
-0.8726356689427208	0.38481256634525524
-0.8734008447759317	0.38484071921826934
-0.872543440418267	0.3865214500917255
-4.747072768077723	0.5188220785406465
-4.752956238415782	0.5200404631186183
-0.8694662531001889	0.38452545502820573
-0.8747664055324724	0.3850808590934462
-0.865467608264032	0.38297038311070347
-0.8651604700538396	0.38245623200770235
-0.8722767215626795	0.3872490634937028
-0.8672603464038868	0.38564790036847607
