number of atoms: 34
number of fields: 9
Multipoles
---
0 0 0 | -0.0327012457545095 0.06059383329370653 0.11019530591464016 -0.02892558589908091 -0.0006969956889733526 -0.11270953738799264 -0.08392297800767273 -0.012994012709377271 -0.045478435434006995 
1 1 1 | -0.5214945088636727 -0.056231634532543776 0.003743393113046931 -0.061438950052220546 -0.02901368206123305 -0.05533156797507616 -0.05943218644546138 0.03206570025868337 -0.009207814035098233 
2 2 2 | -0.25479098106420306 -0.13421600611530585 -0.09712272770908514 -0.03168192428608211 -0.002018232882797652 0.016361739781206575 0.01722972423124869 0.009857717303838697 0.02623684250868801 
3 3 3 | -0.6422629647638516 0.005997888892273076 0.010658623631750096 -0.023578515769082434 0.013651724572789924 -0.12328841346392201 -0.04108596966017718 0.008416278946719343 0.0437295968098946 
4 4 4 | 0.7095834064621052 0.021987836179031824 0.04114245435111495 -0.01693825469657043 -0.010759311607863004 -0.09103015963437056 -0.15022321893235493 -0.07061778502457347 0.13120877539517384 
5 5 5 | -0.6162193563089886 0.0038374347533087646 0.05735319602408058 -0.024902659768383007 -0.0021437664624841353 -0.0744381099100785 -0.09837463111592396 -0.027732412974726364 0.05088018625784328 
6 6 6 | -0.2940776697398393 0.08328843922175573 0.004589767921885831 0.08015654276898497 -0.013337805192084376 0.003962796764595169 -0.07897495072010235 0.02666287996891902 0.01688201704941917 
7 7 7 | 0.10182414584131605 0.03509827606826953 -0.044799086983368756 -0.030922699849733455 -0.0003776903288819259 -0.006969991313394366 -0.0027519348523137735 -0.0055067768277101605 -0.014810378478868137 
8 8 8 | 0.10581379844500438 -0.051607866649430435 0.008151131287417752 0.031962739546140435 -0.011503168131325656 -0.009528735673397385 0.012487167723215451 -0.0005953391458563347 -0.012519046304968449 
9 9 9 | 0.15032609918711393 0.022514601043799622 -0.04504153647315401 0.012243323999262552 0.0010688082458629338 -0.004728385807579375 0.008474008959795103 -9.124031442233317e-05 0.01214717354697476 
10 10 10 | 0.15098442145277735 -0.027884289974821033 0.024514805507179452 0.028506006210547656 0.008959369158775576 -0.0008843841302494732 0.011346099668305422 -0.00031014949401721506 -0.00561833028576188 
11 11 11 | 0.11586716198430413 -0.03436375898807893 0.04077247740652837 0.02023839751596922 0.019078396494930535 0.015127312597199688 -0.003295536582293411 -0.0026304932964746446 -0.003182864648848377 
12 12 12 | 0.15580573197847913 0.02261726523932169 -0.03508378419662343 0.00625193431388536 0.012494780995932642 0.007127767962920204 0.0015472026216666944 -0.008862219375860268 0.008263435266026941 
13 13 13 | 0.20718985265018341 0.02222694679356692 0.020389401500934948 -0.02819561440433939 0.013102050440338076 0.003788211693791735 0.0005956185871757526 0.002180324164527432 0.034640815663957006 
14 14 14 | 0.16367684438760333 0.020956974949566547 -0.03039452733690287 0.028276249466823677 0.017651272190826222 0.002007295498139577 0.012565663331931995 0.0057942569348220195 0.03892444377222983 
15 15 15 | 0.11485168964655745 0.034100420894886116 0.01738852982010141 -0.04640281492506286 0.002799525014614022 0.02246863185516745 0.004464899882019598 0.008282040776442349 0.018258620491265025 
16 16 16 | 0.17864459909882557 -0.03309931440023496 0.01894689453208918 0.024054664751594377 -0.006522630207745996 0.0018020858828079608 0.00839853902760168 0.00846254289962054 0.0046425006406704775 
17 17 17 | 0.19975017812381546 -0.012692776265524881 0.003555206650504861 -0.042312187597452165 0.0020644545093646536 0.00349083404676646 -0.007024142302406889 0.008750611604190332 -0.0006672702636728061 
18 18 18 | -0.46992161966894574 -0.04519154252785652 0.004330930294195161 -0.04740716449746216 -0.04967467487060167 0.026324543365772782 -0.05944753711382246 0.06434000636085863 0.052258228472034325 
19 19 19 | -0.3484576104276176 0.018665106961013523 -0.020358589225486647 0.05024557244517297 -0.06628636722505815 -0.025515554028292916 -0.10258078781317594 0.20602786509144563 0.07824610298574047 
20 20 20 | -0.141593921947627 -0.01545299159184554 -0.014737397472143409 -0.02558448518722638 -0.14593226026164877 -0.04621371796961331 -0.021041379026213468 0.12667054456854693 0.03183144386851847 
21 21 21 | 0.3819873172878845 -0.07187757034316769 0.004814400695284023 -0.10596786414413036 -0.12229446100314749 -0.06286797373569172 0.1574422725684763 0.08498743030802616 0.0499561638093892 
22 22 22 | 0.09017135012065847 0.028266903576755414 -0.0071882533420682656 0.025966320012472663 -0.11212564612893178 -0.044107280709863285 0.07508752690285238 0.19356158398960882 0.09576247706902583 
23 23 23 | -0.27753911981975143 0.020648335101921142 0.0037062387408577087 0.0052695535083988575 -0.14919989758438879 -0.04637876163231508 0.002229829483134582 0.11980786023496555 0.05155465931531004 
24 24 24 | -0.15923175352077923 -0.014711296330913778 -0.005737135864691469 -0.016917635090802362 -0.05259225290623144 -0.030765309539419212 -0.028362710705055003 0.19925139306534206 0.06905397470806571 
25 25 25 | -0.5812233976832815 0.11283629561491941 0.009512510537918094 -0.008402054854742724 0.12039997754939961 0.02353105984196001 -0.0007646053594589719 -0.016933377495418723 -0.034742284382418 
26 26 26 | 0.15948142006320576 -0.0417072249973227 -0.011225806990116542 0.025747308086566938 -0.008670697828825966 -0.000803529442043222 -0.003023184946282809 -0.01282495121844171 -0.005155989603042963 
27 27 27 | 0.14188350482900092 -0.011294660989604632 -0.015248966591317423 0.05011206029140327 0.021163869433048214 0.0021158708879973967 0.007127891752963196 -0.003004015612103822 -0.002065385496525974 
28 28 28 | 0.43863180160465776 -0.022539821095964675 -0.0048276806319387236 0.0028928071397107775 0.0024591495654832773 0.0001902977664458378 0.010392439790698402 -0.013254826892881929 -0.005577938582760705 
29 29 29 | 0.17287470733028554 0.01165549936136823 0.009213572642736338 -0.04946973689173202 0.017562755418334217 0.0020611105676744046 0.004603666505791972 -0.0031097585517028924 -0.0011644958200865917 
30 30 30 | 0.1467890873051555 -0.023403944685086126 0.023028966280062606 0.03422020516367286 0.009876245497709627 -0.0012979923840170755 0.009678691435695316 0.009770277344243797 -0.0035630685821246627 
31 31 31 | 0.14972407858109005 0.029505942111401 0.03031623026462113 -0.020215084944534525 -0.009706399000957544 -0.007884566881141052 0.01179070065145519 -0.002754772204216146 0.0010641348772168656 
32 32 32 | 0.1480910283955149 0.051141377652996166 -0.006558320077369962 -0.014503240872467191 -0.007097972277162532 -0.005188218648560219 0.006260285642848234 -0.01607296991008923 -0.007176130246416781 
33 33 33 | 0.15282738327420609 0.0031276290601298324 -0.04842464575683281 -0.002624481571549959 0.003806989619820017 0.010934785425937014 0.004653536722662184 -0.007421804334281026 0.009129226075843192 
