-4.839845397023787	0.5194295863444474
-4.517450561267452	0.5085796418318747
-4.486623015961107	0.5083386969759678
-4.482141259835191	0.5079111955721964
-4.5599812205188055	0.5089958195707006
-4.558400423919797	0.5088316445489759
-4.210224465489933	0.48981618030091795
-0.852575186326812	0.3753780832006445
-0.8631612818384583	0.3793660083749777
-0.8652910098313596	0.38041466245368566
-0.8558811812329071	0.3774674566527294
-0.8608026688847445	0.37955181252160763
-0.8531367364587953	0.3820171085298586
-0.8465799910909021	0.38145197397734215
-0.8471794307564217	0.38309610332426347
-4.511759595976348	0.5078809992801807
-4.78043776339216	0.5204450241610312
-4.793297043040075	0.5219799837266573
-0.8885017129588542	0.3830604845556506
-0.8930615016903097	0.3839938874929403
-0.8722380389496616	0.3857779895474522
-0.8688831422163699	0.38469277336824664
-0.8634841682616899	0.3841783715814737
-0.8714998929151414	0.38596691357636914
-0.8651803742357109	0.38602924455545906
-0.8644566999135752	0.38566927735748757
