-5.023953465814296	0.5258264930290253
-3.4998039994379933	0.46548956639827876
-7.006626235387825	0.4026750889549247
-6.284474746013512	0.46200250390298997
-0.8012882171143183	0.3731744931590923
-0.8078353437117864	0.37648504457208987
-0.5913945835455455	0.3424917772308587
-0.6012807783049923	0.34159257160496953
-0.83744007767459	0.38165727344714734
-4.487941145278943	0.5043083362291592
-4.798647254122537	0.522632755181986
-4.808088746019637	0.5215149473835321
-0.880747036301968	0.37952000538472636
-0.9000913097945158	0.3829676351294094
-0.8693314216887265	0.38579878301586157
-0.8650729988446786	0.38406579456147716
-0.8630002870709857	0.38411297821328344
-0.8702630152717479	0.3880682019669259
-0.8706261279665671	0.38705497242635795
-0.8537505951474356	0.3836481932252698
