number of atoms: 30
number of fields: 9
Multipoles
---
0 0 0 | -0.4790642515080519 -0.03160898970883986 -0.05189140835852958 0.01860663076973925 0.0143980719192462 -0.04104580235733582 0.053252648140724154 -0.07020941078204251 0.03724525854359058 
1 1 1 | -0.11092794117915883 -0.01985454974574926 0.027394336336594917 -0.0077653166036945115 -0.06647072455527576 -0.0494615346462803 0.20183321905993964 -0.09789045090576017 0.07532882552888573 
2 2 2 | -0.20582603416039547 -0.012682169093971025 -0.005313951218863165 0.0016232592814018133 0.019218011913074096 0.016273014212789687 0.11961757276310718 -0.20177417501371542 0.012624457151021935 
3 3 3 | -0.14792913079021552 0.009144423511606676 0.02491303344025144 -0.021196806435544387 -0.04132068867006498 0.10697181982145111 0.18489242675266687 -0.10789131026705175 -0.02115791733330805 
4 4 4 | 0.1434268557570153 0.020614747305388682 0.029368255175486503 -0.00364700417183668 -0.04790211142281251 0.06739786056541466 0.19644955966733765 -0.1374874131039451 -0.03487167213730002 
5 5 5 | -0.1315354094747363 0.0270005261304837 -0.0002852889998086509 -0.0123382431196558 0.05204400584228424 -0.0018205764518191363 0.12062728060687396 -0.19314564766622014 0.035166871011691414 
6 6 6 | -0.21173047647972165 0.0053822671544911825 -0.017220997947493797 0.006777505335903177 -0.07018318219976487 -0.04844354739353087 0.18494946368356388 -0.06831226757545626 0.016280991901809108 
7 7 7 | 0.13680562799465146 0.018155577000436792 -0.051296939839471145 -0.014440721322068976 0.006369219244921566 0.010793109648557848 -0.01202120436949604 0.0017134156181661862 -0.0035978294179247585 
8 8 8 | 0.1397129100014869 0.043308300135329235 -0.006615214962858008 -0.026508178522964367 -0.009965912945777054 -0.0019370712984908569 -0.0015798229107269926 0.018475038365248077 -0.0018637882427346769 
9 9 9 | 0.13733079991062624 -0.027970171047263584 -0.045526879785624315 0.014789137789528584 0.004253998659881245 -0.01102246849409043 -0.011183731361935205 0.004972798278399501 0.008125399194288067 
10 10 10 | 0.13635410605058917 -0.046938699481568195 0.00427092580676083 0.029121648797328745 -0.007430790216872436 0.0030401310543167 -0.003496372474424019 0.016905961624004755 -0.0013547197262537374 
11 11 11 | 0.14769704406009487 0.04241922909241422 -0.019050978939329447 0.0014086426983189984 -0.014241488513006977 0.007574932488960979 0.006499124923440906 0.0046262832651101865 -0.004444109490881272 
12 12 12 | 0.1505135082839768 -0.006889708722016049 0.0236954322343719 0.040705459425553384 0.005563043705902937 0.00823760033006918 -0.0013298148498748596 -0.005542249708701995 -0.013735449636330598 
13 13 13 | 0.1418370453520993 -0.02022460178908112 0.04531855545024005 0.011992649621707893 0.00898144473088056 0.009217020956452649 -0.016800738872840233 -0.0014699381070016713 -0.007579342605440483 
14 14 14 | 0.15188285278728175 -0.019883384424097983 0.010150897803909634 -0.0420817219039987 0.005644252432038135 0.009123236001145158 -0.002903619796919464 0.007871695626061234 0.006848467181713503 
15 15 15 | -0.48737904316419733 0.04873430376468575 -0.03422008716011749 -0.026932004646600064 -0.052602686767343886 0.06353230680548562 0.03178836947193851 -0.06097829079459961 -0.033578782156907995 
16 16 16 | -0.12622219034572435 -0.026867417154316887 -0.011203663687328131 0.0076411196140885925 -0.016691120934370612 0.04742493903504931 0.0827976182655317 -0.183989377731051 -0.12083748238016362 
17 17 17 | -0.16370491028580236 -0.024814029311055412 0.021861309043705535 0.010070908275158592 -0.08046294916281543 -0.12603906079584545 0.026954504897244106 -0.15212752910331 -0.07478088763041557 
18 18 18 | -0.17998985834038717 0.006412037618731248 -0.020516409042915268 0.01361407477332705 -0.17692323606765803 -0.012761500092084228 0.12074216468076433 -0.11103668328612172 -0.060254789012589974 
19 19 19 | 0.14639224690006714 -0.025968479217233238 0.024108428282219596 0.012307195853643163 -0.11279636490822974 -0.09923666657436674 0.0561785353212933 -0.1849732523255778 -0.09977888954524265 
20 20 20 | -0.1302375188721019 0.004029717959780394 0.03330949934714379 0.00739628343272249 -0.1681122700627323 0.02296130592783583 0.10028219048394814 -0.09147112781631374 -0.07300582839156453 
21 21 21 | -0.20418278009135715 0.013526732947248708 -0.0007353917425027522 -0.013044274131256755 -0.008534226512639848 0.0016970407987622986 0.07027932671729432 -0.16727963580885305 -0.13470638147007083 
22 22 22 | 0.1314153761141157 0.051532013977276504 0.017900982053032935 -0.003370135241568561 -0.005172349251816942 -0.007441492676175239 -0.0038450475672062922 0.010382064123389243 0.011778881632309314 
23 23 23 | 0.1338556518923515 0.03774546358824992 -0.033321026968684726 -0.019227816630971412 0.005150564803479329 0.01580322289304486 -0.00018383433533907057 0.011554425434493093 0.0043560164168953055 
24 24 24 | 0.14969880994655937 0.016351943508284072 0.046173883698296316 0.021495495695693947 0.014165412065852988 0.00016862203646956996 -0.0030003195442815547 -0.0019362603980870256 0.005261572514657991 
25 25 25 | 0.13204787755727476 -0.01106872657867433 -0.05198479773750461 -0.013821359265535498 0.01720280268944269 -0.004424822648477831 -0.008948681910930187 0.002251499899703563 0.0033878001304340263 
26 26 26 | 0.15397339593512005 0.0277431812952943 0.024449357607260927 0.030227936232825735 0.008640655728613354 -0.008275120898649348 -0.003933991353455874 -0.004848568989661559 -0.00567223664320639 
27 27 27 | 0.14650228187986525 -0.01869535249333846 -0.035137564016408065 0.025209917645108257 -0.008383060383102062 -0.014373247784337502 0.006103702679767224 0.0020010793744865973 0.0053528011834035084 
28 28 28 | 0.14013019111261638 -0.047710751779684604 -0.017573791990922204 0.0047345612396893985 -0.0078479834492436 -0.007301410197878105 -0.002056199965384801 0.015592144258651904 0.010602737285294626 
29 29 29 | 0.15612520030024724 -0.016360872548701298 0.0177143890604995 -0.041261253421951874 -0.0016074669928675144 0.0014477024212425859 -0.012036438309023558 -0.0027283634701587216 0.009729020489239204 
