-4.743076739912461	0.517794114413169
-4.746849721838062	0.5188370579976826
-0.8727258381071332	0.38461763547034145
-0.8724181319888661	0.3844397742040729
-0.871885668624666	0.38409453821363027
-0.8768001458954366	0.384813622918768
-0.8668089800908242	0.3856692465594427
-0.8680331448234859	0.3863756684139724
-4.478093757213718	0.505002359793937
-4.7967647741887305	0.5213558860897133
-4.8029284714223355	0.5220583334725102
-0.903478882736397	0.3849691761863145
-0.902934531251091	0.3847250169622124
-0.8654027829562327	0.3838578751429782
-0.860032473696867	0.3826580462201508
-0.8711866318877011	0.3869761464107647
-0.8609429435466989	0.38537196086321374
-0.8603859930541655	0.38496669216133894
-0.8675418043430903	0.3863860910278801
