number of atoms: 16
number of fields: 9
Multipoles
---
0 0 0 | -0.3778539640326022 -0.011210826893764347 -0.08262796899355618 -0.058854132154491444 0.05805417955248584 -0.0038202411298255234 -0.00900570818195759 -0.030357240960379832 -0.09848423443217638 
1 1 1 | -0.386593563645528 0.010024498608840663 0.08063009454566378 0.06227071299167098 0.04486291462203416 -0.02141207453399855 -0.0113276994266196 -0.03851074494630571 -0.09202511914874069 
2 2 2 | 0.1292190757137196 0.04970783113220217 -0.00516152073913599 0.008504881421041935 -0.010676856068574422 -0.001070644409905957 -0.004988967770104902 0.006076906715428918 0.006579001017710071 
3 3 3 | 0.12565887025054745 -0.015021221909319768 0.03143528906824957 -0.03671146479069782 0.0006307922186481071 0.005659921547290908 0.002594145428546764 -0.00998894553981193 0.013519178144433448 
4 4 4 | 0.12349479338035396 -0.03424851772678155 -0.015547546027593092 0.03414183584672142 -0.0022964467500789895 0.006547902930714824 0.009094641877030619 0.013577385999687323 0.0027312998540210028 
5 5 5 | 0.12706345990879164 0.024629147640682567 0.02189822753260418 -0.03859840602522484 -0.0016477391797755589 0.0055463484151349555 0.008851699061325975 0.014631695960356395 0.003764143461922166 
6 6 6 | 0.128717883991061 0.02442814591716131 -0.031798506150332854 0.0316267858121266 -0.0014135366806791543 0.007507474954159269 0.00238267257996844 -0.008900953682322351 0.012852283343507433 
7 7 7 | 0.1271781672287734 -0.05055668314124567 0.004795095934702712 -0.002571845813388779 -0.012820224801726602 -0.009147335160286846 -0.005881583396910715 0.0036514164029044986 0.006758283292902967 
8 8 8 | -0.36725359409640923 0.08072085720135441 0.03901537900643584 0.0383327706266383 -0.037504093851212054 -0.06674770932387408 -0.0771643326121634 0.006362664408729434 -0.043553271395008926 
9 9 9 | -0.3760000515562174 -0.07139901279100594 -0.057244883596411465 -0.04491338578546724 -0.06297940302997498 -0.07414482126917821 -0.07199733963362935 -0.006215266563952581 -0.0393873589363291 
10 10 10 | 0.12560495789487858 0.005984839660085645 -0.04323174074739155 0.02496774440195546 0.011387518533458756 0.003155198352297424 0.010698704321270507 -0.006747166489162928 0.005620423461648388 
11 11 11 | 0.12704405147929032 -0.032382425234161294 0.03434706653769578 0.01807142039932791 -0.006809686722913808 0.014774483813539064 0.0048826513944936365 0.0012581413759646027 0.006163650965039221 
12 12 12 | 0.12199759569167135 0.01693950257570972 0.005555420804964102 -0.047125889317191826 0.013140744889892328 0.008084546430938219 -0.0005185764537334638 0.010656845872509675 -0.002669438460578995 
13 13 13 | 0.1232664188823065 -0.022358262583874213 0.000382715668515338 0.04512587296574325 0.01399767001833029 0.007515454509061544 0.00041413369790039347 0.01122482680229225 -0.001737753901598236 
14 14 14 | 0.12142217158772106 -0.0100078477947894 0.04079489188459798 -0.02774903638599326 0.010526013302501103 -0.0031556462052098858 0.010547214717365734 -0.011177437034037568 0.007228971474444306 
15 15 15 | 0.12566049930204481 0.0385196209091543 -0.029318564441760484 -0.012490331762294074 -0.006389759812594204 0.01388732953411348 0.006944926370834821 0.00027979631926619477 0.0068982785523992365 
