number of atoms: 14
number of fields: 9
Multipoles
---
0 0 0 | -0.38490295143704767 -0.07116617643865736 -0.012000829981710443 -0.07578262146279394 -0.006691865506946056 -0.030727889329094548 -0.12397157545737097 0.027163065395799598 -0.01688099917197623 
1 1 1 | -0.3770922222823865 0.0734460691693247 0.018730355232630284 0.07397234805910026 -0.027209477396685985 -0.03465432020696206 -0.11184889317341819 0.04656219268326197 -0.021559963657090214 
2 2 2 | 0.11406124717547439 -0.030297115741214804 0.006467402899045985 0.03789741617342214 0.013515834190505827 0.006106171267852548 0.01225676788991776 0.004947861835179816 -0.0035722234235173694 
3 3 3 | 0.15009823596187888 0.024399782547471712 -0.04722832491309752 -0.006505841200513667 0.0010583711019551616 0.006571075938411525 0.0026702046869149093 -0.004679951029885676 0.008828829215150482 
4 4 4 | 0.12389565654604062 0.021448682108974118 0.03472771601327028 -0.026442048609052124 0.0002890916781859516 -0.010528003732185246 0.00878258947410529 -0.012875982918574322 0.0011923204721129889 
5 5 5 | 0.12283298913987284 0.03541715942769068 -0.0020385059719270444 -0.03516058672354658 0.013335395317440492 0.0015146702708825556 0.01275639437668673 0.00933723619281396 -0.0004777893526438464 
6 6 6 | 0.11893074593244468 -0.02377073804116945 0.04406226721594953 0.009417267236166038 -0.005683852147146297 0.014853908330345573 0.0038895335534920136 -0.005746885412704144 0.00921346170566996 
7 7 7 | 0.1241749141501366 -0.012276315243287737 -0.04417399406993646 0.02214346200437002 -0.0009714818627615667 -0.010625418461361004 0.009225839493097646 -0.01276128867070206 -0.0005227060852020977 
8 8 8 | -0.09878646126443158 -0.1060180939985635 -0.029046373715709166 0.14494317043394297 0.045231760460034465 0.024332102418103047 -0.12314133998040597 -0.03427630394673238 0.0039294807099029576 
9 9 9 | -0.580382190350047 -0.04400868685493062 0.07137394725350492 -0.12034268013406828 0.03992161820772482 -0.11966256573376406 0.014259961704014596 -0.13303281855278887 -0.13248046700710922 
10 10 10 | 0.4126562094948507 0.01737753323595399 -0.009960586013579655 0.012646919763249009 0.008542646969356731 -0.0037696243631449283 -0.013983036036453464 -0.013184600078026538 -0.007691291334019754 
11 11 11 | 0.07539436181986425 0.045907017445714224 0.03577897701229704 0.022218456075960884 -0.012653584302814847 -0.003799043263344817 -0.007866815792459231 -0.019190916695671034 0.001220604363047498 
12 12 12 | 0.08011487880920165 0.009927428162496822 -0.059019517308988655 -0.019626150454644924 -0.002577167933410065 0.010655514284393694 -0.011013559782815974 -0.0025067957912612796 -0.019772980527469494 
13 13 13 | 0.1175895356695581 -0.045462100458313955 0.03502957492854639 -0.020721219084011835 -0.0003667128347712752 0.003408762404447554 -0.02591751615304561 -0.014722727626265836 -0.0056292364055452885 
