-4.302567990642111	0.499709289559136
-4.821716152669322	0.5234434404534993
-4.812096991525822	0.5213854880500746
-4.822001661642294	0.5226065108643768
-0.8998738940829822	0.3802956924484752
-0.8632446514997074	0.3824766219408334
-0.8627588735938575	0.38445778652915275
-0.8691053672654873	0.38495381134040096
-0.8621451796939397	0.3831980347578976
-0.8609090966053404	0.3830266813851095
-0.857189572700005	0.3811941765996284
-0.86487975470342	0.38624483343962657
-0.8604810295212769	0.38537684069705846
-0.8646574975918386	0.38641893004237426
-4.74928965746649	0.517359488912474
-4.739025934638053	0.5182774502889715
-0.862252516474909	0.38000921090207324
-0.8708364968960136	0.3835270256032034
-0.8738544264988599	0.3849435421134364
-0.8774511136061375	0.3864331768445054
-0.8714790503005125	0.38628789897511645
-0.8710483923457687	0.3861554536315937
