-4.73981471002494	0.5171058238379511
-4.739934475201305	0.5184999492247296
-0.8685573624708947	0.38288216837885936
-0.8750405981395465	0.38514796334400353
-0.87226126741271	0.38440189632186017
-0.8736666139128355	0.38528521716111
-0.8742274464161808	0.386933994215225
-0.874123297294407	0.38715481998297524
-4.731697962678038	0.5162805003566695
-4.737342809885122	0.5177604816725273
-0.8768832789065514	0.38494933636446754
-0.872211463754323	0.38337926579741
-0.8755092921982794	0.3859310794314742
-0.8779162882954542	0.3849317931854905
-0.8730976609753829	0.3867729802547843
-0.8721376072405259	0.38708811111686003
