-4.840413046820173	0.5202685572018625
-4.567340027774505	0.5114419864807479
-4.21219684954702	0.4922406756241729
-4.486501476113632	0.5089341983297795
-4.5634105063143355	0.5101534529855565
-4.514543546885062	0.509477359980587
-4.478881122780464	0.5084972906858711
-0.854513141377252	0.3788289838303003
-0.8607346509183935	0.3790162984661693
-0.8472108500285943	0.3813625766444059
-0.8509306388656744	0.38158270262015515
-0.851024450347249	0.3769481522277949
-0.8598768066014679	0.37862479329995197
-0.863252389631489	0.3793246433007434
-0.8449485304170619	0.382823619284958
-4.498417253198784	0.5051883318268172
-4.794580340994452	0.5221247210825143
-4.803838577275232	0.5224600644292186
-0.9015559685090299	0.38557368951671206
-0.8697897698066729	0.3759707095121917
-0.8652562653658981	0.3838193591115336
-0.8608137242446146	0.3812482383621446
-0.8690151576261701	0.3870174865299131
-0.8692629842264792	0.38703247278216846
-0.8675510224063804	0.3864573053946684
-0.8666434162138356	0.3865859310037381
