-4.546013520925252	0.5028027528155642
-3.412444769530625	0.4554487978876819
-6.280054732666851	0.45663948321176645
-5.9766639233898395	0.44805870544845566
-6.283522429989724	0.4563778454158781
-0.562264189345936	0.33287811299848846
-0.5600867835454644	0.3307278061853506
-0.5979734047187449	0.3395978849413806
-0.5601445048342101	0.3338739196851033
-0.5519592332146007	0.3280890873154626
-0.8728877075914082	0.38065750551620425
-0.8267389268991483	0.3718589414055932
-0.8476180324254513	0.3777096303934207
-5.023847034509432	0.5235290492856309
-3.478883898394602	0.4619541832522918
-6.985823924824899	0.40153446166044676
-6.328653359527723	0.46557862332294864
-0.5961724691498832	0.3429673361671907
-0.6024685168140731	0.3445098254341657
-0.8380815856867616	0.38142204205693336
-0.8144142952509109	0.37645400950975755
-0.7789177455593616	0.3691173221732924
