-4.823302249174508	0.5200830804671431
-4.51461869425562	0.5080602823381646
-4.2774511517975675	0.49543364120659034
-4.646467107013156	0.5133617141965499
-4.483329410563267	0.5065062464246999
-3.958546902550087	0.4859134054304409
-4.703489788250208	0.5177621765542024
-6.970942534564871	0.3980795277631526
-0.853870035286728	0.3755328851022384
-0.8267443652575673	0.37339772854564496
-0.853239907168021	0.3819142827352666
-0.8541959979672797	0.3824983598026287
-0.8622617925569327	0.3790825724635712
-0.8435549199327381	0.3786133649823799
-0.5546061677799095	0.3464500445033534
-0.8491369484391642	0.383654845098088
-4.836848421353599	0.5202923544027281
-4.5080996421505155	0.5088190826817706
-4.482748688889147	0.5070951668433181
-4.492306544539654	0.5095911452958723
-4.561668182702419	0.5097568927673126
-4.559743142521351	0.5102089954832245
-4.216804662612274	0.49187463306236695
-0.8551722784098609	0.3767983711108052
-0.8441452584678261	0.37398838942353324
-0.8639773101095526	0.37956839277235205
-0.859639468537127	0.37908871263578053
-0.8589938483082538	0.3791063468904051
-0.8541000573476811	0.38238960142217093
-0.8520761999508815	0.38188435197109977
-0.8456142342104822	0.3832994242209801
