number of atoms: 27
number of fields: 9
Multipoles
---
0 0 0 | -0.4249143029351492 0.044931904184756864 0.05119781496137487 0.05866944709352272 0.01256996362871088 -0.08304239847234772 -0.017363628207872222 -0.051156594689112364 -0.0453883531114801 
1 1 1 | -0.04597855534652773 -0.010490331426784832 -0.036355945397887834 -0.0037541477529698425 0.07214893493950458 0.030763683302774004 -0.1701317409698989 -0.09717661430584167 0.09582332168422569 
2 2 2 | -0.018902208108572793 -0.03047397949863389 -0.09099200697136746 -0.013720542506126587 0.04980131042423743 -0.03086126788875109 -0.1605225003875495 -0.07052660528337451 0.010093368595878081 
3 3 3 | 0.2604989824003061 -0.02870410936869539 0.06138273335366945 -0.03521520654502558 0.008074483847173197 -0.08302972713681332 -0.17411468674511382 -0.030084764642010996 -0.05513674405118817 
4 4 4 | -0.10464503230828459 0.06855782603566712 0.07978961175509204 0.06265738732054188 0.0716091482756577 0.041227276260970724 -0.06072050713009811 -0.09258646331922986 0.07851518761676789 
5 5 5 | -0.14415655752549572 -0.0009997560100335032 0.024023522102063027 -0.012432348882990673 0.047996087208979646 0.0187612235406427 -0.1561100462926803 -0.05617578348985743 0.08755291999079633 
6 6 6 | -0.2883962741843691 0.004574490932711349 -0.013599231912752672 0.010707733942780384 0.029841176823876464 0.02667763969615372 -0.17683559993338197 -0.026922387483008663 0.06232214752286308 
7 7 7 | -0.19701167632407657 -0.003021786350265453 0.03563109188938466 -0.010510572608426956 0.01098704413696573 -0.10524682522168456 -0.1771161252449782 -0.03643500045417193 -0.041329427766540805 
8 8 8 | -0.1226584259160779 -0.03112004628936971 -0.0037526637117931065 -0.025385166594707832 0.09022449968706792 -0.020682536227234774 -0.09623749117420763 -0.14087365722197553 0.039663592036382866 
9 9 9 | -0.42055344474268175 -0.023093314938881296 -0.06509930859840325 -0.013449831144121687 0.03600789103618744 -0.010978508357213717 0.008448198083909843 -0.06349172845773904 0.004392308942099201 
10 10 10 | 0.13736935764671876 -0.02317455456377921 -0.0467235082644948 -0.013496087443883968 1.537050826089708e-05 -0.009757421776845352 0.01840037386543437 -0.0011783969348177325 -0.012366855670715 
11 11 11 | 0.14416242229248222 0.04021995226674393 -0.025658044113205835 -0.014950046013296312 0.007679160603519939 0.01125631253181199 0.008528913203031513 -0.0070293327313028005 -0.002391075345587464 
12 12 12 | 0.14139589576780076 -0.013042379664995865 0.033294403184630623 -0.03247730260978125 -0.0018970179716342214 0.010281225523268477 -0.008121679977446622 0.008726068932080833 0.011510966119719543 
13 13 13 | 0.14904810188200723 -0.03965160745845044 0.02170998656356744 -0.04313861960486074 -0.005405887030092302 0.012522273622021601 0.01878233612119171 0.011621025092725076 0.006797752008201905 
14 14 14 | 0.35643712121547333 0.005500607524493888 0.03752353287830013 3.1106381140275628e-06 -0.0012693604651841377 -0.0016703565745693223 0.02697182596679248 -0.0005044137992890969 -0.005705635773469478 
15 15 15 | 0.15310464467217477 0.022495878819512725 0.04130752759773269 0.016546101243552387 0.0013182679833270085 -0.0064839750875050695 0.017130622921748825 -0.005333141809278868 -0.008298733471155187 
16 16 16 | 0.1402191916502077 0.01722614568528557 -0.044169978657226314 0.02474149546016503 -0.0006599213829639223 0.011741274448754545 0.015662002295100858 0.0022346463218036014 0.00980108540591854 
17 17 17 | 0.13419723405385742 0.03851244106998484 0.0019165465257805182 0.039914539696987106 -0.011412843242725958 0.002195255127452336 0.005426247660311548 0.01878755026473343 -0.004565784121234369 
18 18 18 | 0.14441802341717258 -0.03241737671228844 -0.01674302081609423 0.03327734282886553 -0.004636148440927492 -0.0030574359206328333 0.00990710154706213 -0.005259731118775348 0.012443560299423185 
19 19 19 | -0.36675935282677763 0.06377925362740847 -0.06187221236518923 -0.01426356228640311 -0.057527193861686386 0.06618997685328148 0.008923690897509929 -0.050792933920541995 -0.011629056470206824 
20 20 20 | -0.39412431237572587 -0.0835858808802462 0.05127519887933553 0.020342904993029712 -0.04165114740138048 0.10629253674085379 0.035190106760769974 -0.03841960467201614 -0.03694670475844559 
21 21 21 | 0.12062842217363179 -0.024223485114384255 -0.03137397066490868 0.028815249408088144 -0.009650426993287189 -0.016409082774012398 0.003426397434923511 0.006899062982111974 0.00541340148629974 
22 22 22 | 0.14471703088336396 0.027047686244958912 0.032904416973664787 0.029285773166671494 0.007351348112399994 -0.011843456334633563 -0.0032735000830458522 -0.001294943301693795 0.0022470849845190434 
23 23 23 | 0.11819768890156102 -0.010632148972261779 0.0077859860135826445 -0.04799134149523439 0.0019440310081484467 -0.006217761680174589 -0.014728021946640541 0.00361761152593165 0.011991091034533887 
24 24 24 | 0.12853131710651933 0.006026786088753763 -0.00952433283202725 0.0479789933201122 0.003234425894140019 -0.001115145194956303 -0.01236930110529087 0.0032289358722343967 0.014043794362014498 
25 25 25 | 0.12611436446822466 0.021511005489476737 0.04487493381668986 -0.014649555021795388 -0.011087420272080466 -0.011609733475240452 0.010859717795031148 0.007931132760123248 0.0032923660656296585 
26 26 26 | 0.1268876365248791 -0.02476771612839531 -0.03017931604724331 -0.03014893447438084 0.012102603516835748 -0.010160505013472959 -0.0017391373732861366 -9.995844096349972e-05 -0.008316414082718854 
