-4.741460925031521	0.5167407433839398
-4.742469755024755	0.5184911812571142
-0.8751036950020147	0.3853085144797611
-0.8663525451500639	0.3803312161482075
-0.87308961462911	0.3850337986025856
-0.8727789928278559	0.3851016363333172
-0.870774722966778	0.3861792052839499
-0.8752716936109483	0.3874127977247331
-4.301362942037119	0.49761914374324234
-4.8155336189519975	0.5221414270484609
-4.825580712217119	0.5221918245680728
-4.818470671364161	0.521908948923069
-0.9010299008833649	0.3787883228590971
-0.8657697290249226	0.38396059178064534
-0.8634976071816982	0.38499820528515083
-0.8584358236453903	0.38337499998778646
-0.8579393222534193	0.3817822810511295
-0.8634280967714179	0.38437051534927075
-0.8626422150737806	0.38342965959882463
-0.86841813198583	0.38510552762238864
-0.8601732862386328	0.38381371098590533
-0.8641488389284333	0.38606282413137716
