number of atoms: 27
number of fields: 9
Multipoles
---
0 0 0 | -0.47365321026445706 0.052909620205531104 0.03893547289853184 0.01926268158669731 -0.09149512315274175 -0.047742624286220364 -0.03908466740209499 -0.048077940982937654 0.013435182599156137 
1 1 1 | -0.1288279416192717 -0.04056514810847343 0.021038975362567304 0.007634855752080196 -0.0774286875805388 -0.12852569057944485 -0.008405304081991465 -0.16783600738682342 0.09565473044083286 
2 2 2 | -0.1678668953275846 -0.03424949302639839 -0.00927659682044949 0.007662329971977615 -0.0336852937366167 0.067958601943333 -0.08547958871905605 -0.13952218737573796 0.13795436158569382 
3 3 3 | -0.19909003814916826 0.0123057255371428 0.01796732560170907 0.006133303988318737 -0.16673413403035514 -0.00894916621788512 -0.08411348708194825 -0.09360098490769157 0.08231150952878208 
4 4 4 | 0.14815902856068508 -0.034147510831575696 -0.013663683971885575 0.002749262401950679 -0.05829845427732152 0.026577151453134194 -0.10218147311882388 -0.1675167152804758 0.1629333188581275 
5 5 5 | -0.12887080206881318 -0.00395995638620414 -0.030607303691007972 0.016352119531398247 -0.1760460764809963 -0.018745955277488163 -0.09518652174207548 -0.074784947086023 0.06892875820169019 
6 6 6 | -0.20900652088122929 0.015351833347841516 -0.003718538090288876 0.005560238839644346 -0.022494721307879332 -0.085087087418373 -0.022105846591482473 -0.15327516018470247 0.11949973981994624 
7 7 7 | 0.16642711024222046 0.04669634363338021 -0.032069830589715076 0.02235360017020609 0.004508171393741469 0.0003488611512226986 0.002479100653830033 0.011505859610944896 -0.008302649962324127 
8 8 8 | 0.1291604427131906 0.04687453779068354 0.025639505152774546 0.00040906190790912956 -0.0047277531276646 -0.009556683795459507 0.005767818751055169 0.010838875091674506 -0.01370911384814467 
9 9 9 | 0.1401259310890235 0.0024113896201280877 -0.04895279413268304 0.016507252444092024 0.017618544113229075 -0.0065319854528790465 0.011514755212304802 0.00039638358374993765 -0.0026754308786418033 
10 10 10 | 0.13389124104484873 0.004820279901653412 0.05034328709494258 -0.021669104855145577 0.017468150219897255 0.0009636054029100643 0.008531733368986091 0.0012010356419938615 -0.0025169917558065624 
11 11 11 | 0.144913341396256 0.014296934537045718 -0.03775830344171719 0.02166699272959308 0.012382473392885588 0.006549097307336154 -0.0007372940884495052 -0.008507041660311646 0.01078225440583538 
12 12 12 | 0.14756627014945267 0.004071282041224955 -0.0024160275955844353 -0.04876689957968284 0.0035846857456435545 0.003516630703929119 -0.014253037363407842 0.00771387609617936 -0.0058756085274835265 
13 13 13 | 0.14304224566849488 -0.04163944763628009 0.02343097694075853 -0.018850896496560035 -0.00011985014066827256 0.01675783400759631 -0.0028089516353314793 0.013526221025196883 -0.0071382096377777485 
14 14 14 | 0.15152936164569308 -0.033188513524754916 0.02535440025539709 0.023367112797550618 -0.004636038288769463 0.013801157554529866 0.0043669231642626885 0.0043266844438038295 0.00045884520889204384 
15 15 15 | -0.4978377388341251 0.03433753920957962 0.050686326409813014 -0.0005545331753606512 -0.00727660536268813 -0.0462544586052545 0.03380534921198428 -0.014651642707869865 0.08811866573006655 
16 16 16 | 0.20353019670320371 -0.016000842403510372 -0.08878096592826391 0.0033963933573660622 0.023656522481660912 -0.10212213964848345 0.06679221580884313 -0.05941121069244324 0.002728034985459545 
17 17 17 | 0.30586329627234843 -0.06194677218903759 0.03900297482127893 0.09061999094190132 0.022745278902616337 -0.05778762164264392 0.1628501643421829 -0.028134406146464012 0.01003000658174738 
18 18 18 | -0.23298191428339532 0.08941423271497409 0.1095176950435283 -0.03327555214332659 -0.04674298922966505 0.049993388675195455 0.11385556588173827 0.0672821949868168 -0.050766945458136016 
19 19 19 | -0.5393120450538715 0.05886912632949077 -0.0659881039271551 -0.05750220084626526 0.03315707387030952 0.05046203831756494 0.3262879491392758 0.0599937341963691 -0.17042651067909592 
20 20 20 | -0.3647566835579257 -0.03637265544045155 -0.08021362959540325 0.025010596960412135 -0.0022569179188398777 -0.024660260753831903 0.05718670909804991 -0.022578827210686936 -0.01041413507074109 
21 21 21 | 0.12593234201336878 -0.0024725499713035694 0.07446175307463324 0.022124040911900764 -0.0031815243903829953 0.0008461459926458694 -0.03389393808289616 0.0026241086436787674 0.008807703770074655 
22 22 22 | 0.3564900514439253 0.026572604647350933 0.013496578309654972 -0.02320429442261386 -0.010283273142135209 0.0007277685989761059 -0.010314247828513052 0.015255364510735447 0.010926965590823718 
23 23 23 | 0.16647089979494334 0.012323044988943115 -0.05396052269270284 -0.023661767995548148 -0.005953522889783099 0.015975433759437916 -0.016858580319665303 0.016277510776412145 -0.0044718562675251615 
24 24 24 | 0.14828107918133981 -0.0037047017484990647 -0.023906098067920562 -0.04087240143657095 0.0073303425025070985 0.003585479092520926 -0.006110022403648551 -0.0037793337200576955 -0.012250431131179552 
25 25 25 | 0.16983476071837755 -0.03863157835748791 0.025570085372265808 0.01234358063370108 -0.010433063765881469 0.006874894136774593 0.005347410147836796 0.006602448233628935 -0.004674922108316322 
26 26 26 | 0.15910123406526255 0.027282133327760198 -0.013687241579623963 0.036716254261373475 0.006546865914831593 0.010016559839660256 -0.0033398552373070114 0.004585011900452795 0.008796828133979173 
