-4.5776248732295715	0.5092903477148726
-4.783803148150423	0.5210959684102687
-4.320798533092282	0.4961796255243703
-4.4784872185552285	0.505577527600202
-4.505084965527426	0.5082562439995629
-4.699930227090023	0.5160694994238725
-4.647475594891643	0.5126544808798511
-3.942806620458093	0.48304704992190645
-6.977625328359978	0.39845994988197536
-0.8818773296288593	0.3831642087054428
-0.8762810035761707	0.38093603863268466
-0.857600254350894	0.3822606218413665
-0.8663751969374474	0.37945243499723547
-0.8567685630138865	0.37831706486039646
-0.8500821574648646	0.380112492805412
-0.8308255320121639	0.37428613402191196
-0.5540186259718253	0.34728271826516194
-0.8583569872062587	0.3840631536306794
-0.8674285613340678	0.3861000051096424
-4.744653302348453	0.5167061820697308
-4.740619414857055	0.5183566022247061
-0.8774235106706202	0.38535335468631593
-0.8530063160241662	0.37843361704494366
-0.878866957605994	0.38634328815508323
-0.8714188483075723	0.3844963135845291
-0.87987991694611	0.3871634689768316
-0.8720994941620708	0.3865701076348814
