-4.489610632440572	0.504398880844248
-4.796009651681832	0.5216449189203242
-4.789833713099793	0.5211592246221787
-0.8926838752518745	0.3814914894458335
-0.894972405416082	0.3842091472096979
-0.8652803958810816	0.38443580222876067
-0.8627664218583043	0.383568188311281
-0.8714884444537352	0.3872799874442193
-0.8681043785321958	0.3860336944307522
-0.8731893934009557	0.3879853202854514
-0.8683804693956236	0.38672083192345647
-4.7403649548319	0.5171220194126444
-4.738791491852544	0.5178164000007902
-0.8742680633531115	0.3854606711828164
-0.8711693822369571	0.3842200848708413
-0.872793962940026	0.38425596765771003
-0.8728766115793097	0.3850298647576367
-0.872690150766388	0.3865731594642209
-0.8754408250625417	0.38710302478393704
