number of atoms: 27
number of fields: 9
Multipoles
---
0 0 0 | -0.4166645699527347 -0.008474850859479313 -0.07694258422901828 -0.04849535181464217 0.05774795295321642 -0.01051684733865064 0.005417467625466222 -0.056561771987749525 -0.07678700682883205 
1 1 1 | -0.04636420214567405 -0.010496237003805592 0.025531262836278688 0.01960038555021565 -0.06242884943528928 -0.03852377301980125 0.2096584003461857 -0.06186835714046153 -0.0704173672177589 
2 2 2 | -0.010380922496840306 -0.03239284871555266 0.08008157509014976 0.04883110839779369 -0.006865541144429312 -0.049921082563402844 0.1273875163632389 -0.08944725171831833 -0.10000026534611695 
3 3 3 | 0.2590628795760104 0.0582355211204698 -0.00044663426217605317 -0.05219623555139713 0.03110431435809026 -0.09877173158221318 0.05613335924560121 -0.1433307887575827 -0.0811391533450176 
4 4 4 | -0.09369704654562838 -0.01621853152517239 -0.11163454972849395 -0.040434628400428885 -0.06132590835844006 0.044936518631761214 0.1403854856456055 0.015877245040835153 -0.039478431821348636 
5 5 5 | -0.19587055160150335 0.02365402715636779 -0.012444907621633325 -0.028624460082896392 0.03490129208540672 -0.08446051301844555 0.06304484954982745 -0.1644138020248476 -0.09180376390626634 
6 6 6 | -0.11721319203446612 0.02122960405383531 0.031185090809182945 -0.004792212605277981 -0.015466846381649304 0.02652930708017331 0.1558360261907225 -0.04872635609499634 -0.12036547499573565 
7 7 7 | -0.14746654917859292 0.020263353380468047 -0.009933588525354357 -0.010544817624464443 -0.07502932369885876 -0.05253689681929975 0.17177511257220254 -0.07815143277316139 -0.01620602275398806 
8 8 8 | -0.285340041856907 -0.01624614593004644 0.0029299736022768198 0.005707692624126854 -0.06556760628792856 -0.09509653108167852 0.14428816919555898 -0.06802107798741243 -0.02594834102990361 
9 9 9 | -0.43791470425049894 -0.02069619870562162 0.060358880489960576 0.03499408860202879 0.02972488193089544 0.03393300523446833 0.035719674454279204 0.035533194692413436 -0.06286253089072273 
10 10 10 | 0.13944425323810972 -0.04355953477507414 0.0041870023373116435 0.03100814495286204 -0.008147326499132948 0.009148851732415222 -0.002957872602487887 0.015090561381135952 0.009734145418211671 
11 11 11 | 0.13366863848926236 -0.03554668098085262 -0.041933690571163515 0.006102103041803384 0.0005247584995839524 -0.008706909868282257 -0.015912974499624703 0.0023926817379812215 0.013901034412511306 
12 12 12 | 0.13832280173148692 -0.007722864835505983 0.04391639098762541 0.029439272471812022 0.011234613666659952 0.011918731451806054 -0.012958995153456002 -0.007746816162715923 -0.0006415355192822325 
13 13 13 | 0.15356002010462932 0.003817272647307433 -0.04599257266320948 -0.01964496250602723 0.00847045944688399 0.013936118306929894 -0.01093925665127902 0.0030999453057900285 -0.004249422153560846 
14 14 14 | 0.1380716240672596 0.02051886414349828 -0.021695870832019456 0.04124944222503598 0.0005551912312185177 -0.0016727845715918412 -0.007848549735544143 0.01572732074319573 -0.006958862756683189 
15 15 15 | 0.141051466599738 -0.048757823847169014 0.007464586580741944 0.0013892110894077254 -0.008882900168517201 0.01550532145782472 0.006729628786334123 0.003567068564657891 0.0007505729348244967 
16 16 16 | 0.14580298756779975 0.046481132015522626 0.031538859464341505 -0.024820632822315187 -0.008879444193856868 0.0065265343177361036 -0.010490448903089873 0.017450517776876125 0.01726946434209531 
17 17 17 | 0.35836493375293643 0.02198127564223239 -0.027604327521740527 -0.010887000679883421 0.00885869694509566 0.014946719388634535 -0.013965417593766299 0.014841388850835469 -0.0004195245849506809 
18 18 18 | 0.1459616903951685 0.02848562045277202 0.02798361443930707 -0.028043408603376882 -0.005990687920308797 -0.0065305137323650704 0.004568011474115364 0.00590551250076383 0.012375626541928747 
19 19 19 | -0.38660201948174233 0.0373213855817137 0.09580461591569046 -0.001315704439061735 0.04407230992469936 -0.07277620274977632 0.002475685867917718 -0.08714814668378396 0.02873131114348867 
20 20 20 | -0.39054726980667986 -0.037581386944803626 -0.09465463483921023 0.008889795723516012 0.04407263315046544 -0.08527499368848726 -0.005539856580975112 -0.0835590171914471 0.0038131541595482397 
21 21 21 | 0.12044384004450948 -0.0437573907868432 0.014447459024672846 0.017378692574873397 -0.013999778927931868 -0.0032092814919548215 0.005685930454631352 0.012101512306847051 0.0022264478101750385 
22 22 22 | 0.14574962390552693 0.004746024250696971 -0.011411146039498598 -0.05192719124152105 -0.0006577683291541335 0.0038887098610970792 -0.0016340446654654545 0.004631713839011797 -0.00556273558218962 
23 23 23 | 0.12300971672143979 0.03551176902525419 -0.015407488670631362 0.030482298486627504 0.0027392091403621037 0.01526344726390242 -0.002766565486537759 0.006176816748170626 0.009405578893070678 
24 24 24 | 0.12323642851787353 -0.03589885770223686 0.012731564460601502 -0.03134328386325067 0.003656958764585433 0.014059070481965617 -0.0045546703150924185 0.006223188823538924 0.00942320963374249 
25 25 25 | 0.13009523091067243 -0.009919816464502108 0.005715773133181723 0.049683648203920946 0.002809350795355931 0.004297990742492138 -0.0036975301361980187 0.007613400165368996 -0.01594335992053388 
26 26 26 | 0.12953930671224867 0.04346713246415441 -0.020695842895084478 -0.01910931428539889 -0.015323183788252088 -0.006011411863316694 0.004894512345695286 0.008339963942772206 0.003296121608210907 
