number of atoms: 27
number of fields: 9
Multipoles
---
0 0 0 | -0.1194905733801459 -0.032205693998040005 0.042678379404216524 0.06984889482521175 -0.06064524331157015 -0.029080125151757185 0.0033218633702206788 0.031072022262453487 -0.08105924774674117 
1 1 1 | -0.4455729781197988 0.07762902042182848 0.008740267251019581 -0.007122286557107075 -0.07685540293667936 0.025765216949722176 0.07795701323623506 0.00844101124794101 -0.010566385429269812 
2 2 2 | -0.44170064500556006 -0.05879460139184497 -0.03760685746155532 -0.03704702033712915 0.046606663416080676 -0.04994392346338065 -0.07159438808244113 0.035500873275724834 -0.07396914355868142 
3 3 3 | 0.10510201475044767 0.015080653334666915 -0.05092331286453882 0.008090155561974607 0.017288568524921864 0.010605766376151515 0.005384052272215255 -0.011579127217248844 3.443632110505084e-05 
4 4 4 | 0.09144397134863469 0.006544827221433248 0.03040471981760415 -0.0411124145413768 0.01644592527208697 0.0012020471122149933 0.0067130330331431325 0.008939155005425964 0.014579369549455096 
5 5 5 | 0.13738087884457428 -0.00038517227276910665 0.045591192218509866 0.010083776395529556 0.013202772402405985 0.009342004272888794 0.0004057946926675679 -0.008556634235496189 -0.0082446336110255 
6 6 6 | 0.13397553251162952 -0.00678478067881717 -0.03025796776541839 0.03558612069202044 0.008163701186929823 0.007650491331827508 0.003939944670445615 0.011671190209047428 0.010100506070696479 
7 7 7 | 0.1363874341609932 0.04054323163462084 -0.006561235033173154 -0.02696067996179412 -0.009432189630464405 -0.002330616799197429 0.004447346310249396 -0.0018901705783391867 0.007836003697797396 
8 8 8 | 0.1315140890777574 -0.023524288911523947 0.040114655454204694 -0.0022594912371316236 0.006817159057373233 0.009658659364412361 0.011039071941523258 -0.011553456662332463 -0.0035988523545878825 
9 9 9 | 0.13730886220934735 -0.014667454364770877 -0.015041037978817411 -0.04455259414810434 0.0013688466892414354 -0.006210774512748437 -0.014978145969622693 0.002529274966836444 -0.0025406277399896236 
10 10 10 | 0.13585467805371354 0.007692353609571653 -0.032005145160198256 0.03615000902901446 0.012722984738244915 -0.006863381762967809 0.00781947625042834 0.005811659483390339 0.008745800938049874 
11 11 11 | -0.4648093443632382 -0.03505068459382664 -0.05259887767447223 -0.03377214024862635 -0.01151108436918332 -0.06113635404192328 -0.006501407946366391 -0.07322477410354651 -0.030561016071800673 
12 12 12 | -0.141408093465186 -0.007951139704647526 -0.02309060546763735 -0.011103445365186279 -0.13959617544371328 -0.05037405058414944 -0.06811159803219231 -0.12664427385997706 -0.08524211279655276 
13 13 13 | 0.07488567312850147 0.017919509709367915 0.039293572712435706 0.008600483859412589 -0.16461396703764825 0.06948407786453417 -0.03799826843626259 -0.15256175464884217 -0.08205248432075775 
14 14 14 | -0.3065525598856631 -0.003749629731631804 0.02551978445827971 0.00400297961482694 -0.043094159825607756 0.056699266876222516 -0.006897790957954712 -0.14798764400472364 -0.08586405438088782 
15 15 15 | -0.12289589585073024 -0.0143211639645803 -0.01934720326541819 -0.012473745605672003 -0.03591413615682054 0.04227482746220974 -0.031012395368586358 -0.16588795392216252 -0.10909181051087151 
16 16 16 | 0.41572899304342936 -0.07703252075473618 -0.10281683874842958 -0.034848166384390665 -0.10450671942079744 0.17411256286963525 0.01775644461431124 -0.09970713726550559 -0.02882567214475264 
17 17 17 | -0.3571806017621366 0.04491905085736622 0.030176450550916396 0.012339697304009191 -0.09221645137980553 -0.09196810871159472 -0.07207714450565206 -0.1628859439441173 -0.10963582743051181 
18 18 18 | -0.5954068712059435 -0.047278354497192206 0.1030054021936371 0.019263669285812014 -0.013842543291081475 -0.09999655957165597 -0.013819620217786741 0.09831687893346017 0.03202182522274743 
19 19 19 | 0.13785987363849517 -0.03054127611912191 0.042965274668109475 0.0074354071600072486 0.008984943531365103 0.014748034969619545 0.006683724386042822 0.002661442931728699 0.004024803379596103 
20 20 20 | 0.1735541374415741 -0.05009923303725062 -0.004224425118476415 -0.005358371135103375 -0.006108028783900562 -0.003326523642262277 -0.0003889390752773694 0.015219392711782496 0.008041078350373968 
21 21 21 | 0.14491473624603757 0.02448076938672732 -0.02370750640460322 0.0349014953312802 -0.011038192164635524 0.0021424714644476665 -0.010180087355001958 0.009276851472551605 0.00028758968180600124 
22 22 22 | 0.14513956745972245 -0.0377929574742536 0.020273153262167713 0.01864591986584865 -0.0012995772840249569 0.015909492806126482 0.005574897839085756 -0.0013102787418459937 -0.001575095998407684 
23 23 23 | 0.13599193222861128 0.052876871388474085 0.0025030444314114546 0.0062949114792168834 -0.009297956653452923 -0.00352358920968428 -0.0009974950917678578 0.019161987069023115 0.009208591970836738 
24 24 24 | 0.15329468535173962 0.03894239241877604 -0.028882283731820235 -0.00612573745276298 0.017109437792832433 0.006391500276187403 0.004784072732991348 -0.001902414733415953 0.0014099177794126977 
25 25 25 | 0.4499898102552943 0.012565205574178109 -0.017745188209482708 -0.0021910681526673016 0.0020817808308209672 0.009635041552637792 0.004576917205619624 0.010310254911008053 0.006118848035847256 
26 26 26 | 0.15198737885546953 0.020483404665414283 0.01694043110639377 -0.04057996323882994 -0.004235020003495459 -0.00229127985066711 0.006731815603488853 0.0005290333615832749 0.013793463822322771 
