number of atoms: 27
number of fields: 9
Multipoles
---
0 0 0 | -0.21786151685781974 -0.0721210253038095 -0.019733002112359635 0.041549110563013615 -0.045430979665269725 0.03651955278970766 -0.010332335429433948 0.05822179100762947 0.05990391148139767 
1 1 1 | -0.428623846582731 0.07859443439307758 -0.02202250662041528 0.02437851086395717 -0.088099332614413 -0.005612533281255295 0.017209307307497312 -0.013765765848148087 -0.01648117446652795 
2 2 2 | 0.04081522634265955 -0.031753493574512 0.003955639472790093 -0.014831257594137868 0.24479393924240553 0.06071848640198967 -0.06612520562127519 -0.047604492515973575 -0.06941014458050537 
3 3 3 | -0.1214315035691973 0.001970662312288259 -0.01890557915095639 0.025722400195089968 0.17576981461906618 0.047488524552174755 -0.07762033395938767 0.06481776654384164 -0.027754948032474587 
4 4 4 | -0.15048118744495742 -0.00317635130796486 -0.006526004507318087 0.024991376788547393 0.1793170205105947 0.058893304181001305 -0.07156325165579065 -0.03686417442247684 0.050873416444084614 
5 5 5 | -0.3448876787187247 -0.01316340726548599 0.04803348582797429 -0.03235825577318153 0.1896446338452482 0.09033111427343458 -0.11190051161506652 -0.0030754763367294114 0.08303091596874282 
6 6 6 | -0.28948539768355186 -0.005105592160336965 0.0003827162758033363 -0.023037353685750037 0.15595839904406147 0.02889955721248546 -0.07964015403917075 0.05013613003893595 -0.05581632297164442 
7 7 7 | 0.40960716043383716 0.03882814443042654 -0.08110111307082839 0.10272070689136147 0.1396365851664629 0.002399743375295188 -0.01832178921166808 -0.036992191371931396 -0.17433768081141424 
8 8 8 | -0.5987553231144052 -0.019575707467118883 -0.04355777919943885 -0.1050193322894223 -0.08839535305569614 0.007512376357289893 0.04621903696541052 -0.06910775083258341 0.08538697266570328 
9 9 9 | 0.118122670371136 0.009264213234388438 -0.03392697563028459 -0.0346366939810282 0.012186554879501077 0.00014295433812227333 0.014888808741856035 0.0016597640132734969 -0.015757261776250146 
10 10 10 | 0.12371899642383255 0.018977406549024967 0.046245152941316474 0.004143418924154006 0.01742655694327067 -0.008410745350750783 0.006422956684163913 -0.011770905882297648 -0.004038011821688551 
11 11 11 | 0.14239974564910518 -0.004392724660587897 0.027674609086728766 0.039374285372551214 0.010788500203422209 0.004480851372383109 0.010591066221368302 0.0020216045964220287 -0.007717488305410928 
12 12 12 | 0.13362480306255342 -0.009422015157497353 0.052821983179968564 -0.0031585883692410925 -0.010196889955224341 -0.0005074471221816247 0.012295441890552162 -0.015426664228387827 0.005514844912199192 
13 13 13 | 0.14323143698611285 -0.007082914760235385 -0.03143080965047697 -0.04255204925407349 -0.007955148502785054 -0.00991513003016314 0.006715605726306544 0.009836781404683482 -0.011090065925598294 
14 14 14 | 0.14991784253513452 0.0021136152910810157 0.037899558320038385 0.03079049354129462 -0.006626849670903271 -0.006243085534064317 0.0005530845359770574 0.015878173051400206 -0.006313803895865362 
15 15 15 | 0.16917446798783753 0.010733263820514984 -0.04979993246932072 0.0019015523987559839 -0.009749222026782498 -0.0003379329893597192 0.007542164859701829 -0.013880302134558166 0.00421913357419252 
16 16 16 | 0.4459813740281785 0.0030703274212176886 0.011247025114069603 0.018962114909174276 -0.01025437156021852 -0.0055873783527293835 0.007893093793666015 -0.0029882128106435766 -0.00957326098333491 
17 17 17 | 0.14164301279374092 -0.012214471723814582 -0.046970831559933326 0.0006018823012386798 0.008021950198781729 -0.01510989720116667 0.0022887755294495843 -0.005404020772700822 0.0003561603279448473 
18 18 18 | 0.13257143866593646 0.005772108055678475 0.020350588393823782 -0.04497271520497697 0.011288134292978797 0.004495389647461233 -0.011027907712677337 0.004568415589910704 0.008309521346556298 
19 19 19 | -0.3851169289404437 0.0117391910904351 0.09514906929147242 0.03208815109621234 0.059440966812904346 0.022919650040246712 -0.0036752327494589815 -0.06753224430047655 -0.0901396947082783 
20 20 20 | -0.3839794402402248 0.0036458407958615793 -0.09122990521791158 -0.04358730264514472 0.05280181994451665 -0.01949386420315436 -0.0181305171870498 -0.08145639902654662 -0.06760062480810272 
21 21 21 | 0.12257648932938003 0.04817990476343954 -0.005712753329773274 -0.008790008201955584 -0.0077911459843270974 0.01285950460960743 0.008821059414187395 0.006245941036481615 0.0029291878263110562 
22 22 22 | 0.14699368397583346 -0.020189385483284333 -0.021655792351449064 0.044029788504147606 -0.0017087697678142214 0.002072951682444982 0.0007892148659355664 -0.001107572786082903 0.009177405114759698 
23 23 23 | 0.12113304239400713 -0.03214942629077743 0.012811965795514527 -0.035198797365239586 -0.0055960288869205425 -0.0018876025777532078 -0.008317617024932927 0.015187311800432464 -0.0015576676387934242 
24 24 24 | 0.1285811516924299 0.03189418295722602 -0.015722896623626876 0.03552440874191861 -0.005661699368457994 -0.005945841736733864 -0.009750518976378417 0.014096223789496098 -0.0013120175493116068 
25 25 25 | 0.12012008305388822 -0.04732715866169116 -0.005981349707366772 0.013580710871563118 -0.01244627794627975 0.013100133830340364 0.006318336334370555 0.004948250459840433 0.00022628295779971894 
26 26 26 | 0.127900505837929 0.016571387192684275 0.021691898353226973 -0.04251760136232894 -0.0016578093038453641 -0.004416255419367925 0.0012517973883136068 -0.0019489433591042334 0.017372820244707585 
