-4.866377746098645	0.5216681002112172
-4.1399238116222765	0.49928432265462586
-4.603735854401489	0.5199334617020166
-4.0452519953533885	0.4867622123460891
-5.7290961050405445	0.44158987986711823
-5.913642761590436	0.46218826592894185
-0.6366594906806822	0.35897283183653883
-0.8888239308597731	0.3847393516642768
-0.838419288758841	0.3792935440100717
-0.8415156526524389	0.3805723788959447
-0.8394092474645353	0.38031186449856724
-0.8501723571875426	0.3835165392802576
-4.86169642496734	0.5179650457935936
-4.057616832862451	0.4846961293639954
-4.147582687402922	0.4969721251629227
-4.564159370868247	0.513310294188879
-5.890344345501671	0.45466103431214333
-5.738230610680194	0.44294767068322294
-0.8679302844991036	0.3805897209889762
-0.8457365258037587	0.3793106989436927
-0.8260336329614282	0.3760503358947021
-0.633418099488566	0.3465425748052373
-0.8283839972101926	0.37659054414811266
-0.8427358690075516	0.3828795694324362
