-4.83322661056401	0.5206151101187948
-4.548655606059987	0.5083052472038959
-4.224406373650273	0.49335446625668267
-4.4850974840282545	0.5079068415442857
-4.513345052681912	0.5108395382439344
-4.554291431864989	0.5114429440048817
-4.491792779655047	0.5111685735550056
-0.8584098450009885	0.37802331670238726
-0.8607796366653497	0.37817872166552174
-0.8524243854377355	0.38282294802331435
-0.849494693486805	0.38133855609628003
-0.8585757350979891	0.37869814154821374
-0.8563540645467084	0.37889875907737375
-0.8555525942260939	0.37807089665915083
-0.8454254848312952	0.3830255718975268
-4.496643724528684	0.5067679121189151
-4.796463706509234	0.5221684872703917
-4.8003399234570505	0.5214033582174558
-0.9033985519562246	0.38679108613449975
-0.8931915899193329	0.3829243583169538
-0.8648859087314933	0.38464735599140826
-0.8469659272990914	0.3794917568033222
-0.8663677342917672	0.3842524892872537
-0.8613213105356367	0.38530872605404093
-0.8700547194199204	0.3873209472380511
-0.8697358517217654	0.38681563833389376
