-4.779344301058776	0.5164528423289868
-4.108404495500104	0.4858798663808951
-4.410715646862581	0.4979685645428848
-4.373176056823326	0.49908274209850706
-4.442745099438864	0.5109725186812663
-4.63289531057638	0.5134607605328886
-4.4744018637172704	0.5086005900486651
-4.50990325331322	0.5089898549674146
-4.542863916146975	0.5129287538676635
-5.807327787553397	0.44632366722005057
-0.6424089286538178	0.3512627184052238
-0.8492492976440865	0.37805684337902856
-0.8492334335982671	0.3794976503667663
-0.8651369671005117	0.38012433177519755
-0.8611395650083055	0.37891076756445463
-0.8593623149820249	0.3806500844668594
-0.8561438316910821	0.382478258657537
-0.8586084384572958	0.37919214511015076
-0.8602975996716471	0.38599430429244863
-4.737480571677858	0.5161375653583652
-4.743251778137871	0.5189770021812762
-0.8627882943826053	0.38027544049381334
-0.8634584107009056	0.38188786003761055
-0.882547301167795	0.3871236283312359
-0.872297576463021	0.3849871591166559
-0.8784834623460751	0.3881742266905708
-0.8740673468306571	0.3870067210520605
