-4.742505742793782	0.5171628165623364
-4.7342010270338335	0.5169959755980487
-0.869283107421251	0.3827431146779797
-0.8745989287516139	0.38520670761478365
-0.874377174491217	0.3854593054088881
-0.8761184695014863	0.38575150853590406
-0.8753941475945776	0.38503779482841805
-0.8728865837450941	0.3868464647544216
-4.4940092749848075	0.505089984898922
-4.786442112271883	0.5205758857833525
-4.790102058518668	0.5211959704867405
-0.8883612274415768	0.3815380769575123
-0.8989224801165533	0.38505715570444193
-0.8692424551089296	0.3853802634582701
-0.8696246225972837	0.38561798004809156
-0.8690838140413432	0.3855580150699663
-0.8716113879452966	0.3856769220511174
-0.8677283435381714	0.38652779981146007
-0.8661117039780559	0.38663641618395495
