-4.4882460152892785	0.5026972811938983
-4.788070848003332	0.5208800393014513
-4.782552271785023	0.5202972017619374
-0.892962676964876	0.3844468224440026
-0.8832285655583311	0.3800833889368858
-0.8754089740474651	0.3865120796507411
-0.8718612850109183	0.38555730969220897
-0.8836658794008886	0.3892224940685538
-0.8712973525628176	0.38637116383460923
-0.8686506762911597	0.3869843804870722
-0.8731958862980649	0.38767014819887485
-4.861095539643066	0.5205516715376247
-4.1308060984062	0.4961169600345968
-4.051297222765171	0.4859884821692951
-4.580637322696576	0.516684815846927
-5.8963680362874	0.45928747096455663
-5.738731418946012	0.44318100499396806
-0.8802876074141351	0.3832764557133341
-0.646233279376814	0.35062103048009885
-0.8364492675819531	0.3796421441553571
-0.8336325773082955	0.3786967502171866
-0.8507776955509796	0.3814408546613466
-0.8358147317267092	0.38087189658066234
