number of atoms: 27
number of fields: 9
Multipoles
---
0 0 0 | -0.3770129931301769 -0.09987276537076481 -0.0019319979681326474 0.026847786116142837 -0.107687178469294 -0.01174632414199233 0.06200533129896714 -0.025006885086160023 0.021792036145069693 
1 1 1 | -0.39035098129035894 0.10243327116625517 0.011659267883635473 -0.014979088540292588 -0.11777252249000206 -0.0015632086356400048 0.04718955149431147 0.0008166796725705218 -0.0008934081515258975 
2 2 2 | 0.12891255076587638 0.0004361971155043368 0.049729299336900824 0.010895572767743436 0.009957339374688748 -0.012010518602394266 -0.001992907501131044 -0.007340516670800817 0.003139771563800354 
3 3 3 | 0.1358181080946086 0.014035308387996414 -0.02759480905663919 0.04152101277938684 0.006489092932045022 0.012345954291821613 -0.006838316844766339 -0.004133614559898712 0.00264693181375959 
4 4 4 | 0.11861605975960421 -0.0045593158472777085 -0.01808274306114226 -0.04695009670312123 0.013544255749879254 0.006091582738234392 0.008459251343097956 0.0060697795456570456 -0.002914634909122118 
5 5 5 | 0.12205824120790465 0.001490374564291429 -0.04949475880333048 -0.006119808954550082 0.010846090534420963 -0.013128283354223915 -0.004383851376307922 -0.008339058869555894 -0.0004553805151420008 
6 6 6 | 0.12771232639895014 -0.009154946770031596 0.029530328315660968 -0.0411443769673395 0.003024794277694563 0.01157640302838532 -0.01433363677168587 -0.0009088689313677592 0.0027212634433296727 
7 7 7 | 0.13390878342349732 0.00557630015430127 0.013464923992215647 0.04958861909552852 0.01205200101780714 0.005982506941381283 0.0102770652087665 0.004394072903381483 -0.003537597753547624 
8 8 8 | -0.4249388311060942 0.0068773454339149 -0.08895051191360362 -0.016889282915509785 0.025745882443541868 -0.06379356721760948 -0.009672128386081032 -0.09517289961939542 0.013445893078707047 
9 9 9 | 0.25492355709797465 -0.031252530537792145 -0.011011557680316152 0.0660237267184885 0.13838879593916228 0.015696249856707613 0.07451253561515632 -0.11705934287749976 -0.06281730072317236 
10 10 10 | -0.04256698805892167 0.013725349538779862 0.03077095006435662 -0.015689673058240875 0.13541181946739766 -0.010476244424272113 0.18471722395313192 0.03806876192053848 0.024982572865246237 
11 11 11 | -0.029299839728317068 0.0341578928905812 0.09104062016229043 -0.03296534930301466 0.12576306656780456 -0.04446962083508627 0.12719623701532515 -0.040560444592371195 -0.0330639713395934 
12 12 12 | -0.09909411559877856 0.0056078631858422386 -0.1314436241546837 -0.008084583238922936 0.06463267554263746 -0.003748521328460502 0.11585295309440118 0.06286051194881356 0.0771982962908876 
13 13 13 | -0.12016026360403487 -0.00973063272041946 0.033649588861308144 0.023029421559071502 0.11704525528524759 -0.056322292303202376 0.1333789318474531 -0.0193493544073641 0.0844673312544053 
14 14 14 | -0.2840701607855971 0.008672465834474105 0.001114827035205231 -0.016013457871990582 0.114686177291831 0.017247881481803687 0.15814899987123623 0.029996060548622902 -0.04483332618030592 
15 15 15 | -0.19103602933263453 -0.020325130800850213 -0.024420134425109177 0.029425467026754713 0.14137072675083762 0.01338446461083665 0.08541243612263438 -0.13399243657590548 -0.052406805935185465 
16 16 16 | -0.1614802535556663 -0.01067423116819303 -0.011589105505987903 0.025882266523966527 0.10800019304724172 0.008156699390005696 0.1635782740687698 0.030861049603888278 -0.008554899476257963 
17 17 17 | -0.4194149134937275 0.011712802870280576 0.07046218358360709 -0.017879007866137452 0.014646227337328644 -0.03627799838438708 0.010624390910820448 -0.017064833171772882 0.05639459857396162 
18 18 18 | 0.13366411451575566 0.01625990168539747 -0.041845416438871526 -0.033847348148030164 -0.011210655078288721 0.008362277308955128 -0.01292329370639182 0.0027712231991932307 -0.013888638989187733 
19 19 19 | 0.15275117331106192 -0.007430511406937084 -0.04824856704120734 0.010688435022008605 -0.0068145690545988145 -0.005036950187209537 -0.012815951470526603 -0.008085206820953294 0.011186241218493168 
20 20 20 | 0.14170458021653365 0.023598192822059022 0.014548055679765437 -0.04701616891308055 -0.013862376845994622 -0.0007270288802316168 -0.003733060308918703 0.015295212469848583 0.00586449305143696 
21 21 21 | 0.14077717580032 0.013239423817818794 0.05014061477480625 -0.016740265482691568 -0.007432976045498975 -0.00023658599036705303 -0.015416680659060161 -0.013747267256605085 0.005997955249294422 
22 22 22 | 0.3573453107015665 -0.009677374962000903 -0.031379053289815086 0.018585442935891393 -0.01604944164734437 -0.004939632939838354 -0.017987324781530523 -0.0015792333738453507 0.011993940583202859 
23 23 23 | 0.15038251063280572 -0.020565395927347564 0.03996035047648618 0.04780253861887731 -0.018073528729222816 0.004077359579932797 -0.009475048338262258 0.01938228789130954 0.0026355425155409904 
24 24 24 | 0.13423722129951987 -0.039960123781728404 0.0036960863542194133 0.02713960276740824 -0.006291458431599484 0.010601894816790162 0.009282125840088569 0.006491035659045907 -0.008509881298278997 
25 25 25 | 0.15641064042209096 -0.007105634854734483 0.005356845552419488 -0.050901646298310274 0.0018816486440008983 -0.0024691850963592305 0.0055947774953860364 0.006253111278506093 0.015184441000216108 
26 26 26 | 0.14782238113410184 0.034199993083522694 0.00048670496077431207 0.038057780217581966 -0.010673627464811665 -0.01063780202254716 -0.004051425176067109 0.005523730929953445 -0.005455414972231433 
