number of atoms: 27
number of fields: 9
Multipoles
---
0 0 0 | -0.11802325857483353 -0.017322844086545188 0.06961752638976759 -0.044542809609716384 0.09583473429167366 0.040871557396697185 -0.024843675704209978 0.011435383440039963 -0.02484961636433887 
1 1 1 | -0.4393871729450476 0.004394410469738768 -0.06097451478977295 -0.05309759220616698 0.05089129099734785 0.026306256366036306 0.02398470518549986 -0.09376129662387217 -0.05110286680820919 
2 2 2 | -0.4356441850095374 -0.0033783926305205056 0.02618148256382132 0.0802342453755424 0.03410770315538314 0.023927014656304733 -0.05119758081979506 0.09865623132713863 0.046002787164557336 
3 3 3 | 0.08572358279944192 0.04890844451646976 -0.0033955802083719612 -0.0016527584586479465 -0.0254518918471825 0.017203337760989947 -0.004826349715330839 -0.004517582513040892 0.008602118474772909 
4 4 4 | 0.12928443161182357 -0.04135496569561875 -0.03129500793521452 0.021204636722101256 -0.009183009234994146 -0.0038333056556305307 0.005098904999961793 -0.0018383103323727887 0.009126487229699411 
5 5 5 | 0.13520545128080297 -0.046727449438510774 0.0008953879172733334 -0.008468853384642852 -0.013695916376808382 0.012340160469421756 0.0027394479629212582 0.001767586574563584 0.006541358672141263 
6 6 6 | 0.12693542701761484 0.03156059596343822 0.030946353981561918 -0.012124036489072391 -2.5035682132138904e-05 -0.005945337644075361 0.011761329754040328 -0.01219685407885468 0.012562686217092198 
7 7 7 | 0.1310391270761725 0.013687370007441356 -0.04712379473259483 -0.002999570152281854 0.000940060930583848 0.006545856590587597 0.003715645547346206 -0.009386150415686724 -0.01304701303403502 
8 8 8 | 0.1295279349661116 0.02346815366169257 0.02548063236586576 -0.029946918807764896 -0.0015749219254530427 -0.010866308382606457 0.003985032401638515 -0.0004106537268145524 0.017793082811720404 
9 9 9 | 0.12908330487112718 0.021037349829781983 -0.016989948597875826 0.040890374222610645 0.0014563497716927455 -0.0031125661760525816 -0.006044874537926394 0.01699906324454114 -0.002734316775328059 
10 10 10 | 0.1312600923293593 -0.046117337543668674 0.005868797401085755 -0.00431531193080891 -0.013683901392751078 0.005860494909773072 -0.00724312283349451 -0.010616887149087612 0.0038493687663509473 
11 11 11 | -0.46429876704683704 0.04209737933231424 -0.009928751403240545 -0.05406430663233047 -0.004420115251582247 -0.034232314032299926 0.07372973707545129 0.07734452337049845 -0.0263510554994416 
12 12 12 | 0.39581751359920503 0.0702797625667242 -0.017221194953414436 -0.1169253417148203 -0.08871604798790446 -0.16168980148346368 -0.0783951923986731 -0.017080981224696146 -0.09467373171582387 
13 13 13 | -0.348492784003021 -0.015285193282555083 0.01209808507367752 0.05584892699045325 -0.01762107161307658 -0.06800473841588503 0.12077854848830644 0.16516760873348277 -0.11880991558453699 
14 14 14 | -0.2810746346692081 -0.01966814273729958 -0.008964119129825589 0.013161659556822667 -0.10003906447378944 -0.1363013779460914 0.0608526077842363 0.05052518714901142 -0.07293547357196567 
15 15 15 | -0.13722972227387853 0.019363516306486795 -0.005256851609630974 -0.02059011521755368 -0.09828335682257831 -0.12315248558894175 0.06988852130575841 0.06828283365881466 -0.06913299105811255 
16 16 16 | -0.16175180801274713 0.01987124144434191 -0.0020461863291884414 -0.014294343887336629 -0.0062303999782679295 -0.08344526238895976 0.06474568990455964 0.12611205882442772 -0.13651090626819617 
17 17 17 | 0.08789210159028293 -0.027030404165514107 -0.004889588206482251 0.03292945642634728 -0.05445325324484957 -0.16933533246887314 0.0008756848807342269 0.08870942384332925 -0.15298260118946266 
18 18 18 | -0.5900026559846108 -0.10647665961897544 -0.038363678746012674 0.013742309521541993 0.09430203118892835 0.09751482311765614 -0.031224763091595074 -0.004660029010968198 -0.002654058679105752 
19 19 19 | 0.15222721910828918 0.03852098715506618 0.0257260275166162 0.016552300172294258 -0.010375289895068026 -0.0011591323592392096 0.0040973366244327425 -0.00809207058247488 0.013555612053575087 
20 20 20 | 0.44389426539703447 0.02085044486876523 0.009321278623210083 -0.00032311737646508116 0.00024345301407693303 0.002174382279080608 -0.011514905198620766 -0.012227062016991875 0.005016267024273103 
21 21 21 | 0.16705149032224786 -0.01187163176097751 -0.026034093837963304 -0.041748427624240185 0.012936701554472038 0.009668447314507056 -0.010831241902926917 -0.001721598050556119 -0.001687048806744193 
22 22 22 | 0.14070441559211022 0.012663624209617476 0.024329983221504356 0.04558985968365219 0.014338449148270361 0.01083178418748469 -0.014351514762586714 -0.004125844425038678 -0.0029904199413766275 
23 23 23 | 0.14277353206607324 -0.04498998430843267 -0.02802548933062679 -0.006134786724895422 -0.00978764396543305 0.00017861050286723372 -0.004664329681576878 -0.013497234936815195 0.011833681916576565 
24 24 24 | 0.14744813215259867 -0.03773897827231335 -0.013608994160074833 -0.023266766381656815 -0.009722800305255021 -0.011245031901289062 -0.010318508668714114 -0.005194345995335596 -0.0016179875020205811 
25 25 25 | 0.14772073459812785 0.0009193188014278294 0.04838955737727442 0.002036786444298436 0.007283890837124459 0.004538309266232946 -0.004891915924105523 -0.0055442864239165805 -0.012919968239157429 
26 26 26 | 0.149727367280733 0.023979078166426453 -0.029258533963202566 0.030888372318494495 0.011018525766211894 -0.0032006092659735766 -0.007583103874352624 0.00499431065364705 0.008080892924121515 
