-4.734977428317309	0.515731200139657
-4.744545776060857	0.5193090700808668
-0.8711283384914185	0.3834941740306103
-0.878525128845981	0.3860974588286831
-0.8574015694086443	0.3805374190301727
-0.8729311546430067	0.38411426803593446
-0.8798253242780555	0.3890425097219336
-0.8762043747232191	0.3874959755151795
-4.866947832387533	0.5201268510141778
-4.04214972487096	0.48453383588909044
-4.585817297870431	0.5158379892932999
-4.13258693323668	0.49643215897356646
-5.903066680694866	0.46028784244490817
-5.737282259099221	0.4432212045189488
-0.8491580203717835	0.38119041038693685
-0.8314278897031722	0.3785453819943946
-0.8349506792640322	0.37707217318900904
-0.8782862458885489	0.3810293260151362
-0.6463385470688559	0.35114051846622163
-0.8384001816532972	0.3816814460257957
