number of atoms: 19
number of fields: 9
Multipoles
---
0 0 0 | -0.4162752793979889 0.057932485807980987 -0.09090946977502262 0.020607868422899134 0.11086202652689964 0.11381575688712475 -0.021620539449084267 0.05882313752877335 -0.08861218957141243 
1 1 1 | -0.4343901966729602 -0.0651683105086024 0.10338266140933716 -0.03661354145815613 0.030641231903187335 0.1191362708822125 -0.011602699539384026 -4.892025774482171e-05 0.05019055665352461 
2 2 2 | 0.8972438561773677 -0.018500599007533532 0.04714654389405918 0.06407877384965134 0.16476829259911013 0.10353542925087118 -0.0012214266053134385 0.0703252446922143 -0.04699764446796583 
3 3 3 | -0.7806593322493498 0.005299904113202574 0.007356196657624462 0.0347013061049148 0.08631139210529906 0.04864897999841827 0.008837014821010316 0.024137158012356028 -0.031108907931866405 
4 4 4 | -0.8236246180532536 -0.02908274959636249 0.04245600879461004 0.03536140213127276 0.03684106854834779 0.05148974844377269 0.030307617126653683 0.0017660364858796884 -0.13193771544356106 
5 5 5 | 0.1317683923438595 0.029920555276029014 0.021794007015830223 -0.02189209388943572 0.001997864321931672 -0.015203549394912448 0.015396841984522007 0.017116803681010328 -0.00017184562103140686 
6 6 6 | 0.12463140649960947 -0.03824592477389763 -0.01857713535024935 -0.003789342212158113 -0.008396054542881004 -0.01424926042196724 -0.019593650347351874 0.015923623477752186 -0.014203015840784382 
7 7 7 | 0.1487398687416719 -0.03074574584805707 0.0016119556890202222 0.03845133988947865 0.012653215323803103 -0.009323647327049617 0.015201854112848408 0.01169864649481664 0.0014748745970946063 
8 8 8 | 0.1316361991651639 0.03281969448050694 0.03695218933924698 0.010348497648904003 -0.022415099416202518 -0.0014641228448298643 -0.002918356405065526 0.009484720579506554 -0.007164974512900414 
9 9 9 | 0.09222235649479626 -0.02148023937374983 -0.02156323500709201 -0.03579263610895803 0.012059068121753601 0.001768977511807142 0.007938514313672387 -0.005079324846076334 -0.02472288898159087 
10 10 10 | 0.17306783635837064 -0.07336763688240434 0.1355649304438762 0.06445412019255654 0.04616826183611996 0.03841697072538704 -0.02432362562376465 -0.01430401914060117 0.05754759860474364 
11 11 11 | -0.5174358756224624 -0.00029289987297748143 -0.0020192364720140964 0.07857775743685787 0.042610954726896626 0.017792817413285866 -0.04675809276504464 -0.010620154847777273 0.13182875182557288 
12 12 12 | -0.689075046761964 0.009897418096120901 0.0050925527129678065 -0.11511310628405207 -0.14894342192067023 -0.06239694662281434 -0.08188910218441407 -0.16773290445601474 -0.012783502929927255 
13 13 13 | 0.0394153104030045 -0.048220375097915415 -0.04093052109599599 0.00251181692115436 0.00130603392597101 -0.017425993003069244 -0.009890210532877992 -0.028476225294736455 -0.007823105398670795 
14 14 14 | 0.032964469228854876 0.059845866995759174 0.01064734776937069 0.017056071479236302 -0.029516708267430188 0.013641311641630622 -0.006821389893165689 -0.013166061578821464 0.004808729242095094 
15 15 15 | 0.12088995323120832 0.014250549958191172 -0.035454833007798045 -0.022896371775832168 0.003969338838722444 0.0018360625994136496 0.008472739846031987 0.009242426985770123 -0.01647559020024925 
16 16 16 | 0.48159769893464666 -0.0016862024058649037 -0.002988605579381246 0.017894099361093627 -0.0056418106753284 -0.01188988264534174 -0.008197322280606907 0.001509844014730081 0.012387193873656313 
17 17 17 | 0.1422338186175267 0.02355539545009394 0.035060452024374515 0.012155672236535043 -0.0002550202872058258 -0.01317808640142008 0.00625771515169615 -0.015823145493192397 -0.0016051049896845665 
18 18 18 | 0.14341616186041728 -0.04357157628042557 0.005646673350217843 0.010703084289158222 -0.01665114458839001 0.012804705604741711 -0.009318055170411914 -0.001976856073241475 -0.003564467987317597 
