number of atoms: 26
number of fields: 9
Multipoles
---
0 0 0 | -0.15050855934386043 -0.03858144416091604 0.05088663524038142 -0.016973187677781925 0.03352375347235298 0.08970332602999571 -0.07856334778688046 -0.04586373819434661 0.012957829939428062 
1 1 1 | -0.4513764634464925 -0.007000128319468942 -0.06666586548176771 -0.02913193261053676 0.06158833052861342 0.0216998672679691 -0.014185827342828597 -0.05317790965283345 -0.06002804505576253 
2 2 2 | -0.44289240278710107 0.03685364886946966 -0.014548016036530378 0.06379782514407346 -0.0075374262488246925 0.02451583557142638 -0.10959832330426066 0.029954455937680084 0.012463171915621898 
3 3 3 | 0.10399008128980014 -0.029261409693245546 -0.029726185036114416 0.03151743819791844 0.004556805626596808 -0.004169444989757061 0.008464563151497526 -0.0035078883060109763 0.018395003545862383 
4 4 4 | 0.12086383440230808 0.047489477727252496 0.0010500412639172672 -0.02454736043245395 -0.012488174840982412 0.004320462154800728 0.011927139555216622 0.0001536345346861074 0.003059434479876318 
5 5 5 | 0.14232962934180693 -0.03919015117403486 -0.008534846570542978 0.02409048897279034 -0.00905745393542085 0.008261229477584363 0.00933605656842257 0.009713875894266361 0.0014387210666573973 
6 6 6 | 0.13043811892458634 0.044637150595970954 -0.009357045098705899 0.01752209829125758 -0.004884451042635234 -0.010176926950677208 -0.01182040548922927 0.008441949997804796 -0.004144705316280571 
7 7 7 | 0.14470042255905746 -0.0382250602514153 -0.0034239182437820737 0.027037214692776868 -0.013987420826545634 0.0008490371495746898 0.008340949006441431 -0.007567652711215163 -0.0026785787642464474 
8 8 8 | 0.13150107043871528 0.022911440678137884 -0.035119378016828 -0.023962684834307767 0.008941020230207203 -0.006026926801503554 0.002106280070076212 0.0018569252883909534 -0.01553259075448249 
9 9 9 | 0.13941948392496217 -0.004647113731426118 0.009455884405400971 -0.0467339562409538 0.008818017726732384 -0.0005685302623549826 -0.007142133482152962 -0.0018857772048126219 0.018397419568655034 
10 10 10 | 0.13300136312116417 0.028407703109453713 0.039240003243253725 -0.0001772589256107285 0.01701096508554999 -0.00020682729571859797 0.003843108212289475 -0.010757362170743898 0.011401865266929665 
11 11 11 | -0.4743191870076391 0.028769151208868585 0.0465441899903241 0.03693888232790592 0.0013142445155722453 -0.0563865228197679 0.006066428384995124 -0.06072380179838788 -0.07774695243057518 
12 12 12 | -0.12965421382305475 0.022445944965738526 -0.019498377229839207 -0.017734121872063455 -0.10140631807214862 -0.14811334638017304 0.011386849635354716 -0.06849703124109152 -0.1325488720790843 
13 13 13 | -0.2043571765363943 0.015289075308615127 0.00551168346077776 0.005962500015398944 -0.026144829837409164 0.019221765533121445 0.08933569546973448 -0.051065297892216296 -0.20687417048469822 
14 14 14 | -0.16300641278861328 -0.010552859851755915 -0.02920390016910119 -0.013967812234739 -0.15371161206938502 -0.0005519267776108693 0.11931895807979293 -0.02412572631649032 -0.11028614739628514 
15 15 15 | 0.1481191847635932 -0.0111150169829737 -0.030896026351620323 -0.014733374813087353 -0.1589575174985661 -0.025666262376666645 0.1205860860900591 -0.04458838157570785 -0.1665920272535731 
16 16 16 | -0.12782972649695878 -0.03212745255331261 -0.012879920984002475 0.002612301377300285 0.0008941670151067712 -0.004503804674393572 0.06462265092268554 -0.07010799911094036 -0.2058998225176767 
17 17 17 | -0.2040033072092653 -0.0014685919623137747 0.012712936309029758 0.015894612541298096 -0.11434983576705428 -0.1257662261909545 0.025322926233460774 -0.058848222745278005 -0.1373316704891687 
18 18 18 | 0.13996507451448825 -0.03476100479978871 0.03220509131428654 0.030272154547990593 0.0036825861281000976 0.010228590730959098 0.003393089239860484 0.010378120420097796 0.006952403487586463 
19 19 19 | 0.1435461629543502 -0.04945209387793688 -0.014916637967583702 0.005342342028213853 -0.00834599742032214 -0.00438540362085602 -0.005386550009079892 0.00569085070188185 0.01642504527559079 
20 20 20 | 0.139590569780631 0.018147462449841924 0.04469762016839855 0.026598665949869364 0.015262248335333113 -0.002471387087955518 -0.0113806955786345 -0.0007023918049674693 0.005362797282621237 
21 21 21 | 0.13698861755111036 0.05354104037110568 0.01623011085411169 -0.004155318449419421 -0.005964801405805604 -0.002881084087266016 -0.004184172623708451 0.005004118486053579 0.016888405574739758 
22 22 22 | 0.1478364837556243 0.031241531735990313 -0.00033081196120237234 -0.03438153693722905 -0.004149165034374601 0.010325281516150883 0.01340394654901245 0.005775072429940754 -0.002374926403486354 
23 23 23 | 0.14694468654372772 -0.03881151260152011 0.023649604189660643 -0.01647126900723052 -0.015493848880251775 -0.0016510317167614376 -0.005904867806991074 0.0049524668915217306 0.0038829203133400048 
24 24 24 | 0.14213534946016937 0.03376476012877193 -0.02752388720394357 -0.028159576773072747 0.009961474954067325 0.016189186302356762 0.0031681146922217587 0.007196948251741958 0.003617747736416869 
25 25 25 | 0.15440005554723546 -0.0025564454420388223 -0.03495318991894204 0.033366211177228516 -0.0006479371473683392 0.00012252004756353122 0.004768915844005468 -0.008490860069085528 0.012225272525772983 
