number of atoms: 16
number of fields: 9
Multipoles
---
0 0 0 | -0.4455937497871396 0.07131223714884473 -0.05844409848143974 -0.07971576014680376 0.032761351227413776 0.14880581553725622 -0.08051562637920875 0.12961009654955305 -0.016141136808859608 
1 1 1 | -0.42509404391646477 -0.07191652123512554 0.08687995303239897 0.08592793014981506 0.036139298219488775 0.07198183064112641 0.07783772497202661 0.034320489728376195 -0.07316007483037229 
2 2 2 | 0.9317574596511644 -0.06589351100232109 0.014325599644738929 -0.03839464599140113 -0.014965665191788349 0.1575821380464706 -0.05226353640265299 0.12217668482444623 0.031735163119729556 
3 3 3 | -0.8085776008670766 -0.008588475162141136 -0.027592762967747837 -0.024692241650283536 -0.010577269877087262 0.09433115087676308 -0.04251419580401676 0.08130209368724972 0.047264392360805124 
4 4 4 | -0.8538763797738937 -0.05499325605128372 -0.0013172941046568595 -0.006483314994080573 0.002999553104035243 0.13223868619147203 -0.07171420486709988 0.11846995774804636 0.03501527417668276 
5 5 5 | 0.12815602983139285 -0.024517428082529606 -0.029535952345484714 0.01621520803396103 0.013202650905085104 -0.010151564384394587 -0.0019282220921914177 0.014496827765441237 0.028813053424002012 
6 6 6 | 0.12115579167895019 0.021490440181695547 0.032823727986792 0.005763768441109146 0.002886675736779402 -0.020855461782970153 -0.02702263831400617 0.004066166815359933 -0.010993773243547075 
7 7 7 | 0.14481120256676427 -0.04832476840715184 -0.005164464206248579 -0.019556234050046126 0.00626941180282507 -0.008510095165146338 -0.01689042397523102 -0.006313103049320948 -0.0052928567947605806 
8 8 8 | 0.07331133586184024 0.017263490004381432 -0.018171637293726815 0.03605925372750241 -0.006324907344638664 0.019304886624371204 -0.01525443005948405 -0.014007955055910442 0.015991646210909444 
9 9 9 | 0.12441733997744231 0.010845107465408848 0.042284974426391765 -0.018995587411338877 -0.0077084300703390285 -0.011916222146881313 0.008067599831566913 0.006695641386427302 0.02067400451464061 
10 10 10 | -0.1333841195145622 0.1425513140917236 0.11119618391012141 0.05029801608994642 -0.027332947654872316 0.13118493371831447 -0.00694009658528945 0.0421076878920601 0.008107083067552982 
11 11 11 | -0.4948767513384347 -0.10327417306570852 0.08093225913447437 -0.05721431855326031 0.16768923289059195 -0.011716759951450724 0.08156506982733763 0.1827903129127278 0.01614068439887962 
12 12 12 | 0.3811805100279366 0.021191112728185732 -0.015463358054144493 0.00018474786048097583 0.01290772199400423 0.013618499984974686 0.011657172967715729 0.017133051913932055 0.008662811036594248 
13 13 13 | 0.05104234924758855 -0.0032063777933444295 -0.03841866967845639 0.04406777093207472 0.009750649025508708 -0.0016902900976787933 0.021536702900806285 -0.012222626295860323 0.012443610337155905 
14 14 14 | 0.13391117476051229 -0.028291641314608304 0.053907590055955405 0.007042499641521229 0.005132991061062883 0.02263756958363459 0.010876176781986747 0.002630954735291216 0.007425514700157086 
15 15 15 | 0.07010350291965373 0.0237347198571393 -0.005763291831111979 -0.05548724705671309 0.021759953541715192 0.012157969707665608 -0.007085602051357318 0.009633915686649584 -0.01168339577005055 
