number of atoms: 19
number of fields: 9
Multipoles
---
0 0 0 | -0.3741344089778096 -0.03549489227911134 -0.05147269532558902 0.08193198968205315 0.029833460633326984 -0.042224074701637596 0.05321563981293951 0.046930225433977894 0.08461891584991638 
1 1 1 | -0.38627255430703045 0.038495960363590806 0.055034520246298485 -0.07749290326282492 0.0377200188726175 -0.043194708250663134 0.06226866953383547 0.041725417753171484 0.07130630991461974 
2 2 2 | 0.12609615088423198 -0.016706802771466998 0.04455154677436942 0.018336804964629128 0.0017449787295750715 0.002419706891687569 -0.007488773355042186 -0.014388739967357792 0.000648746312296787 
3 3 3 | 0.12531472779798702 0.04686665558244314 -0.017753943794976926 0.005516399252426769 -0.01424105564046465 0.0005707541501414944 0.0008563962562710965 -0.00023748148625486894 -0.011288322158604244 
4 4 4 | 0.11981317741556652 -0.03068740109970915 -0.023882920357381102 -0.032186516343450745 0.005244877003469325 0.006103228724609209 -0.012370869674688348 0.008596495664749475 -0.008806635810041876 
5 5 5 | 0.1275549729910398 0.0002604057766563719 -0.04105248914367239 -0.030126839872546093 0.0029397955290151314 -0.00417335599834802 -0.006823412758803469 -0.01697116314465226 -0.002996903225144343 
6 6 6 | 0.12904027163288923 -0.04190335746234272 0.02891629409880326 0.0022652358886955898 -0.010807229408826308 0.004672532242337288 0.005668090710932513 -0.0008331038744387213 -0.012425829041455377 
7 7 7 | 0.12586942907530396 0.04194005026801667 0.005348840815858658 0.028278341426040667 0.0023716352522896813 0.006339953962432617 -0.013827199872654012 0.006959704288670004 -0.005464488723481469 
8 8 8 | -0.12006074054222449 0.021965820805378428 0.06791650690829802 0.041263719619120925 0.04261760455973967 -0.03710287846477023 0.0881110998907461 -0.029437877899244704 -0.03623769289118565 
9 9 9 | -0.4363413072067157 0.05627825332039687 -0.011595390270411381 -0.05768532372102189 0.057197828913403005 0.03138320609015616 0.05154586647338168 0.05742262422891903 -0.07239294416113397 
10 10 10 | -0.44083627150882343 -0.044164968373879517 -0.04902629791360551 0.04380733571037361 -0.00669400469104304 -0.08983681860515007 0.03045199881568171 -0.0671907244145585 0.03880555371914155 
11 11 11 | 0.10672117153550087 0.034101296250253085 -0.037746228864164524 0.01396518074884451 0.0011938432131239464 0.017507727906170615 -0.012699423633962892 -0.01132081859977843 -0.0007006504428352412 
12 12 12 | 0.10322458123571565 -0.041063176647131355 0.008513383010085694 -0.032417304405206605 -0.005665455258276671 -0.002720661657448423 -0.021090014541108832 0.003526993144186798 -0.007807353699233912 
13 13 13 | 0.12847583457997724 -0.02937003453082376 -0.039291562791797276 -0.0008727121876698471 -0.00709569723129433 -0.009713461073608286 0.003813522453944341 -0.0010216128593002 0.012948741697369022 
14 14 14 | 0.13140223052547473 -0.019476724527570034 0.03731118149734331 -0.019509964379769318 0.0006985040530912415 0.005255533790753199 -0.005693298473433863 -0.01965764285105253 0.00405486634604262 
15 15 15 | 0.13668393023816228 -0.028693164787302498 0.03272855798073122 0.015036507769438207 0.005071386308588973 0.014954869471360085 -0.003300498518054086 -0.011114205906726906 -0.008154901360560542 
16 16 16 | 0.13237764126652007 0.03683362622549583 -0.011846972294014286 0.02895714184333139 -0.01387459380881852 -0.0013897398446122476 -0.010018023684124348 0.001515709974703422 -0.00985333964365031 
17 17 17 | 0.13169810671575055 0.03488273008295169 0.0025292433919451916 0.03154363137098595 0.004402780725776569 -0.006867423678688243 -0.01803894795974714 0.0019790290280498972 -0.00026968514367203307 
18 18 18 | 0.13121179714985776 -0.005485433955443132 -0.017852432024446467 -0.04554348190474727 0.003764732143632888 0.006305166499629775 0.004890322993891954 0.015503803293418921 -0.0009674314372976604 
