number of atoms: 15
number of fields: 9
Multipoles
---
0 0 0 | -0.22487561988394233 -0.07207042813652952 -0.0342020398365881 -0.12104497720000633 -0.020570963695160285 0.04063682573724407 0.11153651201648279 -0.09916778096714976 0.0678697292136877 
1 1 1 | -0.5887944628882833 0.03505320757308883 0.0191688742299738 0.13649227211483803 -0.06660138503218996 -0.004718775271419034 -0.024496109684633907 0.0589903267956466 -0.02225061879498766 
2 2 2 | 0.43904229636412584 -0.025825494650087884 -0.006457519480753434 0.006538587566415532 -0.020958282597383818 -0.0009927320969032474 0.00198579704286666 -0.0018737133970834785 0.0025707082557272247 
3 3 3 | 0.40113883814657336 0.0026366107196794993 0.030949882195976545 -0.017669928407956705 -0.00132402166596269 0.002881237172973145 0.003537352485680301 -8.857533042367515e-05 0.006320840664537177 
4 4 4 | 0.3969567533166489 0.012637125020685619 -0.03199984138528927 -0.008659762246461674 -0.00020265635011196704 -4.164364556523098e-05 0.005231095777238655 -0.0029536985263599307 -0.004226359981378041 
5 5 5 | 0.1648412940639229 -0.021195774419520693 0.05571752823291709 0.021698153974048763 -0.006158049964749275 -0.0014895918049351261 0.01572843719524422 -0.012003286968868751 0.006405396402511055 
6 6 6 | 0.13477164329873692 0.06298619069249053 0.003329618712469435 -0.0029247156980295314 -0.003774401075465258 0.00337528651811854 0.009475899713785966 -0.01938449489641995 0.008642373324641751 
7 7 7 | 0.16663692588007106 -0.017486275071362863 -0.0405224294583372 0.046417785361588575 -0.006807767803524022 0.00941924364663506 0.013716759302221158 -0.012056649208287026 0.006195407761111139 
8 8 8 | -0.7113507764076985 -0.014413226231411001 0.002110658425253158 0.008200058295761804 -0.06594938344842273 -0.0485397351672475 -0.0790505863890788 -0.06924699358906296 -0.08151344680381863 
9 9 9 | 0.9780375577700822 0.05247972825538043 0.008955687753542947 0.028889971907787762 -0.07857251350331684 -0.02787692347223797 -0.12417654987981314 -0.11089417080826713 -0.09058503367483287 
10 10 10 | -0.8729851425878685 -0.0059695725796798625 -0.03539482420292172 -0.003469813928615474 0.04846255772903312 0.05102839331612427 -0.01194622390540607 -0.07980317930518474 -0.03605913308278298 
11 11 11 | -0.8037613348670174 -0.03942352586640326 0.07198837668402873 0.011621794606952498 -0.10883469464365483 -0.0360622605365931 -0.09393728718876085 -0.05706913298408482 -0.04172890172371483 
12 12 12 | 0.16566350270862562 0.008250928749503601 -0.03498418771190539 0.01686128062718462 0.01157263740033407 -0.0016714741173770727 0.0017390886333257154 -0.015986767585712484 0.003588476114507758 
13 13 13 | 0.17394650526650057 0.009607796132342623 0.006888427088836644 -0.03787353403891938 0.0100294028680929 0.0018866558835053885 -0.0031893727528986763 0.014969424585039475 -0.003854869083491942 
14 14 14 | 0.17962813124231913 -0.029943622394475424 0.022516471054276378 0.015026836809569458 -0.012958087416933661 0.010708834866663155 0.0037931585596492324 -0.00063057873541825 -0.0005077610092699717 
