-4.586523495987588	0.5111547729718017
-4.777547693717918	0.5205707202652317
-4.318920392555938	0.49949069272060276
-4.486762039048637	0.5086846269774054
-4.509183682563733	0.5101426711322197
-4.695027742563769	0.5182426356725981
-4.64063976893594	0.5139195820953184
-3.9488610557775736	0.48609946694911366
-6.9738045250845415	0.3983938064997801
-0.8773668845431118	0.38256951396975397
-0.869479354536442	0.38046024626938646
-0.8679248601810584	0.38435928710227407
-0.8639082006156963	0.3796188566874447
-0.8532019342246208	0.3778072549998594
-0.8413045779992749	0.3787371174261294
-0.8277625784813395	0.3742078224844117
-0.5536753531404137	0.3476601850942986
-0.8612026386529362	0.3849759537345861
-0.8620808926828988	0.38479009710156675
-4.8453169908379214	0.5200951080438282
-4.5141456970817275	0.5104753646599287
-4.483284765400149	0.5077954458421989
-4.488036049272426	0.5103909573857881
-4.562792018515546	0.5102622424133868
-4.560219310736019	0.5098476185357161
-4.215054207190424	0.4909605791138992
-0.8476886609097292	0.3759884309067208
-0.8524391302005817	0.37658854215001
-0.8620150188094072	0.3796111073763525
-0.861863546167268	0.379527892634103
-0.8569748350460933	0.3789024441546931
-0.8528521692170703	0.3817526728095396
-0.8476619947688744	0.3810866545962429
-0.8413592248549273	0.38229620073090653
