-4.311409638184394	0.4994056580639425
-4.817258446322439	0.5226262797065593
-4.810662987404333	0.5207795776584864
-4.826753527665341	0.524157363095968
-0.8923675814562183	0.37733499206605237
-0.86152587166225	0.38397243909384166
-0.8639046761083659	0.38357858731629396
-0.8579154051660894	0.3831291173388889
-0.8681604374186396	0.38456439855976
-0.8663941219778987	0.3847088667055814
-0.8587609437728652	0.38331223576274953
-0.8672892732143465	0.3852862155588795
-0.8549098185713995	0.3827415987425325
-0.8659187569007297	0.38628876255528494
-4.740507582904141	0.5179364295418408
-4.7533079626987185	0.5197529520592014
-0.8719631776050459	0.3840806237145865
-0.8679342170019183	0.3834857110379163
-0.8775526072584514	0.38569523764218816
-0.8696219199186963	0.3838770195006828
-0.8648205450035998	0.38520239592055266
-0.8685126187547281	0.38586517659689773
