-4.410622534697486	0.513078577635281
-7.0322762047858065	0.4027996737325817
-0.5146924269453174	0.3463550440125265
-0.9387023287964836	0.3938124774204582
-0.9257882689369668	0.39334316565360505
-0.9414143014376546	0.3966626395754761
-4.807061295716301	0.5226228834760239
-4.740647027598368	0.5253737626559246
-3.4284657496343605	0.4707166962849976
-7.127177675594951	0.4123169339229237
-7.180902508280297	0.41420862912214923
-0.8773575803277837	0.38836121117560235
-0.8466353337752639	0.3781933856644443
-0.8696722216910906	0.38609709673046444
-0.8711510469093247	0.389115886824519
-0.9174516443756571	0.39893104913564004
