number of atoms: 15
number of fields: 9
Multipoles
---
0 0 0 | -0.668330219440068 0.018992552201496534 0.007508644608683902 0.004622009171444205 0.07487732936911488 -0.039403071344482885 -0.06491141321967385 -0.060171233181658464 -0.015142524905790393 
1 1 1 | 0.8676429100046583 -0.01442293470097625 -0.04253314151752498 -0.03372819618530313 0.1673381156732475 -0.08564990659376294 -0.11342619272946802 -0.024863842023457153 0.004843984328100867 
2 2 2 | -0.6600969642180203 0.0008982460346244005 -0.07259794393812201 0.040038124775448575 0.09987716760169078 -0.08532781683970304 -0.11780914970666756 -0.008910641613013559 -0.057757834064686465 
3 3 3 | -0.9452037104364361 -0.005025811640369371 -0.0066949968257098025 0.00291284752079909 0.00039762516733012873 -0.0376652127635031 0.009409707918484188 0.052720168254239835 0.0016538051113383712 
4 4 4 | 0.4148225061970443 -0.007877384081964745 -0.021139896039072882 -0.009321201270621424 -0.006169579077116003 -0.004067582391404285 0.002710492717269853 -0.0035640855230344394 -0.010265143850787544 
5 5 5 | 0.42662414845415775 -0.00528668050739089 0.02459982444434868 -0.01104049877482247 -0.010252988345664443 0.0008230174676094217 0.011700927051298271 -0.006641791049475228 0.003459602091190526 
6 6 6 | 0.20132904158089593 0.023466125041732403 -0.022403944705122757 0.029703708930681614 -0.0001837642882192858 0.003474528676365481 -0.008153482237816886 0.0073262214791222505 0.003984304318233834 
7 7 7 | 0.1837457478894774 -0.03618347090404208 0.014898222505235427 0.020177807241294775 0.002660704224730443 0.01137292914457435 0.005202852355718381 -0.0015904854380510006 -0.004077810311643159 
8 8 8 | 0.16449244105392324 0.02515409630118264 0.022792242243037143 -0.024560189167724445 0.0020200782567043607 -0.002747996042460315 0.007360499492503621 -0.005458693538252134 0.013243796356786942 
9 9 9 | -0.11742681415357392 -0.05070081682460548 -0.04883665934068941 0.15559767559379165 -0.0802398534988931 -0.008980277850770322 -0.03451406241858937 -0.09990914233150468 -0.06170748442438651 
10 10 10 | -0.589076996478008 0.10132913943631214 0.07779146515904681 -0.03631777519204383 -0.007287579822117806 0.15724164487850525 0.019696753917605232 -0.03797665011728211 -0.08913026396333001 
11 11 11 | 0.42349598046264947 -0.018437455667210688 -0.014350170159017118 -0.005586715698727615 -0.006489892363201124 0.010942510733645631 -0.0012148942667299678 -0.01746512592805942 -0.004622650786580596 
12 12 12 | 0.09171594483711498 -0.05261425133318925 0.0074818209282801985 -0.032431074771538435 0.0031945377165041693 0.007494648577432755 -0.0191826913662327 -0.006118967021599118 -0.006630751537755637 
13 13 13 | 0.11682349841536088 0.020641899723507693 0.052600029684743844 0.021924230004907 -0.011858153777692329 0.0029339477278506137 -0.017091895630142625 -0.018065325280175088 -0.010350306671064461 
14 14 14 | 0.08845346967411227 0.03765980412546197 -0.048232859701191524 -0.013244665658600796 -0.014405015298249588 0.005584978405391694 -0.001595801825784915 -0.003877021775945354 -0.020074610868226934 
