-5.0417284243694285	0.5281157524645335
-3.4507508583797897	0.46187338819448887
-7.078695180203309	0.40761996065038975
-6.320174588664515	0.46403797760274407
-0.5960874369299413	0.342197321287784
-0.5351528918249684	0.3362617188625681
-0.8173806448031422	0.3758629972841502
-0.8170087382969634	0.3763282174091996
-0.8250476840806066	0.38148423470348014
-5.098126353504243	0.5411225716128211
-3.3500138003474413	0.4664165027613619
-7.191960703038652	0.4144407266275196
-7.15819320332424	0.41529479342714676
-0.8297313253184382	0.3821966252638957
-0.8315239001936744	0.38282554293460275
-0.8509050838560329	0.387729938928974
