-5.068170648670446	0.5321949551694538
-3.351818952643544	0.4627132037815982
-7.196242140923431	0.4104733873755539
-7.154997482601749	0.4139109468260111
-0.8258835239844319	0.380536106550821
-0.824197913587771	0.3786676377214839
-0.8405921695787462	0.3855922108996732
-4.375851383173312	0.5007644490777834
-4.848923521529766	0.5186095022773057
-6.017893061103718	0.4455275998060138
-0.8449050529971831	0.37356522538434866
-0.8909357339279725	0.38146648813735745
-0.8609603930954596	0.38329768446925844
-0.8058918831541679	0.3741347410430512
-0.5623373428095715	0.3469338427283259
-0.5994837210386688	0.3363673465021087
-0.6133019846038662	0.33793149357178043
-0.8273360602792239	0.3784895019133619
