number of atoms: 41
number of fields: 9
Multipoles
---
0 0 0 | -0.41882109363919984 -0.05087493050213102 0.0656073558872703 -0.047064326962059554 0.0019665644441793353 0.11152742063273671 -0.011723467181925554 -0.05844832051147787 0.017588165946970914 
1 1 1 | -0.05136029288098154 0.030892747903194136 -0.01545679730450957 0.0007614270765980431 -0.13444290659983865 -0.004630183536313306 0.12508042321436938 -0.07078677173376607 0.1343073655927709 
2 2 2 | -0.01604301495433269 0.0794767780285074 -0.05740290046551027 -0.0023373111192234804 -0.0729114072728371 0.04981616709753762 0.06320155469810539 -0.09460969630604636 0.12453756266005374 
3 3 3 | 0.26148067481025716 -0.06485226716005268 -0.0201852889831475 0.03214055532894617 0.012708739183456141 0.0833157705091059 0.014955728927142347 -0.1293099884636846 0.1350047953018292 
4 4 4 | -0.10172430737688742 -0.05669513739690204 0.10127550051731761 -0.03219813266321287 -0.13217705960136775 -0.006529908475945946 0.08737907622189255 0.0034492255734819097 0.039985111178082164 
5 5 5 | -0.1483361223117834 -0.020705638931301385 0.01126993282739958 0.016300859492072547 -0.05717932078770647 -0.02533693640780777 0.12468025295071736 -0.06401880855548532 0.13980775105761278 
6 6 6 | -0.1853091607420687 -0.032039965396360975 0.006066927089510064 0.02649900577843558 0.02522329674306271 0.09838535146997067 0.04970215218319585 -0.1380451849083682 0.1432853373001554 
7 7 7 | -0.1286281267217264 -0.003080256960404629 -0.0330505276642347 0.024200315765265188 -0.1466145597215032 0.06763937273269537 0.08926419083388998 -0.060462563342243765 0.06478993556907922 
8 8 8 | -0.2882708965759857 0.01709770509649633 0.006378832526969079 -0.0037482385622687763 -0.049627691664502004 -0.038865969266799937 0.099799397802965 -0.07870675042015 0.13549503031065271 
9 9 9 | -0.42461862033570874 0.05723664403330278 -0.04001089554560795 0.0033707309393219216 -0.05709695858250335 0.03950054844822751 0.016026256245567524 -0.002344571722578189 -0.01558427329459546 
10 10 10 | 0.15423858766267107 0.046044152978702776 -0.03312771345690494 0.004651884482742418 0.012300620374122339 0.006343578194146432 -0.009681922388022025 0.0031643533139110377 -0.006713920036376083 
11 11 11 | 0.14666163494255424 0.05157315696035238 0.011297235543413255 -0.01705025103848897 0.004331593575204667 -0.010143760771551054 0.004830600576108027 0.01164450011586458 -0.011570293502324813 
12 12 12 | 0.13240266445720494 0.008953275157485983 0.0479131641847982 -0.025983376204700107 0.019419750721442038 -0.00871388524665265 -0.007822443833533943 0.0034721070924301797 -0.0025822830507693934 
13 13 13 | 0.1381966161975171 -0.02776240648727175 -0.005417779726799889 0.03991178163451278 0.005069481089734792 -0.012415557890968688 0.008482438178156441 0.004888080637141484 0.009334093473108665 
14 14 14 | 0.13739054633258696 0.035595886201624474 0.034581519686341426 0.011494466110800487 -0.018897896625672185 -0.0026517794005672893 -0.0018780137736138052 0.006971035627733665 -0.0016009587087658177 
15 15 15 | 0.14549838469615484 -0.030600344884271706 -0.04437524331240395 0.031117633768486214 0.005014172678972477 -0.017262228673441116 -0.002376074192959355 0.016373309151081917 -0.014624523169968281 
16 16 16 | 0.3566201835173205 -0.03481807267648354 0.013741934063405176 0.0014023998096614778 0.0014231092539617929 0.005153267222699234 -0.010113367471787925 0.012443360497301062 -0.021744130467489353 
17 17 17 | 0.1510667873816356 -0.03413065237918004 0.03553303238641122 -0.007724973047609708 -0.001673252820691696 0.011692808911817445 -0.009222133021934637 0.0057033982921101565 -0.01366784295650453 
18 18 18 | 0.14258999502859615 0.0009037307201979727 -0.034372040655360876 -0.03493842844139617 0.0016748236792057856 -0.0042422073188997786 0.00884244409880032 -0.0014558524911645356 -0.014618952146062715 
19 19 19 | -0.1711419410053816 0.09246142209642771 0.0002225283202625287 0.027589493953806846 -0.06769217757573208 0.0303129981949726 -0.05322799810025459 -0.11544414196116856 -0.0033589726184922704 
20 20 20 | -0.43007382958684737 -0.048833613065237876 0.06834480950917099 8.83193955424448e-05 -0.04569713823112722 0.08201346379625163 -0.019941557066174967 -0.01955331217505009 0.030971446668321738 
21 21 21 | -0.0661988227128667 -0.008616045779651162 -0.07219716582622415 0.038809269518331614 0.11665145392923003 -0.15701151787687934 0.07513295983584507 0.00858886171462758 -0.046327047332472816 
22 22 22 | -0.0932822363485597 0.04411631355647671 0.10196920002810897 0.023971377474582008 0.05035673519418539 -0.046328890996159895 0.09742171357217479 0.08453351728252634 0.0517824753388401 
23 23 23 | -0.039501209005893934 -0.008762410595702898 -0.028309385668149716 0.014757800249794844 0.14964901958276494 -0.11609446197483421 0.11066668977551375 0.08293484555222838 -0.006658463169161936 
24 24 24 | 0.2524236669965658 0.02598393397147661 0.009070336632735028 -0.07023694047618087 0.12290451134052476 -0.10384205011999711 0.010573278207813614 -0.0734186965868026 -0.08806318121625624 
25 25 25 | -0.151002482588936 0.009785045349729482 0.014657477427826722 -0.019808185461062357 0.14244558514402542 -0.07481086489276917 0.06957979591977873 0.09330673515338705 -0.05222383836307488 
26 26 26 | -0.27935732103455635 -0.00713129570898477 -0.004886680004542083 0.016605759588766724 0.1395584669137788 -0.06652247403518498 0.07068536620048439 0.07780744876966511 -0.07615926934125024 
27 27 27 | -0.1837162982948417 0.010037916655716942 0.021957955867285318 -0.032811886247530696 0.1407271669777427 -0.11657815360075975 0.02507328881143132 -0.08071146850116383 -0.07963464553159784 
28 28 28 | -0.12426949013565469 -0.00948018008949521 -0.028637792483791495 -0.026684527637967203 0.11190067426225407 -0.11565258962958672 0.10381776368939011 0.016713992253951426 0.06054184300987057 
29 29 29 | -0.4200588997860981 -0.02501600552707115 -0.060646672091544826 0.024309329139450407 0.006501884808624649 -0.03346927132077956 0.02895915417539789 -0.004201104295439534 0.047658393865665456 
30 30 30 | 0.11552024668636263 -0.006669988973438158 0.00025670448484846933 -0.05161941603170983 -0.0006807452724227503 -0.0053236661272042735 -0.01046366533059397 0.019600531602247707 -0.0036043589522041708 
31 31 31 | 0.11317060224072206 -0.026897953068076068 -0.010226197303849034 0.04264748530606194 -0.008646614221802733 -0.004344642140157944 0.011533178748047018 0.016598292074430684 0.0032567255172014564 
32 32 32 | 0.13437453491581997 0.029140293826797694 0.02088387541287745 -0.031207614199058594 -0.008304137178079313 -0.009903945647712324 0.013641832769345429 0.008612849030255927 -0.003614321359790752 
33 33 33 | 0.1502213251102732 0.006306034813773896 -0.02731718362944464 -0.056654404792202295 -0.017573027705443483 0.019455715567930874 -0.006010031874309847 0.012523833164940028 0.0040894219882116395 
34 34 34 | 0.355661773263784 0.017043079280538418 0.026964870480825687 -0.019475976958502977 -0.018262523865715693 0.007409947745169023 -0.007126699952058598 -0.0062849713989718385 0.01590453335039448 
35 35 35 | 0.1313609273051407 -0.0221999650825177 -0.046229290604377506 0.011071083283314341 -0.01158800343671932 -0.0033137516002854045 -0.011505166847632729 -0.014313651993529613 0.007796013853792328 
36 36 36 | 0.15020088101699203 0.019688712532751507 0.04573231104261309 -0.0054397191241142 -0.011109549621627487 -0.00029237356151463277 -0.004071180468625586 -0.011118641888872446 0.013458002763054366 
37 37 37 | 0.14002023866857283 -0.021288684507706775 -0.009744175066611006 0.048819827195787674 -0.010520756104634387 0.011606571071777079 -0.0002514604668887325 0.012556662521054324 0.008488954376478853 
38 38 38 | 0.1360839272349207 0.0021428475241907457 0.03938475980235036 0.03978442147145752 -0.00846893915837287 0.012070489135636332 -0.012483165317518764 -0.0012343109825950864 -0.011597004166925218 
39 39 39 | 0.13252700164743614 -0.029370896710169184 -0.036570715112066825 -0.013034502612600203 0.011340080152697909 -0.012064017415151269 0.0011737964909079477 -0.007153048244982641 -0.004378794363831072 
40 40 40 | 0.1401164511558275 0.012440154548343386 0.010063464042174832 0.04614582580151138 0.0018061231089890673 -0.007848437491033528 -0.008533091397948472 0.013310108570841752 0.006488619870684119 
