-4.748493762109423	0.5175431776000858
-4.738349302568645	0.518609109449893
-0.8789386147930561	0.38620567883472134
-0.8544381042514126	0.3784575098373414
-0.8715212786304177	0.3849662782256328
-0.8761046781715665	0.3854393053747227
-0.8738230591932702	0.387050526470678
-0.8719489134819525	0.38663399362523687
-4.567823063912592	0.507010134350427
-4.7877993696657795	0.5208309262819281
-4.330131129249334	0.49824795644041364
-4.475693144383471	0.5061060545490398
-4.504622765039232	0.5093731372378363
-4.702386663183244	0.5175325130347587
-4.642396708172113	0.5123503304139067
-3.944771685160688	0.48384524977082977
-6.979159514809524	0.3984306403550347
-0.8731867978443919	0.37988437393231744
-0.882828162864304	0.381358914826632
-0.8671201963046012	0.3842580100366144
-0.8619063875103252	0.3783845536020078
-0.8597270176979348	0.37978645155904184
-0.8509725195084451	0.3785384666642826
-0.83243022985906	0.37415986421318026
-0.5509417226492815	0.3459511365845249
-0.8612727620910652	0.3848574856533085
-0.8580937981300579	0.383953485488671
