number of atoms: 20
number of fields: 9
Multipoles
---
0 0 0 | -0.11462188353630864 0.052995847167575445 0.05098985673413524 -0.03735130292190462 -0.03747220485660969 0.00997547049277508 0.020404637527867156 -0.05371197493768175 0.07910706952764038 
1 1 1 | -0.44719094269260307 -0.07929418729653474 0.025239875108440366 -0.00835032165787625 -0.1229542693878146 0.00744487753624571 0.03854164240135874 0.018316354674180708 0.012542185332977934 
2 2 2 | -0.4613411028894223 0.030187243048118373 -0.07174449814152886 0.033468954237641284 0.014215301006148937 -0.004795007669040068 0.014419583839399409 -0.04271043594789179 0.1143165583573557 
3 3 3 | 0.1274429028478784 -0.028675913759481485 -0.03651679702683954 -0.0329645436997941 0.006608127756361994 -0.012277997434183497 0.0011645986144321666 -0.005140754115110193 -0.010684497113249323 
4 4 4 | 0.09361791388501872 -0.008578648503447302 0.014667977337565953 0.04776627722121443 0.013885181611121275 -0.0013470501311398523 0.006867181963969255 0.01454684289767881 -0.013002737096821875 
5 5 5 | 0.11974459845570107 -0.0012802834403628865 -0.017226232392198282 0.04450515590790641 0.009138401619401994 0.005724477395946711 -0.012255624543215389 0.0041154009867685115 0.009678995331307078 
6 6 6 | 0.13625627107493044 0.009826923848583165 0.04565693860110878 -0.0034116802036632432 0.006409660889913791 -0.02174530450471546 0.001494636470059815 -0.0016523048820529663 0.0032452729214252495 
7 7 7 | 0.1478474506491786 0.027428776060838433 -0.01739978527486401 -0.03442178389409088 -0.00406544600638074 -0.01147591118734317 0.011460892875986058 0.01489164710789449 0.000943139771234505 
8 8 8 | 0.13323752977721515 -0.04484738242718192 -0.017379030921325537 -0.00848658990631421 -0.019183298404416866 0.006379089570534038 -0.00463240455453612 0.002150131149657383 -0.0020921118472240507 
9 9 9 | 0.13436648216146962 0.0001940894052399958 -0.03169805692589844 -0.0363936132916921 0.012488682882832712 0.0032511564295040984 0.010781459883796734 0.0016651188086506238 -0.006111191665162676 
10 10 10 | 0.12823625224320634 0.007090812982635464 0.02892462758044006 0.036671202535060204 -0.001218871960199274 -0.008006374405796029 0.004100553478449304 -0.008740353898444339 -0.01585252501217045 
11 11 11 | -0.6678449441206373 -0.0071500943624652384 -0.023688793284947666 0.011210996571024073 0.0338541172036063 -0.01016675260247371 -0.010104414180444757 -0.011332301698793578 0.0689164717480272 
12 12 12 | 0.8519147577815618 -0.024318373166837524 0.04642718613340166 -0.027581627493242975 0.18394088503399703 0.07667619486203774 -0.061543985414968125 0.006175825393274031 0.009135323907327235 
13 13 13 | -0.6367386698470678 0.001748402847374994 -0.014442113104026367 -0.0834669213644103 0.13007730498063327 0.09053443909992746 -0.07959332501065158 -0.035386074002323645 0.032509215346549436 
14 14 14 | -0.9306090308598884 -0.018309648139594105 -0.0005089861970158148 -0.01359740769621641 -0.02145747487924062 0.03050322773678429 0.01308075793730945 -0.01569409440533028 -0.02326334201810287 
15 15 15 | 0.15578037223807484 0.006936250919457595 0.01658888421886255 0.03537554905977118 0.0038085625893355887 -0.005898215837690434 -0.000931521020601368 0.012781969016385286 -0.012060370413607425 
16 16 16 | 0.20019443716957663 0.03664434627092856 -0.015500977311239332 -0.020194339271342697 -0.0049343500072523885 0.005580601153170371 0.0014140953194340838 -0.0053777092269573085 -0.003627474394990155 
17 17 17 | 0.42604242864916075 -0.00842383195526417 0.014863275394627777 -0.019075866981826745 -0.007511939359684544 -0.0007735025404648431 0.0012580557800730197 -0.00043957630016233716 0.01196423523029975 
18 18 18 | 0.3980003895248172 0.00716142950251282 0.0012480750718040412 0.026405032282507672 -0.013678327185878672 -0.008745602120379043 0.004104261361758978 0.011064340880789905 -0.0019841836460845422 
19 19 19 | 0.20355307720386095 -0.032274586012115636 -0.030365670086801903 -0.0012175432546884357 5.5604709200563136e-05 -0.007764157768347274 0.005656201154388433 -0.005791575089234382 -0.00024996993552450926 
