-4.219799860118514	0.49826033603092384
-4.8895491422865405	0.5253566138874588
-6.987556076806519	0.40154052953240044
-0.9461262257135015	0.39027707388280225
-0.9030939443173531	0.3792752418729259
-0.8387638285467774	0.3785415549475001
-0.5854854053546757	0.3579534672572551
-0.8551133353306066	0.38542765851878663
-0.8512037901191963	0.3844944322275285
-4.742864176213908	0.5174162361531821
-4.733916974594118	0.517024295070364
-0.8718650743927736	0.38376789372604253
-0.8737544022248799	0.3851220283015413
-0.8751688994370562	0.3855315000658291
-0.8735329702724096	0.3850886711550769
-0.8756820510907579	0.3852865932856092
-0.8726377582011576	0.3868445549344795
