-4.583234755158897	0.508677719130057
-4.784738224725468	0.5208128430721066
-4.318892923078964	0.49725389546727855
-4.49425531831932	0.5074582215852073
-4.498618709844091	0.5069353725531547
-4.698379730122906	0.5169475738114688
-4.6511572025758365	0.5125912608988991
-3.946361056907163	0.4838825946317442
-6.972482001542629	0.3981695425837376
-0.8593150500713	0.37751918569175197
-0.883004408597733	0.3818175229498381
-0.8695906285298534	0.3845520004049581
-0.8656476527339784	0.3800662252977501
-0.8558838196843281	0.37693045995135993
-0.847091763130863	0.3798296023742219
-0.830257572896496	0.37418163970164703
-0.5559849941014234	0.3480012942035142
-0.8590291498671763	0.3843116795685546
-0.8608756858123296	0.38454988654531597
-4.839230025125091	0.5200650455661047
-4.516854020881261	0.5081935727927349
-4.4840610759916295	0.5067410277211346
-4.485949849184891	0.5081560668859998
-4.567057588383825	0.510056527916642
-4.559677572120369	0.5090315826522945
-4.212301734161866	0.490431337048217
-0.8515113137845617	0.3767516245963318
-0.8507566070377409	0.3753787438492163
-0.864761147468543	0.37982271068978984
-0.858671366454036	0.3790160262643111
-0.8601911319275429	0.37905122370036304
-0.8520019077743999	0.38216940638606994
-0.8533109740346839	0.38220771686395266
-0.8448628374914438	0.3830259007712092
