-4.754285520117816	0.5173655214021334
-4.73320111034178	0.5174446525690138
-0.8706607140149577	0.38375406260622186
-0.8592804374836361	0.37969197396338666
-0.8732710965852679	0.3846175445194253
-0.8758885752242824	0.3837375846899567
-0.8736501372431655	0.386955629964315
-0.8771898005336218	0.3881168785903028
-4.8346275273502455	0.5198834327046791
-4.511020932531105	0.5085947980187978
-4.481563579778259	0.5069394862643908
-4.492383977369981	0.507733250264222
-4.558649411324709	0.5089078181679817
-4.554240056594491	0.5085149472434689
-4.21333902019284	0.49063546362442456
-0.8658579253163113	0.3799678030650063
-0.8629860603323012	0.37907328520333905
-0.8548316244795708	0.3767428573868152
-0.8543175537229107	0.37787162485112097
-0.8595204788632232	0.3793356823114828
-0.8536178361758752	0.38243946565155135
-0.8581608242413178	0.3834928336370691
-0.8478181833716074	0.3840286638343408
