number of atoms: 32
number of fields: 9
Multipoles
---
0 0 0 | -0.47700039596190447 -0.05456653811125689 0.014800993353304325 -0.0393852269765373 -0.05321539231099047 0.06870012723086359 -0.06226542519323166 0.04415203083057965 -0.006497227307759808 
1 1 1 | -0.15067857344990632 0.0006649199316630263 0.02684513164138895 -0.005350558650425618 0.02300734904009128 0.15167544420203302 -0.0696229320680913 0.15398818253881244 -0.016244311564031604 
2 2 2 | 0.08195112513149372 0.03714220020844562 -0.011902144881130141 0.01333528244402372 0.003638935316494774 0.153866319404784 0.009884104751623813 0.1631503361172411 -0.11084568020941803 
3 3 3 | -0.3061216947043004 0.029556289408649555 0.010566670868397871 -0.005443258977922235 -0.04385350230618408 0.18000486803465648 -0.0013838613614157672 0.06762456684745706 -0.04840307929184241 
4 4 4 | -0.13776458488541898 -0.01841141504879242 0.019619858535648117 -0.017317253904064665 -0.03204361495703904 0.1878874588101769 -0.010246833112127825 0.06002614671602611 -0.033462774261004 
5 5 5 | 0.4202975003336995 -0.06828883471046818 0.0656166190794902 -0.08933117672925178 0.00938123049802847 0.10170197470796638 0.10960034991878444 0.09484237956112461 -0.14146757285788858 
6 6 6 | -0.3584943907978788 0.029252596962999207 0.00022553932007562654 0.05452417128373168 -0.04219140361494235 0.1582865234126738 -0.09985332046507514 0.14384510045500032 0.005153679857121347 
7 7 7 | -0.5917588899862043 0.11395865947994449 -0.02206355228070492 -0.029140923313979942 0.09184064881576698 -0.04928887375115155 -0.08536118909487675 -0.010569474436773696 -0.00352757353606747 
8 8 8 | 0.1576643498551482 0.019574832636347475 -0.04632267905972052 -0.02304855176113506 -0.010428921431801156 -0.002388080278542832 0.015295815397858013 -0.006900676532921505 -0.000894440402845721 
9 9 9 | 0.16779146565304648 -0.0035359987860758657 -0.007679628516502584 -0.0491705322555738 0.006947541625037346 -0.01719420767771364 -0.0012451438458987642 0.0036817386289407054 0.0028675534773318573 
10 10 10 | 0.1568904533439901 0.009972469102968484 -0.03519658176956266 -0.029540478714368473 0.0027353466884874915 0.005922803576812762 0.010894083962067097 -0.0046088666233346865 -0.01024149984469953 
11 11 11 | 0.14668208330736188 -0.025999071623317636 -0.015388410208384162 0.03683873869631768 0.011307924119949827 -0.003834240824097198 0.0032919701697653107 0.011996327128437219 0.0036940020635359417 
12 12 12 | 0.13609675142996214 0.0050717935606002535 0.009010761147762386 0.052013307446622165 0.01368103201065039 -0.01870259689088711 -0.0003792031379288535 0.0040805898340121926 0.001979651754059454 
13 13 13 | 0.15670873240377814 -0.022905538969431902 0.02587231293853092 0.034010653719423536 -0.011670386858495608 -0.0002954650379237595 0.005760647078009707 -0.013855859901631996 -0.000955342886884458 
14 14 14 | 0.44061281416421905 -0.020283997937239357 0.003091909825601862 0.010531925101470666 0.004151288798244808 -0.008135805444691559 0.006108021447317385 -0.00810109999469438 -0.011756078081016565 
15 15 15 | 0.15132394220911105 0.020811216622180526 0.045174924784924304 -0.0035624542149633185 -0.008443983400758515 -0.013500381781154711 -0.003713581228354756 0.0017130547509902154 -0.00754961149057064 
16 16 16 | -0.4677217549869619 0.053071359118235836 0.03732508052852148 0.024119799298296354 -0.057591706588560665 -0.05614783280880489 -0.025736969572594193 -0.06514349226509122 -0.03325128524077106 
17 17 17 | -0.28788427156940255 -0.029957459133773897 -0.004736412872090809 0.003502578016821618 -0.14993794054248355 0.05932287483680866 -0.029942657773931368 -0.10541145458667682 -0.044652306481148915 
18 18 18 | 0.4058439638096667 0.10635969402195902 0.08097033461726637 0.04023568914058278 -0.053878361220778895 0.1796211228874757 0.030387171660071082 -0.12832856017628902 -0.03800009946147815 
19 19 19 | -0.16054822737547525 0.023935320922800023 0.008943566689116302 0.011104275483258682 -0.06084572853956679 -0.03541230530151079 -0.05845532296671159 -0.16043450635756387 -0.1060913253279193 
20 20 20 | 0.08974638422522929 -0.038541367829081866 -0.01696845659329669 -0.011554039965343677 -0.07379254907149368 0.07152010105187749 -0.028325591642079484 -0.20379914070446908 -0.11182130289289302 
21 21 21 | -0.33629313781749737 -0.032466075810985026 -0.04775621007282683 -0.01910870393919792 -0.1003585005555921 -0.0960581292223399 -0.06986331207115244 -0.16207449078375627 -0.1164966241093953 
22 22 22 | -0.13520261750538065 0.02128442148737621 0.013428893379758763 0.010455477256385348 -0.14533305415882392 0.0420469715980494 -0.04740044828917607 -0.1113104278069374 -0.0632817036860233 
23 23 23 | -0.6018764428023111 -0.11069913655719392 0.04134935400065294 0.006929459429071238 0.10959540417445258 -0.07374921106100235 0.002114207132916083 0.04990344527403296 0.04179178915860682 
24 24 24 | 0.18235350939239203 0.0009680645487782877 0.05121529211132942 0.016291861799669426 0.014078175097128363 4.45622983873479e-05 0.0024777380030797783 0.005690962553619439 0.004117476961880586 
25 25 25 | 0.1440538370737241 -0.04440040805885357 0.02995818887414529 0.0032771545105889734 -0.004391820975754192 0.011522368591414355 0.003920172870031897 0.01253993764697174 0.009787956430362657 
26 26 26 | 0.14402236863090168 0.031566055717078684 -0.034891868644458916 0.0052923335131985745 -0.011520267414296842 0.005685083997826475 0.0040196092613948575 0.012699891844383 0.006681587064855675 
27 27 27 | 0.44087519251533136 0.019282784679341147 -0.01166977849357539 -0.002540684538870912 0.009363100940094599 0.009359563158586688 0.00536598521671462 0.007388358679245975 0.008046337435569003 
28 28 28 | 0.14736039186339323 0.017406995528107726 -0.011775839219360814 -0.04435172440554856 0.012527081725198034 0.001445856222173333 -0.003401837495606962 0.0018779294107943041 -0.011523384519291201 
29 29 29 | 0.14857354243932241 -0.026648562047275115 0.03764256624026649 -0.002612964556116421 -0.0038007245365521774 0.017622937788528657 0.0029636081506053125 -0.004433205890666469 0.0005482786408775652 
30 30 30 | 0.1376387786263331 -0.000330079710892179 -0.05181855599974265 -0.01212062522127021 0.023180743717673227 -0.0013780247463757841 0.005467325085019459 0.0024250787279755017 0.0008600172141700698 
31 31 31 | 0.15183979970894135 -0.0021114431084390734 -0.030574996611194852 0.037893679372988015 0.00807438402258146 -0.0034121138211678464 0.010321581689559387 -0.005992977439658883 0.006913528159859771 
