-5.034150180833971	0.5252413318478459
-3.494838075021987	0.4632298624346719
-6.98808940161604	0.3992511215743045
-6.32349561289535	0.46459037397038616
-0.7932787064699631	0.370716050471641
-0.8200611913990917	0.37802307455482326
-0.577631189559402	0.3384456950789594
-0.5877860982627903	0.33887159921175997
-0.8258859294748165	0.3806944516829351
-4.785907488031643	0.5166659463708685
-4.781130317192426	0.5192367623607729
-7.340451460480582	0.5914374276438163
-0.8268647048265398	0.3748341374007348
-0.8228321312804866	0.3740918132719784
-0.810517349837615	0.36879779775927196
-0.8465113995077591	0.37829736984606693
-0.8431779699056049	0.3805354416333286
-0.8347740911791431	0.3788498174348092
