-4.840845527031162	0.5203070601152294
-4.492763520869056	0.5074123435404418
-4.547128852208809	0.5070211533554927
-4.510910605650487	0.5086597085249426
-4.216694812178522	0.4905276354543509
-4.48158901302224	0.5074457643051804
-4.55806054143208	0.5087465166675639
-0.8626423111277322	0.37788534332188933
-0.8604440705674621	0.3788974824057104
-0.8617240598796423	0.3794553822449203
-0.8643650831022637	0.3791905326557764
-0.8516950189036008	0.3823384548806131
-0.8526749711799178	0.3818421511799454
-0.8580486737831463	0.3786595431671053
-0.8452569901272369	0.3832064596855792
-4.742805248255236	0.5162122482133719
-4.739237431590729	0.5182918843186761
-0.8545306411370905	0.3795362865073144
-0.8792361033582302	0.3861202687860962
-0.8758517779454917	0.3847486202358381
-0.8795589984718762	0.3865302487095005
-0.8760868683828693	0.3872813763701304
-0.8710544159143792	0.38536682713378045
