number of atoms: 30
number of fields: 9
Multipoles
---
0 0 0 | -0.47688261202471693 -0.04103522877219605 0.04915130346974147 -0.014843994477170438 -0.04442150071335522 0.08457758873444159 -0.00979057856371915 -0.04789582878662519 -0.02420955666517985 
1 1 1 | -0.2043336635172892 0.0027669522448859687 0.02012919624958115 0.00039341920299446363 -0.10791395101738246 0.08305630510382635 -0.18627811686710508 -0.043741273457860816 -0.050374065396716974 
2 2 2 | 0.1485370151185066 0.02541862712004987 -0.0250330398753691 -0.0018624218380875702 -0.0377405125026977 0.0028368433415831363 -0.18919391557407278 -0.09176876055401932 -0.15331842870067267 
3 3 3 | -0.1353554839148572 0.03148637499463581 0.007371528355568042 0.015194147004458052 0.02073391587776235 0.09379727772697627 -0.07553072330220559 -0.1600670288949804 -0.11810217083551965 
4 4 4 | -0.2017673487151015 -0.012942334494059946 0.007560396483053061 -0.011966589238110814 0.037495442656794664 0.07590404338862083 -0.10002531161330358 -0.14588552140321798 -0.1203401317839723 
5 5 5 | -0.15810696045978911 0.02246239441273053 -0.0254572429480742 0.0003658225740624124 -0.02435366351606345 -0.038231014848004556 -0.16169356612946711 -0.060611846228074084 -0.14067574188013002 
6 6 6 | -0.12871274084804707 -0.003032400407420237 -0.029368852479950462 -0.01623910724675388 -0.10283358841522951 0.10907770432316757 -0.15631019216209144 -0.06709112584546564 -0.04037843337297151 
7 7 7 | 0.15485561699435912 -0.00811691627001143 -0.04697936200953572 -0.025917826762788896 0.00880184138289079 -0.006867564646256717 0.009157297231338887 0.003853937003706598 -0.0012281688735254859 
8 8 8 | 0.13420291844341714 -0.04656269719898764 -0.005463754764229121 -0.029600582129122047 -0.005144442685689434 -0.011181525665014628 0.001176934266450955 0.012566536966925376 0.007851883148193337 
9 9 9 | 0.1519641944386484 -0.03164317396225643 -0.036507889932588584 0.0006916535032975953 0.006171210541028713 -0.00872122930675573 0.001863825232560063 -0.004455277987743783 -0.003206389948873347 
10 10 10 | 0.14362384717020138 0.012761067336909767 0.009808603680357887 0.043956923391023195 -0.0028925176566892007 -0.007711282955808675 -0.013138520947874299 0.010164806531548653 -0.000989857107267035 
11 11 11 | 0.1407769893273335 0.04334983987581959 0.009085574786097072 0.026906126322516457 -0.007446262506890318 -0.007421186814420317 -0.002063026219315869 0.014525161129239733 0.01168993776022022 
12 12 12 | 0.13835969732356956 -0.036842781449619416 0.04090694179814283 -0.0027467532725530585 0.0008910971006869788 0.008386831038037397 0.012989875894161344 0.002283321324453758 0.012219956867285837 
13 13 13 | 0.1355436428525576 0.009582955218087967 0.048241427752136114 0.0257972158660226 0.011407978973801495 -0.010468071363574286 0.01158954571948292 0.0022975752278045513 -0.0016580703198223678 
14 14 14 | 0.1552232927491619 0.029065966004197044 0.007390695729155502 -0.03765612659051489 -0.0058472850640915895 -0.00360513816596359 0.010001659264952284 0.006403841812079008 -0.007621162330747474 
15 15 15 | -0.4737855483797757 -0.028437122209544228 0.057201450104907556 0.01627226632895262 0.05217487297559151 0.053771568765621676 -0.037401915861081464 -0.07055659762653492 -0.01334240960921661 
16 16 16 | -0.16012989185744342 0.0027721312748726396 -0.03345305679571266 0.004160099868207903 0.05646667137305645 0.0627576233233549 -0.20305695448926425 0.06983072703738068 -0.0631038282671545 
17 17 17 | -0.13374084106124773 -0.0167021280170201 -0.023299803965460743 -0.023648606795442322 0.05544216253287672 0.16705623024415917 -0.13294599938935273 -0.07018594623347336 0.013987090117814273 
18 18 18 | -0.12100250861742623 0.018537901597855115 -0.01975301308223027 0.02391460635961516 0.1213161934725485 0.07368654770888569 -0.09627937059044388 -0.06806470811060045 -0.14872547082624943 
19 19 19 | -0.20745235599087852 -0.02018401641134743 0.009700180578715219 -0.001879728146240826 0.10353435630591641 0.058728596188499405 -0.11240220767360944 -0.031151547735816555 -0.15284311682999033 
20 20 20 | -0.20084691722546566 -0.006711088692455024 0.012608762102300214 0.014971230972020213 0.05560167467534279 0.16685712246129494 -0.14861403542503812 -0.04108349577461505 0.0008840296909766059 
21 21 21 | 0.14871632253274392 0.011147781691418918 -0.037392446738730545 -0.002290237626919938 0.088934427782376 0.09242488840289587 -0.2136486263203195 0.03253832268738754 -0.0792519376256356 
22 22 22 | 0.14269913172119564 -0.018974679660514977 0.05142895733649606 0.00765651627891395 -0.006837148558245928 0.00043084323521322713 0.015498234242467901 -0.0056799101575306385 0.002129019436522948 
23 23 23 | 0.14024726367405949 0.014907507205267215 0.030808275682090536 0.04510756348553652 -0.0028430100693536374 -0.011647049275350605 0.009388447167534626 0.00893474134082498 -0.002576072802214931 
24 24 24 | 0.13157647168073516 -0.031999621825857784 0.02493737915143125 -0.037072730959545754 -0.010944654803258555 -0.0032908088278362302 0.002303051251161295 0.006602910371487594 0.014839923624403364 
25 25 25 | 0.14397577710628373 0.032251856684187466 -0.02090236603774357 0.03533460035403266 -0.01197425062865842 -0.00012350762778060432 0.002335727423045402 0.006709253247759714 0.016040872495981174 
26 26 26 | 0.1402005756403143 -0.016530360411702385 -0.02478301187531597 -0.04233931087399341 -0.0015668606752052175 -0.014075816793177012 0.009706556943513247 0.007374556528421584 -0.009866062626993336 
27 27 27 | 0.1482455605829548 0.045526165307883865 0.009682157801000325 0.011753175424543216 -0.010940665837001888 0.004281742465261613 -0.009567446336592607 0.006445122698286718 0.0062070011127250795 
28 28 28 | 0.14524174112114774 -0.001753251199365401 0.0023386864208126278 -0.046949192994167256 0.005351178573634925 -0.005547087101511027 -0.004522616354012686 0.014162010111922209 -0.008360840585856412 
29 29 29 | 0.15556748426838296 -0.029796340503935398 -0.030149163600917264 0.023647009112931393 0.0034724792770901404 -0.010867948699983069 -0.002553600358431935 -0.0012300335681701758 0.00955466094587509 
