-4.745259905816703	0.5176476251352952
-4.734823486298666	0.5176689729560299
-0.8749130138360638	0.3859125431601712
-0.8633120570605052	0.3804437877077224
-0.874379452960948	0.3855080190407615
-0.8766573053749922	0.3846922572735117
-0.8726285941545061	0.38671447137680814
-0.8744194089969273	0.3872503080464335
-4.491461943466146	0.5052379363801042
-4.793041634574781	0.5214329109621492
-4.798455955920308	0.5207308685646626
-0.8946780346767408	0.38271734465187557
-0.896307987929704	0.3840838916496219
-0.8700471182809223	0.3850726696992851
-0.8664816589754054	0.38422157776543825
-0.8701412076825564	0.38562677909185
-0.8625962242632521	0.38327684458356326
-0.865525492358504	0.386040761876576
-0.8649567045996579	0.3858330483164774
