number of atoms: 27
number of fields: 9
Multipoles
---
0 0 0 | -0.2258938481007311 0.04255604099975149 -0.02504115130378063 -0.06451357262005072 -0.03713739387233959 -0.03520053301875847 0.01709970066496656 0.034723069308247846 -0.06362982536645455 
1 1 1 | -0.43036703874036775 0.021585023214670353 0.04636335158771215 0.06581414096181544 0.05976431971347855 0.012779372700442198 0.006834907656246965 0.03282368626106267 -0.05282304386251028 
2 2 2 | 0.05390930937993854 -0.01409134229315092 -0.018467328692802775 -0.020114028153902806 -0.04536599810991046 -0.034115037872787385 -0.11002569595902303 -0.08234422576102746 0.23596929328997934 
3 3 3 | -0.12780998988717762 0.029102328789973864 0.004697676517501695 0.006224634587829447 -0.05925487898365554 -0.10735097185980072 -0.044433554759246194 -0.07497946178760706 0.1351366415673441 
4 4 4 | -0.15668541147868087 0.022741044038391726 0.01611853493545301 -0.0020503333269029896 -0.12224611084171237 -0.04316252242202024 -0.13559854978133723 -0.020969126191936922 0.1054141291474845 
5 5 5 | -0.34712660214493596 -0.05241217421217518 -0.003737689876880711 -0.01977675711027979 -0.14715827602382517 -0.08594756464995433 -0.14510557225791196 -0.032552135479434016 0.09752116203145933 
6 6 6 | -0.2841591487639139 -0.018276427519204008 -0.015224381372585668 0.006625854979499272 -0.020990592637970328 -0.10322445261699857 -0.046390153494098495 -0.07851093472545521 0.14062773337273385 
7 7 7 | 0.3990247426830784 0.12277045164813408 0.03939221538205728 0.03847164263143035 0.08116004605708592 0.0017372675367826633 -0.028336347952780803 -0.06953697710281918 0.1938300424042449 
8 8 8 | -0.5921658588020211 -0.053148026475992656 -0.09127591471479252 0.04574402189223023 -0.01642587182997214 0.08758269219267899 -0.01662101969396689 0.055488713144979274 -0.09393534663333955 
9 9 9 | 0.11884941683402028 -0.026718662761733267 0.0398491401423673 -0.009492830883088835 -0.007247509643334428 0.0203322435254431 0.00578105035008414 -0.00889832544858296 0.009772971662790396 
10 10 10 | 0.12675917481166243 -0.005968412469171113 -0.03608894616290651 0.03532810971237491 0.002687562587724909 0.008298028965759196 0.009543914987832521 0.003200028013966081 0.015638577375207904 
11 11 11 | 0.1431795283525844 0.03551344878679912 -0.03107329386410029 0.010902835987148397 -0.003983484087212388 0.009740509097650172 0.0050563019222516405 -0.009020581558197287 0.004877390687092504 
12 12 12 | 0.13683728637605408 -0.03463599874608071 0.025402800228387784 -0.03244518959983204 0.002100142027672663 0.01853559327657447 -0.0011511132796141932 0.012323373402129002 -0.007692816160858611 
13 13 13 | 0.1450584233068768 -0.010349766281997384 -0.04652903368170253 0.02792805906428625 0.0066500887038651105 0.0001968068150538107 0.013732910444584854 -6.999701848855807e-05 -0.008222069524840774 
14 14 14 | 0.15233303274020438 -0.0012387870011765518 0.0411855119383178 -0.027250531135197275 0.00666019875815732 -0.008476181694821004 0.013989630890570804 -0.004235345713857568 -0.004558438473432962 
15 15 15 | 0.16793461027682 0.03361656221590394 -0.021752405217868753 0.0308851762734387 0.0022667617870045192 0.015380942861709705 -0.0027259888336302325 0.00892790558616073 -0.006798982875948417 
16 16 16 | 0.4436314159238458 0.007778686911530936 0.018412228626910464 -0.01060922028236103 0.011998562828976298 0.00816760533476073 0.009475826023579687 0.0003971239243059811 -0.00315104835844395 
17 17 17 | 0.13889583408814543 0.009021225113945014 0.036871294759382514 -0.029175490412806402 0.0005745738490148426 -0.0011169434346345302 0.005491044587511162 0.0041552247707320545 0.017498622925159524 
18 18 18 | 0.1336806237632402 -0.047557848372686846 -0.010029705641213856 0.008332969115887294 -0.010990290750536204 -0.010747555411099653 -0.008307910397199737 -0.00678026745850811 0.0032709387652770615 
19 19 19 | -0.3900302280997554 0.059402240753557975 -0.07572388358862422 0.03751466610641616 -0.04233213645873333 0.0984673994935803 -0.06004482845937172 -0.045498863978872144 0.011172330932162985 
20 20 20 | -0.38398998758878555 -0.07415433255325724 0.061165568195868776 -0.03140983583741156 -3.088578528273377e-05 0.07873722426188791 -0.04986392500422254 -0.036228769487629 0.0578675157354252 
21 21 21 | 0.12562445455133087 -0.017043066726895498 0.010512386721604696 0.04721972805108823 -0.0021341566213085262 0.0010492871885449922 0.011416610423363744 -0.004238273255466802 -0.011795966286634112 
22 22 22 | 0.1351205051449934 0.03393051319829644 0.027954933645036952 -0.027689200443263798 0.0031408825242788124 -0.01019376264748999 0.006291547422661607 0.001985724618497554 -0.007457595687547125 
23 23 23 | 0.1305087457181987 -0.02482372626038426 -0.03240336550350519 -0.02765572292161926 -0.004658729855810469 -0.012152375192065112 -0.006178847626199457 0.008101411897390316 -0.006721086967532924 
24 24 24 | 0.12640248107383467 0.02056261335941715 -0.006267932621861198 -0.04571369285884617 -0.0018952792307428555 0.0009690492955583126 0.014169426440544863 -7.419119852236102e-05 -0.012515577446636499 
25 25 25 | 0.13176492875972223 -0.03519438577217126 -0.03268562359295548 0.017080338213715112 0.011719806422719952 -0.010623279755671402 0.006562267012801215 -0.001980923340863063 0.00519985549923204 
26 26 26 | 0.12596895563795407 0.025478253292437948 0.03452475930625828 0.02641421806472544 -0.001904478563351678 -0.012017999145414328 -0.005759178663008625 0.00964303094171721 -0.007311152903379197 
