number of atoms: 20
number of fields: 9
Multipoles
---
0 0 0 | -0.7092746633676814 -0.006157525093673957 0.016721415405541788 0.01456124415774428 -0.09674196983901617 -0.016742319424064695 0.06233749158797015 0.07743980009218177 -0.05528627635257421 
1 1 1 | 0.9479913785897258 0.04803500528602573 0.01438303165838177 -0.02715201671810758 -0.12760035277584367 -0.05196366089041372 0.062137975129081154 0.11138242197303429 -0.09797179528362847 
2 2 2 | -0.8199860704983593 -0.030083093348368523 0.008850013794257707 -0.06530084000048611 -0.039334885665879823 -0.06759010506073586 -0.029472814054519694 0.04045409476644994 -0.03283201545388281 
3 3 3 | -0.7980398787703837 0.030548245123842476 0.04144251028980666 0.03993559602751478 0.06577490538244136 -0.01868356966682381 0.007787171253339127 0.0812801202115706 -0.06627050754275629 
4 4 4 | 0.17892156916261936 -0.0003525965291337921 -0.04087889641226783 -0.0008497373107126253 0.0026406946112173205 -0.01307422771816989 0.001167186145287808 -0.009747307288869711 0.0053631562208447305 
5 5 5 | 0.17905379555780232 -0.019874725263303014 0.0197943046481407 -0.029561174871599077 -0.007702954270609448 0.006409187883971932 -0.013101018768647398 0.00015192532611417743 0.0037832778728048282 
6 6 6 | 0.1738704742763857 0.006111533815844529 0.021058726163912588 0.033010235722483246 0.010058175885420097 0.001847464814948391 0.0014874751758688005 0.010441983085389529 -0.010898493084097282 
7 7 7 | -0.17560605421879405 -0.0608689913421611 0.10025130002251621 0.11971313439102735 -0.09825490237288186 -0.044398164131301675 -0.02383916819410521 -0.003922677882270269 0.019930844475784387 
8 8 8 | 0.9522267276444474 0.023874291516687077 -0.001894278467304814 0.002979989774293615 -0.06017168442315147 -0.023854086526889192 -0.010987362952766554 0.010333925835552133 -0.10190992455116701 
9 9 9 | -0.5950642742088847 0.017727283561057326 -0.09368730043410738 -0.11081092112851447 -0.027662088044014686 -0.014966800070563202 0.004723269481903269 -0.00886673659304123 -0.016357424488998518 
10 10 10 | -0.9517810948113761 -0.009210140606268628 0.0025312197423835872 0.006530252646908125 0.023875263057533718 0.022489504479088103 0.007761085307640626 0.0013649476760160051 0.0696535894819383 
11 11 11 | -0.9322765107563322 -0.009573136357550097 0.013630911761163766 0.03784376031908427 -0.01967094658836191 0.0065528960618611 -0.027481715788440168 -0.004817522218711306 0.04417141754337596 
12 12 12 | 0.42783658107641287 -0.03098830434466928 0.003993036830750868 0.0029148140634277595 -0.006889857949922296 0.009624140864215305 0.010997189178441792 -0.004583129952638111 0.015911040675326973 
13 13 13 | 0.10432241591567903 0.026223436823741626 -0.04560275487203578 0.032078076790467404 -0.020395760708474493 -0.0028279635845314495 -0.005055467481238923 -0.012657434101619512 0.013423689395612313 
14 14 14 | 0.10570002827174574 0.01862294144419336 0.04206686740009994 -0.041312234142316294 -0.019932891436533103 -0.00775597364118199 -0.0016698384287891755 0.007966216935774284 0.016220624878131088 
15 15 15 | 0.42434624078759176 0.005526026930642643 -0.018433865889633968 -0.018761293606119524 0.018863667979708044 0.005195957840972861 0.000298822795554355 0.0003621493026548665 0.007050245917946546 
16 16 16 | 0.4294882286953967 0.018853627009885934 0.014700795961248438 0.011966647398919235 0.009007714397229943 -0.005876537382468661 -0.010060205113956291 -0.0012597377263077678 0.0108041490141186 
17 17 17 | 0.48325158445506333 -0.01927187518930225 0.002112142219916123 0.007109314418569636 -0.012579499158888499 0.0069397005921647 0.007208271045092314 -0.00017134204252399455 0.011387083799394106 
18 18 18 | 0.4087921265775867 0.011223656946289608 0.018717508322314152 0.015879715495375108 0.0037659549015784705 -0.0069762558105691255 -0.011916707655054072 -0.002120983303004959 0.014696307378973166 
19 19 19 | 0.16458249109017575 -0.053103463618081305 -0.02310054513121625 -0.02289095835349762 -0.0052605940362736745 -0.007149499023837137 -0.008203269625107472 -0.0030314061768728284 0.015945984918109616 
