-4.864648804155759	0.5240129868805606
-4.111079430680077	0.4970853483527955
-4.590423639764939	0.5177040967458864
-4.050497592868077	0.4863181826225408
-5.722487470517733	0.43997037091552
-5.9709001499253835	0.46683972883530667
-0.5950708644822166	0.3501744017819739
-0.882576845582971	0.38388350339907745
-0.8491184930465951	0.3789196676058708
-0.8426544764986147	0.38147510799548173
-0.8584287001539739	0.38425912201302104
-0.8590751442464922	0.3860309942491313
-5.096221407328754	0.5398545347924664
-3.3709087080553397	0.4675356315669496
-7.180400024645722	0.4122814071702017
-7.147423691841766	0.4146539002004094
-0.8296894092293934	0.3815663181149965
-0.8386344508117042	0.38248058912969574
-0.8326029119607105	0.3836730512606256
