number of atoms: 27
number of fields: 9
Multipoles
---
0 0 0 | -0.4106679723767215 -0.05081557909405905 0.07895158397970377 0.004968234356483723 -0.007215504876006485 0.09447191884772732 0.028461430379835756 -0.02852584676232692 -0.029436189679276137 
1 1 1 | 0.2604423561709934 -0.06305573773028383 -0.0414319889765711 0.0008235381146897366 -0.016896597430327998 0.08783990329558891 0.022263237953662873 -0.17618705472023102 -0.05335292525392904 
2 2 2 | -0.04032567293710265 0.03635794496389064 -0.012522599089537277 -0.002510009809275386 -0.14480165969652042 -0.09100571896829322 0.007118145687415245 -0.16740050309091647 -0.0313059934677583 
3 3 3 | -0.03798035896923313 0.08831585297562468 -0.046295748480421964 -0.015406039799017807 -0.07896836221811698 0.018517975936809237 0.02487672258326503 -0.143864614091146 -0.036796859655959226 
4 4 4 | -0.10106079485876229 -0.06490098711787441 0.09393557605218425 0.012573389011354566 -0.1413054845955867 -0.0733879444206869 -0.0005611218725345041 -0.030986134731901385 0.004658578071739627 
5 5 5 | -0.2886973138305349 0.02255098002884277 0.009721936352516669 0.000985775906018942 -0.03933352934343675 -0.08538224630870678 -0.019599814547982597 -0.16733809967865831 -0.05298583061005064 
6 6 6 | -0.11739750243077296 -0.004054713253510547 -0.037105512178738274 -0.011683747301176621 -0.17367073420844742 0.00752030761399182 0.02734531742737123 -0.09572463777356256 -0.026733835236659013 
7 7 7 | -0.16753591408492774 -0.029864121741710072 0.004253278002287169 -0.004815987863595882 -0.0805253774984803 -0.08095175714478584 0.004643146134158189 -0.13754033925108097 -0.03142460719968924 
8 8 8 | -0.19281021935637277 -0.032585087718204266 -0.01585317082800041 0.0028487783797758763 -0.03502273789055013 0.09700391816593251 0.02699960794898857 -0.16460949775119543 -0.05852936282576776 
9 9 9 | -0.4085040459058167 0.056274041799612776 -0.030722726052671276 -0.0029362300475031357 -0.06312388217605536 0.02138872459340507 -0.004501570957211244 -0.010387010262269838 0.011814252944391031 
10 10 10 | 0.3580668162016827 -0.03614035167052928 0.009372472333033989 0.002704181231026093 2.7325142393499966e-05 0.009172309000775416 -0.0006772184425786758 0.0218376159007308 0.006524574189953902 
11 11 11 | 0.14896543571587728 -0.039158317621367955 0.03004166111022046 0.007998934469415629 -0.0031966287287743204 0.012880655700289498 -0.0023963604363629485 0.015501460831600882 0.003941330008955965 
12 12 12 | 0.15116597813884403 -0.026170981335373482 -0.056675301509489906 -0.007816859742236117 0.008016439505760437 -0.016111093799549406 -0.005187802231343132 0.02121290471203882 0.008901794614196226 
13 13 13 | 0.13365689739605924 0.0033204268076698906 0.05440313054504419 0.008047969334002227 0.022557653349898853 -0.00014174714490482768 -0.0015915660519549533 0.005584395423945956 0.0011502327507218596 
14 14 14 | 0.13994139541279949 0.04513422777207185 -0.02894740315721406 -0.009589652686389715 0.0034183760759893132 0.018003557076392826 0.0002915012199420854 0.012138520637800916 0.006002042859082191 
15 15 15 | 0.13923257530617106 -0.024414306596444137 -0.028984418472349834 0.03338206630366838 0.00884246110032205 -0.009200485433485478 -5.263252953984619e-05 -0.00542378107505675 0.00822099840024902 
16 16 16 | 0.1475445334276999 0.040986560406781725 0.022292849565744274 0.017935573640387097 -0.01495501994310759 -0.008444019251113183 -0.0033824968652383593 0.006377743423084217 0.002433394412496072 
17 17 17 | 0.1453285186896961 0.04676967109938824 0.026361205678675784 0.0066872319906574355 0.0001839535510998718 -0.013148506615815727 -0.0017058797402825536 0.015072491984551493 0.006955120066126442 
18 18 18 | 0.13999176569360805 -0.00765460643271855 -0.010639483197859885 -0.049303713239667105 0.00574071477336947 -0.0053642725500822955 0.005304740916758312 0.007711704041354673 -0.009703408517798313 
19 19 19 | -0.38130141987375676 -0.08710348183747822 0.01912470489110042 0.0004395698767388123 -0.07601590023728864 0.035223020865053134 -0.05613418227897678 -0.018004608862717864 0.00798473555763873 
20 20 20 | -0.3882521017433511 0.09372091891277114 -0.02157860742478951 0.0030918742950494685 -0.11526478906125882 0.036914953365474554 0.005459896236574992 -0.010163523536710605 -0.011630080820413148 
21 21 21 | 0.13592577313427034 0.00209728673139551 -0.038529828201362054 -0.03322821106749299 0.0160067264610532 0.0014266086681989226 -0.003793107446328676 -0.004116610569997681 0.0004295034106038924 
22 22 22 | 0.13574897900468152 0.017109975580259243 0.042045503280766464 -0.022010207795412143 0.007611944797960651 -0.014230729528837626 -5.2085651247717483e-05 -0.002211159696737762 0.000953889444920286 
23 23 23 | 0.12538161262947378 0.0022593544021648443 -0.005976960037979057 0.04909903881493995 0.012550370829721262 -0.0023719453475988172 -0.012671432740527988 0.004324709192401169 0.004493511404335725 
24 24 24 | 0.11545764188339458 0.0003652037488084301 0.006229795622902775 -0.046611912047356666 0.013208333831792768 -0.0023125375552557896 -0.012574116764784055 0.010220588911475217 0.0013298973936439543 
25 25 25 | 0.1286891295177487 -0.00962425155851022 -0.04137919646648189 0.02846520910159939 0.002510838409237167 -0.01764312114009462 0.007866796584669556 -0.0016577345637098504 0.0014963531760177598 
26 26 26 | 0.12735324999174424 0.00853284604889633 0.04083018557818844 0.028125184061153146 0.013470305812002927 0.007036014068740288 0.007775904184558698 -0.0069161795102929595 -0.007443256989650981 
