-4.748275272124748	0.515830806321275
-4.734823740441542	0.5167476810088126
-0.8608831458918426	0.377426513197053
-0.8695272100913947	0.38386835401343644
-0.8725538426705861	0.3844594891649354
-0.875506103818549	0.38511498926585475
-0.8765031071255273	0.38517478155377893
-0.8777257720952661	0.3878823178870471
-4.782921679797316	0.5177844767017623
-4.41083598600799	0.5001455077236615
-4.377381330479949	0.5016180004288844
-4.10078280100542	0.4869994746943583
-4.446749688599326	0.5127789201312133
-4.554914665533648	0.5146386884752178
-4.468548594293632	0.5099553489739252
-4.5045559803460895	0.5107134401116395
-4.641379200704654	0.516319901514363
-5.804953653493738	0.44684218334089065
-0.8421855238448935	0.37541730935923395
-0.8628052883659089	0.3795957517468319
-0.8699968541384141	0.3823734714623762
-0.8462293064480507	0.3788487870146767
-0.8490393808339377	0.38174408983618807
-0.8600690504838663	0.3831456152868395
-0.8451598921252349	0.3807304471148385
-0.6413457013312756	0.35069883457632284
-0.8539868654499447	0.3844556201119761
