-4.775290578655932	0.5168839861187454
-4.099403943873604	0.4850890988875698
-4.41253074878923	0.4987750363429373
-4.373523495897803	0.49971088024612487
-4.444970624715958	0.5111915380211308
-4.639893623404326	0.5141316814651788
-4.469745748102549	0.5080980522647537
-4.521435958056298	0.5107719192600081
-4.546121962480063	0.5133321882259899
-5.806513247157037	0.44627562011205263
-0.6376746535103227	0.35155063087919924
-0.8461013716014919	0.37730008090190376
-0.8524271307541206	0.37943679388885726
-0.8681901737816274	0.38020494188015436
-0.8596548287373035	0.3795975314773753
-0.8617862591158125	0.3842160403211857
-0.8543040060783403	0.38173297464992156
-0.854261179278616	0.3776730396083381
-0.8574691674277332	0.38521210570453635
-4.745379716208171	0.5178230255697311
-4.748988699837669	0.5174519221789687
-0.8714447753828718	0.38407971626564635
-0.8643890532005255	0.3813016210349007
-0.8803616706596878	0.3861854450136453
-0.8426934965126363	0.3743970984268209
-0.8803926400960541	0.3889465064154129
-0.8806122707029179	0.38868242298799915
