-4.21549344599297	0.4995587065063095
-4.8555263379191285	0.521094964655678
-6.9895780277155755	0.4011735595691329
-0.9503624228963421	0.3917631587201023
-0.9437031450939707	0.38857753393813077
-0.8496037401524462	0.3792399278057905
-0.5846188396434853	0.3568470923333345
-0.8394105213300957	0.3811406920601337
-0.8506566226068252	0.38312849621169476
-4.742698181210729	0.5175700585504873
-4.739466998632294	0.5177787005943593
-0.8714183551108511	0.38449496438062813
-0.8739484061556227	0.38529913018027095
-0.8729803574162556	0.3845387441513718
-0.8800016810777285	0.3852753569101666
-0.8692398032224339	0.38594532350436983
-0.8691112697418635	0.3858241755212329
