number of atoms: 30
number of fields: 9
Multipoles
---
0 0 0 | -0.1713444931356234 0.038533272021435624 0.0733229523782127 -0.01032653844830198 -0.002499804338002838 -0.019929525256655027 0.09763469391118093 -0.01465476663803113 -0.0165493241443003 
1 1 1 | -0.44209164019099934 -0.05759045148452598 -0.01577746575418607 0.05436657460017156 -0.008707769641694394 -0.03617325324372431 0.04453425269132501 0.0023889994775913494 0.074558631089854 
2 2 2 | -0.06506121631700523 0.08229509213363338 -0.031352030093172514 -0.032249851514859935 -0.05539012635291385 0.09184122737492881 -0.0863961377005225 0.02563632526780378 -0.18391824097761733 
3 3 3 | -0.08945061286311429 -0.044900128971235055 0.09158324373543372 0.10235758755897427 -0.11092915228141957 0.051894271138056516 -0.06966430516874796 0.012128538443710622 -0.04184864359129827 
4 4 4 | -0.02899663904929728 0.025448772442526843 -0.01845909282768223 -0.01817660939655045 -0.13664635668605496 0.08464716748426439 -0.09685682526233501 0.0417883476132939 -0.1200154739212673 
5 5 5 | 0.25244143327210544 -0.07380612343295 0.009225544471314961 -0.026117302809676453 0.029718771937925464 0.05139942982201388 -0.011744590049096271 0.06192002223559541 -0.18420543304305434 
6 6 6 | -0.16542493133046143 -0.0275342034299664 0.010635312804832285 -0.0007757406606058461 -0.10199159350740096 0.042730435382961125 -0.1087914569912554 0.05315817304446265 -0.09723208313598133 
7 7 7 | -0.2874172740944454 0.01969360952368698 -0.0023448097312776285 0.0068163018553386145 -0.07208616025191565 0.02398836455377168 -0.11658958830880571 0.06804351389914372 -0.11092582363147131 
8 8 8 | -0.1961287485973866 -0.038815459580253946 0.014332263459289805 -0.0018210167837015448 0.024405785600220258 0.06403693477153362 0.00015498665892042926 0.05694892151992145 -0.18821690422821644 
9 9 9 | -0.12012533045299456 -0.01287227338993497 -0.019997954003892426 -0.03522187939285151 -0.12351979649512698 0.11935661421133306 -0.010273743687107876 0.013427243322825855 -0.08919550515994727 
10 10 10 | -0.43247652608302456 0.047473149928601514 -0.046716757723348476 -0.040933399987724294 -0.03712053885400567 0.04539219608980965 0.04042318544911764 -0.026077569415568033 0.017255243449462554 
11 11 11 | 0.11767892976463179 -0.04379067859607953 -0.007157764621112715 -0.025889261771905887 -0.010240331734772122 -0.0062632588787481435 -0.02021062783316712 0.000877783671522109 -0.0012996471720329312 
12 12 12 | 0.12179648576258928 0.027101025272255694 -0.03292010650714538 0.0305850948484907 -0.0005094627582065828 0.013209130380929157 -0.011681791912529627 -0.008339940033459444 0.011208987767041644 
13 13 13 | 0.14017770983667177 0.03414880152565449 0.006448488961424052 0.033413977920634656 -0.008718141250047674 -0.002024846488184853 -0.014703104795766744 -0.004010702430812053 -0.0033188839869437467 
14 14 14 | 0.14761417343728034 -0.029001438799608346 -0.0259264256916425 -0.05331632962877691 0.0018445167444568436 -0.012753798921459707 -0.004159985850385692 -0.005769874606205923 0.020670334356683296 
15 15 15 | 0.35834350883690047 -0.029969698902185385 0.01983096628398083 0.01213212065422933 0.004025842323327969 -0.0012120892173549107 0.016026956404201494 -0.011278388250632949 0.01972156299696738 
16 16 16 | 0.14108576202182788 0.036543177594836676 -0.03195707889500175 -0.024803172395422537 0.010498645763696511 0.000770453514465488 0.018842141419444326 -0.008498428205230918 0.007106040892423525 
17 17 17 | 0.15589480588392235 -0.029832783014881084 0.030526870150820253 0.027192356545131566 0.004365553854641997 0.003987929258730501 0.016460871549524754 -0.00800449016602769 0.007514790096396099 
18 18 18 | 0.14370012345162197 0.052006123533558254 -0.009874344975487956 0.013573624887000242 -0.006213455537251542 -0.00628477451365711 -0.0037347909426091183 -0.005011550166720266 0.019268491382120986 
19 19 19 | 0.13840071998775438 0.019741976222292696 0.024522952702714297 0.04714152078885548 0.015329112385079587 -0.01482341108189946 -0.0018684045977468548 0.000655317286012499 0.006376216332833559 
20 20 20 | 0.14894109461489413 -0.02757532201067331 0.04090486382423366 -0.008043879479837613 0.00972655221852908 0.005591895152139854 -0.009039949873549188 -0.005940188718670714 0.007118843755111346 
21 21 21 | 0.13580025937061801 0.010170796715080718 -0.04192724968627302 -0.02399355777558254 0.005101948326042772 0.008600095997179508 -0.0016294680669617322 0.006483354927398286 -0.013527292852324041 
22 22 22 | -0.39038311713158347 0.08096238999011351 -0.04515759476242659 0.04930417524170516 -0.044656013779336694 0.04981915450469333 -0.08911096833271345 -0.0048774596119839295 0.03287933969562888 
23 23 23 | -0.3711030811665479 -0.07918795010488523 0.03346253967160844 -0.05764742639050695 -0.03610029462710588 0.0627542940683999 -0.07263180578706521 0.003482616794291448 0.029574197307809868 
24 24 24 | 0.1293408690927026 -0.021072539699011055 -0.045145573743641934 -0.008174001395190388 -0.0022336989943160333 -0.014977831029062763 -0.0003592859495954626 0.0003592487416042016 -0.00865450057204743 
25 25 25 | 0.1310053136289001 -0.017194404193553833 0.027540219561183573 0.0397248410832426 0.00019599522915349118 0.002635383516364411 0.012707895661412486 -0.007863966762224325 -0.004948518137611346 
26 26 26 | 0.127329522572862 0.028430608838318362 0.020747387014074095 -0.03705660209452189 0.014161604749023296 -0.003549921437836965 0.004632692010872359 0.003434153469628971 0.005106648576607738 
27 27 27 | 0.1254920638283269 -0.028187970926875288 -0.021876293792703158 0.036706355099704484 0.014921132508683719 -0.005465652255157025 0.00568011087543259 0.0035052713090107067 0.0061652842944500165 
28 28 28 | 0.11881299061784201 0.0222050981970656 0.04422103497251831 0.00769412261090898 0.001251485488738233 -0.013522489171359346 -8.189688111490261e-05 -0.0031288564140266725 -0.01042207463342317 
29 29 29 | 0.12335941452930599 0.023159415398860805 -0.030985791236330898 -0.03280941475786801 0.0019426700060525854 0.002302720123026395 0.015030242968503582 -0.00658227471379279 -0.007384571041879028 
