-4.729526453934828	0.5163501295123326
-4.743534329843509	0.5180654547796985
-0.8755406751477144	0.3855891391916303
-0.8800338107971329	0.3862502525013529
-0.8759181922343334	0.384547473253988
-0.8724314073241406	0.3848521563776599
-0.8708546359754189	0.38626485720100806
-0.8714383350335048	0.38633547167836496
-4.7419254396267165	0.516843365235304
-4.747492617836041	0.5185700801095213
-0.8746829802696803	0.3850641778686954
-0.8655765746630768	0.381329660738703
-0.8758838550672222	0.38538266831110446
-0.8749629137280016	0.3855785048393092
-0.8663581595655284	0.38521968424681574
-0.8682057061359739	0.3857678151576888
