-4.864475385864376	0.5208061456959553
-4.134400006859895	0.49626833361471034
-4.047302101651637	0.4859501895586393
-4.578504339076686	0.5167222621825007
-5.898965576880856	0.4596063599169054
-5.743031000663919	0.4434776214636553
-0.8739359820070342	0.38249827756379656
-0.6471322096993031	0.3503349847553083
-0.8372317635632216	0.3785891147639233
-0.8348058912731667	0.37926981687385675
-0.8482998601899469	0.3805548644000357
-0.8357285206314263	0.3810450831187345
-4.4898229323205925	0.5061931498051653
-4.8024291263398355	0.5223422697881106
-4.788303595996513	0.5208008040069059
-0.8938634964318606	0.3839603346445746
-0.8977046020040943	0.3837674903364746
-0.872112995278614	0.3849177074602348
-0.8691246961304212	0.38363860924690363
-0.8562379961733999	0.3843139759209167
-0.8712885179892327	0.3880736798884018
-0.8568573333646456	0.38417984755169754
-0.8720521491622963	0.3880005404128011
