number of atoms: 18
number of fields: 9
Multipoles
---
0 0 0 | -0.045214982807705084 -0.12342981939925741 0.018182204608444934 -0.027928584694257786 0.11430556077529222 -0.15539221172514123 -0.061084857301121884 0.04131948930152519 -0.06964416135022046 
1 1 1 | -0.4863741969814317 0.018743348684248505 0.028214806571297445 0.022093145627185486 -0.0002972075084557072 0.011355334829703502 -0.03538810933932766 0.012939505455230385 -0.04377105916483922 
2 2 2 | -0.6131809366975967 0.11472833744006894 -0.06153199861187703 -0.03313483427539757 -0.040724228827146054 0.036345464374821425 -0.04195499432220826 -0.007477410458122468 -0.06891489514781167 
3 3 3 | 0.1506938684834278 0.02759566352816246 -0.03514966738218847 0.04741426140309605 0.011605824248920052 -0.01593146739210762 -0.005462738664965372 0.007069994753694307 0.007734548552738068 
4 4 4 | 0.18130325321677032 0.053055460019518 0.03613500943597282 -0.021032573135748175 0.009904441308288757 -0.017447498073981972 -0.0019191039952548455 -0.0017819735290461286 0.006669524379368096 
5 5 5 | 0.1408360605696709 -0.02928352001384206 -0.03200705727621639 0.02038760391411174 -0.01342959570524325 -0.00693972376391466 0.0012305328862192949 -0.005600349880214448 0.00749437853839771 
6 6 6 | 0.18617554821531712 0.04416973376460975 -0.021643907582698303 -0.0009939068062488658 -0.0052920435841921805 0.00800742590677085 0.005556239799920755 -0.002808070344256169 0.005109914673067327 
7 7 7 | 0.3921312283932612 -0.018281263022632166 -0.02505703954994023 0.015819227582972134 -0.0017372798022943898 -0.007616155961087822 0.0005798449717082427 -1.2547769978022416e-06 -0.0010133525998495207 
8 8 8 | 0.4356538884849245 0.014430907060575105 0.01959633025231556 0.018864936418433915 0.007603745014579974 -0.0013876954600238085 -0.003075146005641963 0.0013450614127129385 -0.016447040654275685 
9 9 9 | 0.4094754601879256 -0.004494862458601605 0.014579737760266867 -0.03060294871015992 0.0033678871505630624 -0.0002056656900214442 -0.006296540377465867 0.0018088617642062893 0.0015468361216297755 
10 10 10 | 0.15517237107343818 -0.003579619429202089 0.02245869228839338 -0.04376864654410167 -0.006515159169386038 0.0068061716793728026 -0.005306176599268328 0.006325845749887434 0.010886719349020859 
11 11 11 | -0.7151157518228493 -0.0017158873173247434 0.007789134476113075 0.0024382129288965807 -0.004184037035264951 -0.05574288841180235 0.03115064824489285 -0.13138741753543642 0.04356898063216004 
12 12 12 | 0.968707254718927 -0.013081119279287783 -0.03839650583532585 0.04792015744869544 -0.056009459406326505 -0.03529615018524001 0.08427130754211568 -0.1590873422419188 0.09072033054536299 
13 13 13 | -0.8356136199032473 0.06498456781215026 -0.013857810166050298 0.04198590536693911 -0.06714342529038766 -0.0007950085219511138 0.09806958235398054 -0.01469843704697946 0.1317766231614165 
14 14 14 | -0.840068368829801 -0.03187329375353275 0.05429065076040342 0.07790687126768912 -0.0047333263787241115 0.024122088878147933 0.031116846229781205 -0.10191078830629194 0.1071814213886095 
15 15 15 | 0.16833991058360642 0.027961138495554136 -0.015516161211553085 -0.022260617281631694 -0.007255427485450685 0.002846659512357651 0.014246218981540023 0.006889488317449531 -0.0039575862254582535 
16 16 16 | 0.18541897191538692 0.013857832715380181 0.008391858395985299 0.03671257736406638 0.002302761425389499 -0.008335364439831633 -0.009377264213512872 -0.001937295877510455 -0.014973476324379374 
17 17 17 | 0.16022211550254195 -0.03051101268684371 0.01773223989438518 -0.015007248555172888 0.0009674891338431015 0.014756557017736401 -0.009848775237432765 -0.005946785529112644 0.0071396666267395615 
