-4.601121413726354	0.5064768982830121
-5.975639894323176	0.4420909817776617
-0.5584186082724452	0.3449758927461455
-0.6203007574786178	0.3391198135035246
-0.5992951197251715	0.3353705366291275
-0.847304947809022	0.3768940178119929
-0.869737099781684	0.38137433177342844
-0.8230111990332158	0.3747289751091556
-5.069130604484884	0.5328413755737766
-3.361357490749699	0.4651177950656078
-7.211797369234564	0.4120181856821293
-7.142468805020891	0.41287950957087605
-0.8347437051779809	0.37986307087712073
-0.8168394128691598	0.3782343658679905
-0.8206974148933995	0.3799181487923645
