-4.733506816277523	0.5162969452908275
-4.743656040723906	0.5181652182800802
-0.8739038491157696	0.382611497059009
-0.8746852722020104	0.38596350130390383
-0.8801868225844328	0.3863215670724045
-0.8724450270089623	0.3837367013498233
-0.8709597283671123	0.38654723051110207
-0.8741305709246963	0.38726088900691724
-4.484065625436757	0.5029018198072921
-4.792595964096611	0.5206277808599709
-4.797397642035376	0.5206351920837105
-0.8932788284644997	0.38352175660071697
-0.8967754187642847	0.3810417472377749
-0.8715241654200253	0.3851492516918938
-0.8685977694745256	0.3854640220869467
-0.8633160697618384	0.3843500791096712
-0.8676223587334778	0.3850792982249489
-0.8683018932842504	0.3865046053193733
-0.8687882028501452	0.38671791600695593
