number of atoms: 24
number of fields: 9
Multipoles
---
0 0 0 | -0.476489860949286 0.03286612342587428 -0.024891945621765513 0.04975858735692831 0.069379091480554 0.053433280579094855 -0.04760352869249063 0.0259723650208598 0.050349549016909356 
1 1 1 | -0.11731281852848419 0.0006764777692795681 0.03660822685178173 -0.002714312977377648 0.1700614625158981 0.05117385212474492 -0.12333196966285825 0.10802145569180421 -0.022582578852966488 
2 2 2 | -0.15636987517679213 -0.006450578134452738 0.020007328857843055 -0.028472720803078635 0.1637844222897929 0.095499232698254 -0.04482337833835376 -0.04413275478427831 -0.12248973657351679 
3 3 3 | -0.21884774725033918 0.005315507842685018 0.005548941559585145 0.017170296828143444 0.1256206596656226 0.15948721727752624 -0.0812213730980273 -0.0643073003051858 0.015015301411422564 
4 4 4 | 0.15434618324991511 -0.010900849572472192 0.016429853313026658 -0.028256772295203195 0.18731414335930485 0.1271220981475609 -0.0713630664262007 -0.020997177742183962 -0.10978173806069605 
5 5 5 | -0.12551453561053716 0.00046920493040844303 -0.014495615199482243 -0.03085586400402294 0.126508986804846 0.15020416708209844 -0.10290061417512862 -0.04572310811569058 0.04958155343643093 
6 6 6 | -0.2059244221341654 0.012487610505036256 -0.01266775688854761 0.0032203196048954325 0.13596667209360397 0.07826703766824741 -0.1151918895141067 0.09440524405078136 -0.061656444705742566 
7 7 7 | 0.13793541674176768 0.021653858890309824 -0.05074081577520941 -0.0029704201295549146 -0.0020405708994711822 -0.003906709368790309 0.005767503321654446 -0.015455191358482907 0.001487452687209835 
8 8 8 | 0.13790922370275815 0.02486571988403416 -0.024929379207632853 0.0420344734091763 -0.011002852948777953 -0.005735748893572574 -3.436944035823131e-05 0.004891580250796221 0.014276637222288089 
9 9 9 | 0.13148902250853722 -0.007225911975968767 -0.026279995122684193 -0.04212446897049242 -0.006802294977581142 -0.011310750146656222 0.007781654841830659 0.010844281765550282 -0.011831329071446055 
10 10 10 | 0.13650786437706142 0.005114045636683 0.027455043971733324 0.04837652324872019 -0.005967222391638173 -0.012598621615203733 0.007301791586205227 0.006584008917841961 -0.008450127755395543 
11 11 11 | 0.14941850623524466 -0.03583951149977004 0.019355288496771393 0.024894046407745337 -0.0034599345852431565 0.010458681797413714 0.00497079617527396 -0.011316349097734919 -0.005732337798980105 
12 12 12 | 0.14466499559158186 -0.01628466119816344 -0.03978115731691488 -0.018093356178653083 0.00534506486338716 -0.006192585338965637 -0.001521422611315845 0.002081645228359078 -0.01725613185711747 
13 13 13 | 0.1438078681313818 -0.016895125445475705 0.04874959324428382 0.005833580764725019 -0.010690354496372435 -0.00014981314446258805 0.008893005925156326 -0.016216897682233153 0.00260402440015044 
14 14 14 | 0.15472061259476733 0.035827730071357165 0.024721419453245692 -0.020960418223049847 0.005761411176239373 -0.0063415048887379465 0.012176351642085498 -0.002725585149300176 0.004062567078431734 
15 15 15 | 0.13297503908677744 0.12269685422425035 0.09492992757305492 -0.05394947946891008 0.00690070793505981 0.14295498255501327 0.11887685703585242 0.044169901042499564 -0.0119894518874267 
16 16 16 | -0.5318411617361773 -0.005768770591102068 0.04156350369547245 0.010603730843927168 -0.034150794851793155 0.07889044888718884 0.055675561443879466 0.007346751441443393 0.007814583210248775 
17 17 17 | -0.599797224179186 0.045440724351522646 -0.09574279696056079 0.08462196674684914 -0.06472215677169621 -0.04306546690268475 0.12273356287524734 0.062093100373817385 -0.12563727420770615 
18 18 18 | 0.053049366092983496 -0.05739700709776438 -0.01150420376191845 -0.03198797136892921 -0.014449378856338083 -0.0023677230541996417 -0.004522439674887919 0.018826247050160887 0.000253891901017293 
19 19 19 | 0.07715681846649458 0.02130878802057396 -0.005114160246631794 0.060169602435177195 -0.0020460484626432284 0.006672015663507915 0.0007989448418463846 0.027442979558429507 -0.0010150189241872882 
20 20 20 | 0.14490861705962044 -0.02266034530556207 -0.03378175884084409 0.018785245270158957 0.007216959084714207 -0.00885720602875715 -0.0014090680944775953 -0.007591551926967147 0.01116068891392194 
21 21 21 | 0.41350968738405625 -0.01417232682412574 0.01241096921228599 -0.01592264081258688 0.0019789630775261316 0.012025798635158723 0.008633034346548246 0.01451889096405501 -0.006525140988829416 
22 22 22 | 0.17106040589184257 0.039484606177151466 0.017757034237269174 0.016907218278142924 -0.014514977587332337 -0.004228069144104945 -0.003775207230287275 0.0022257828378207806 0.008264395088710848 
23 23 23 | 0.14618202946658576 -0.01331051868348056 0.0013470465001729321 -0.04255468634935699 0.010322968035463672 -0.0065103712439377685 0.0012485663794541896 0.01487749798346819 0.001161240976894164 
