number of atoms: 20
number of fields: 9
Multipoles
---
0 0 0 | -0.1885932178408689 -0.07396672252690836 0.08982760254037217 0.11640305653851821 0.0051387485828217625 0.04765027600165333 -0.06409283214463295 -0.027557588016281158 0.110639202784288 
1 1 1 | 0.950677253781798 0.01421281939321326 -0.012130525495170212 0.024127984232899052 0.0672790562156834 0.08944200528165694 0.016668293612729323 0.0397361746060459 0.03778487486937232 
2 2 2 | -0.5790497809205384 0.06791714311198656 -0.04867408437863354 -0.1282240606217075 0.012635175300540605 0.053203951713155534 0.0023732073937061107 0.012075402008117627 0.03042559160901587 
3 3 3 | -0.9398199119502735 0.0123852142063702 0.01630111406145329 0.0006358397217597758 -0.04953410922371986 -0.04600273707159588 -0.005536407957037716 -0.034664991153036215 -0.005061533213483653 
4 4 4 | -0.930499762002472 0.004411430221089177 0.018559353566182785 0.020068752748183538 -0.012986919204211753 -0.022981201415214772 -0.038973252702794406 -0.014506886429028016 0.020525405136205967 
5 5 5 | 0.42616933893019626 -0.008950569725912535 0.026167691978523294 -0.009239129897177697 -0.009777069656632734 0.004735729239834876 -0.008054066533767393 -0.0191122553316999 0.00649152296531693 
6 6 6 | 0.18078346163034376 -0.01864260464781786 0.03782188638038872 -0.04556133716295056 -0.0034151199471341128 -0.007976589730870185 -0.010314513808536162 -0.0034237586143827806 0.010479343421271681 
7 7 7 | 0.10411401377641205 -0.034401388397715366 -0.05002265243717814 -0.007438602752125698 0.003939369692481833 0.00035336360598278314 -0.020563778169533715 -0.013732670162087278 0.016165133691209255 
8 8 8 | 0.4336088209117185 0.010665731650721794 -0.01389688653384883 -0.02077199652314544 -0.008196798872440823 -0.013166259486459579 0.004167149946082088 0.0015979425252895818 -0.011113835569800314 
9 9 9 | 0.42480840305269496 0.003441081895012383 -0.008283650494190603 0.025718698510105668 -0.00578737673506528 -0.01643731904718154 -0.003351126142071386 0.0055679438170604155 0.004156331516891956 
10 10 10 | 0.47133300163658765 -0.012465084612269467 0.021555214858554633 -0.0034521885941748848 -0.005089186643080084 0.0001326344325532334 -0.010438643601705225 -0.012661708282531072 0.008030568642778136 
11 11 11 | 0.41851888289088435 -0.0014037494214454158 -0.00526183108051109 0.026803632382147946 -0.005547342351990753 -0.0167049908151457 -0.007950582109897094 0.0023681001163708133 0.00676348065353626 
12 12 12 | 0.11498672571717239 0.05954546009155818 0.016563428608912332 0.008197495784400934 -0.009162506428946544 0.005038294167709116 -0.008160193457513537 -0.009663288254628545 0.02241754460458409 
13 13 13 | -0.7134867169041774 -0.011117971500861612 0.009248953439263366 0.003129502536457864 0.10948859383838151 -0.03365976311676515 0.06493553129848591 -0.08379003477209167 0.0091010830451694 
14 14 14 | 0.9663952974053842 -0.02638154854391537 -0.0519569948372389 -0.0014114546686326088 0.1392026293141058 -0.062327612693605705 0.12170036694212048 -0.08467621981794818 -0.00044171351400450133 
15 15 15 | -0.8277523957945245 0.005701143354887069 -0.013331752900970297 -0.05995651207704687 0.026446050169033217 -0.08858181350501297 0.0774971697161376 0.04931913739694338 0.014280235194583 
16 16 16 | -0.8342252269504566 -0.059501109470888394 0.02289315835493115 0.035797735900755044 0.09210958158323802 -0.04233573951355178 0.07093849329950236 -0.05433368605408492 -0.06746236064193076 
17 17 17 | 0.17555118202837916 -0.015947950967796574 0.0036632033182673763 -0.03680054701049263 0.00690971713599112 0.0028495691888409994 -0.0032972471401899843 0.009310137636371037 0.013746782381629373 
18 18 18 | 0.17185888726042808 0.03938006309518495 -0.0028575790499151496 0.003045111995207316 -0.014795475181362797 -0.010695537512886195 1.0273495015991506e-05 0.0004004260244550449 9.755176040051533e-05 
19 19 19 | 0.1733004365307902 -0.0233793437525922 0.0119193437178669 0.030485963345755866 0.005912506431786225 0.008427460419953655 0.008351714391268233 0.002180471921762382 -0.014030171390086357 
