number of atoms: 29
number of fields: 9
Multipoles
---
0 0 0 | -0.47825078175322755 -0.05184441667807552 0.02629223263838553 0.026168293115278483 -0.013193818979318282 0.09542014944416635 0.052371922494568623 0.005582933476002567 -0.011227815296699055 
1 1 1 | -0.12643878951194676 0.0055684575946229 0.007637421169245386 -0.030742406661410957 -0.016450680895809318 0.23690867100223503 0.04467907082648151 0.007337223698908152 0.04822227364900367 
2 2 2 | -0.2096596553611798 -0.01023433864647238 0.013933443686913483 -0.003518453343649845 0.03645199915725367 0.10765690673301048 0.13330813601084956 0.13604401012302925 0.06214301975096803 
3 3 3 | -0.16798030705757583 0.033035949572364706 -0.013817257317604496 -0.015077543742730577 0.06731907144893887 0.12754595043674694 0.006750477170693527 0.10099227660155757 0.15167223543718786 
4 4 4 | 0.1477973753826296 0.024003251213168767 -0.01605265044600233 -0.018770067669162647 0.060981104776616876 0.1760640575991742 0.038535051320081226 0.10233260877517188 0.15251934547117707 
5 5 5 | -0.12269388012143789 0.018990515296255426 -0.02424520876529989 0.015435385287729569 0.013552592181888352 0.1287839813936539 0.15334773372770052 0.11534433624762176 0.027485225901346264 
6 6 6 | -0.20364365693065256 -0.00800687337191666 0.00294530729479265 0.014448710428605283 -0.019144736751221525 0.2099667039597783 0.05157898712101642 0.012646721489565367 0.07874057937418272 
7 7 7 | 0.14163861222449625 -0.011869980580177075 -0.013940269994966432 0.05404918720675889 0.005112347309953212 -0.013704481221756845 -0.0021090820814143128 0.0042238371971531794 -0.004898308130290834 
8 8 8 | 0.14629424194422846 0.028554335755381605 -0.03615491499476894 0.024280043638572803 -0.003020232924832311 -0.005321526195967187 -0.015831443089376573 -0.013334642667373626 0.003682575252359593 
9 9 9 | 0.13802206508233217 -0.0407862219106485 0.028808643313292075 0.023551641558606288 -0.008047255343044355 -0.008823165358344882 0.004236527037821996 -0.007433361290256477 -0.014114920468990131 
10 10 10 | 0.13613482876221772 -0.028704239992603155 0.03915432458305646 -0.027226279349007645 -0.0011997214024455282 -0.005469598896650433 -0.014815262441279098 -0.011312379661982024 0.0012633741225310789 
11 11 11 | 0.15102094656081222 0.03373526973924267 0.011321125139250479 0.03251863612856346 -0.0078553848664682 0.000867467325482518 -0.012961672754508899 -0.000804282702370148 0.007362142713112063 
12 12 12 | 0.14796249962942698 0.0022242500882518564 0.029860617975536886 -0.03512529352769782 0.009903264084565998 -0.005270454400571635 0.001006963565413969 0.01076166382342049 0.011131522155816207 
13 13 13 | 0.14283520850586562 0.007370953447932328 0.014233191536044108 -0.04977282507501413 0.0036331125036673 -0.01805810632768567 0.0032413301451294134 0.0073483632378799285 -0.0036579098279598283 
14 14 14 | 0.15489528186706358 -0.016264927955971835 -0.04511326715809969 -0.005566799098223225 0.010353658063212607 0.00026373697647170074 -0.007380899666818343 -0.00850496660459165 -0.002786638673261924 
15 15 15 | 0.0637332494911691 -0.05321878565479482 -0.01487131362500383 -0.008915296860883668 0.04837996046897089 0.03416121934737516 0.0014676797829945925 -0.010487551988861615 0.008729714792300768 
16 16 16 | -0.46074246649181383 -0.01074779682594195 0.07671274274627916 -0.010263649691992201 0.026704616439910706 -0.0643604177086764 -0.0047075612397166405 -0.09021051907328194 -0.029388601251798423 
17 17 17 | -0.4663807743244597 0.015657282363507073 -0.040078871029579674 0.05337971274250142 0.01888789767327407 0.05066847823640224 -0.08921422223969203 0.05594444992606394 0.044419000221406026 
18 18 18 | -0.47485475188191106 0.01660114084760847 -0.03555306727543471 -0.05454284379316958 -0.01790207453831521 0.04171015776553786 0.0761204746867021 0.05494184864719688 -0.04078320489829744 
19 19 19 | 0.1044588997252035 0.051851758644720976 0.013248607967141 0.0029722231284473907 -0.022559475748085027 -0.0038582063195378787 -0.0051693388222822205 -9.165035563188784e-05 -0.0021389462830051806 
20 20 20 | 0.12976983724757774 0.006892772037118606 -0.0038976918334858294 0.045483449001911216 0.004328244053659561 0.0021226673226515842 -0.001544820777831923 0.01329014847208709 0.017476960947824593 
21 21 21 | 0.13300902217061472 -0.04333546564985345 -0.007064617217531461 0.006008914199814994 -0.017557832935325316 -0.003083995326306744 0.00020626468792018292 -0.005092418868063789 -0.009254957816063508 
22 22 22 | 0.15037469139090098 0.021059938934095183 0.04311177040268577 0.009447121625592773 0.003269661500810809 0.0033228255300034406 0.0031118425419335064 -0.010777340488554573 -0.004984127460855895 
23 23 23 | 0.13930514776479175 0.025597173154487143 -0.026069649218467068 -0.028757037885346164 0.0043198799401382845 -0.00202573251756555 0.0075207043926008715 0.011990308511264173 -0.013443153832599333 
24 24 24 | 0.13768391141023684 0.011698151287732305 0.04259319807263126 -0.013205754997139045 0.004325979084446669 0.0005498023912710867 -0.006335928237110531 -0.01590357103774893 -0.0032092888472973428 
25 25 25 | 0.140478524504839 -0.04041278225692455 -0.01163493931212267 -0.013045747622231927 -0.01857619955330881 -0.004380707052810508 -0.004278123263583843 -0.004070031709430315 0.007542869495213366 
26 26 26 | 0.1315060393073555 0.03918899528810686 -0.0145447268777162 -0.024068587277290537 -0.0003382804808342547 0.01001817227363174 0.0056343439924805535 0.009566785559094595 -0.009843537087639223 
27 27 27 | 0.13946672550660844 -0.044322207108306685 -0.005053093842783585 -0.010327795139630669 -0.014270027713584356 -0.006473916589678075 -0.0057524148932222826 0.010580781295547152 -0.0033250121069351877 
28 28 28 | 0.13181823652864155 0.020768463192687298 -0.02208741535685751 0.034196360702922174 0.006108575307588034 -0.0043186424987896885 -0.009848194121351657 0.004554688092954075 0.013306785132642333 
