number of atoms: 16
number of fields: 9
Multipoles
---
0 0 0 | -0.3785816035521927 -0.04280267467102194 -0.07762111305542986 -0.04368383020712779 0.03562293305808532 -0.06299852722961831 -0.03838280422257753 -0.02672493521822991 -0.08680482430834333 
1 1 1 | -0.37764354151709423 0.0280032383180002 0.0813897699133536 0.05589116393911422 0.026262407099493866 -0.06756528445422867 -0.04303579576197578 -0.04493620513861854 -0.08641369940736743 
2 2 2 | 0.12461736338133256 -0.0118658064840832 -0.017864360403871172 0.04503271697336682 0.0037014470243012846 0.008529427011106802 0.0023905465950335475 0.016182718457856477 0.0004351515331568625 
3 3 3 | 0.1272974130328558 0.04599943095229334 -0.00994761018446486 -0.016168780841824146 -0.014971095862585358 -0.0020780475438442543 0.0018688334183691213 0.003804303801436572 0.009415775949313096 
4 4 4 | 0.13131646543187192 -0.02800050325173257 0.03434688585377319 -0.024278704889205048 0.0017006796234815518 0.010685934587716411 0.007944323520639621 -0.00592825104687958 0.009737110626655306 
5 5 5 | 0.12416573374386741 0.024530348064695433 -0.03140520973366087 0.031133972484338444 0.0057618284319711005 0.009115238096629624 0.006037335187530378 -0.010243738160579392 0.011207750621788809 
6 6 6 | 0.12294220561039881 0.025856252583756265 0.016250862200013278 -0.04086485656145719 0.005220757490634969 0.008669996369171075 0.005049565469681155 0.016317808560703827 -0.0009121320524164517 
7 7 7 | 0.12534678634003438 -0.04900967321033013 0.008244347513124977 0.004367344184843782 -0.014874680065376582 0.0003191227802267064 0.00041552696689477675 0.004054218861169723 0.009503839654865773 
8 8 8 | -0.3713366167376897 0.01124744673818158 0.09724646013966434 0.018402597919582823 0.04888568847752241 -0.021662893311039086 -0.011152722429241127 -0.09500713012647607 -0.05633960801085799 
9 9 9 | -0.3804009385601157 -0.015799175599060158 -0.09658084989975674 -0.025107281876305496 0.059561116928222115 -0.02881122769478944 -0.004917872644532917 -0.10222781559335328 -0.03855167331762715 
10 10 10 | 0.1281768018613897 0.012964413078899477 0.004725717039363258 -0.048894598533591176 -0.003012799551453376 0.005890690059463301 0.0011122968595226547 0.014615390973205807 -0.007540079314980072 
11 11 11 | 0.12256725127372625 0.02930783282069455 -0.014804781085690857 0.03731956752974004 -0.0035296214746433387 0.014547308375946272 -0.001490115533347003 0.0014633749305758908 0.01294586785608636 
12 12 12 | 0.12402161841754833 -0.046071832296773876 -0.005875591802182962 0.016775071962929856 -0.012726390431077294 -0.007415596065524332 -0.0005177835895499909 0.008062596914045617 0.007448246504101573 
13 13 13 | 0.1253160016598207 -0.0036464791960356146 -0.009778087368855748 0.049231018953429725 0.0014098783155187407 0.0037582134274931804 0.00021789436600772497 0.016627522944630147 -0.008718582347114512 
14 14 14 | 0.12496032578614358 -0.04142073794248509 0.014224406403694084 -0.02604026668689058 -0.002856617300294096 0.01483275996702384 -0.0012419888497544084 0.000983422066435861 0.01181579249364862 
15 15 15 | 0.12584843373759336 0.046736897434579185 0.0001613354918311988 -0.019139452451955873 -0.011392890732407535 -0.010229585648602074 0.0037638003832249417 0.006515533964444095 0.008092230976814059 
