number of atoms: 18
number of fields: 9
Multipoles
---
0 0 0 | -0.6573687175633243 -0.009271316942906472 -0.010664700434353504 -0.017165340916556054 0.026111335571306904 -0.01323696734122445 0.006221674908108248 0.03259655840738973 -0.07054700267350761 
1 1 1 | 0.8508211027361394 -0.0015320171170808258 0.04689096817052746 0.03527983006228688 0.11190881509137063 -0.11965694238746119 0.11624182274590607 0.013783196231348905 -0.08000886757049087 
2 2 2 | -0.621472475644703 -0.03544402499603569 -0.025067702032029744 0.0894472841351236 0.052581884127790406 -0.06865442247168933 0.06740202094181592 -0.06164261383367585 -0.06911112972421433 
3 3 3 | -0.9329663214295207 -0.019034959317944977 0.003552962352509233 0.0045426435538424145 -0.010390711993938491 0.0037703378683701556 -0.011477144991894136 -0.047637998354655056 0.014225658558205232 
4 4 4 | 0.20146634756197612 0.019768734440649208 -0.03503307339994052 0.019610062594809432 -0.00013094549520501815 0.005297483555553461 -0.0003982050359927129 -0.009652516291044494 0.0017137899223579835 
5 5 5 | 0.15274068035651434 0.023263229087100417 0.017796318492018667 -0.027366672211078972 -0.002775996355313337 -0.004639821078848021 0.009446994468829252 0.006736965082478275 0.013891137619275106 
6 6 6 | 0.4198470247238416 0.0001415119324389684 0.011327239342378092 0.023488784992542238 -0.0026811403148172368 0.011576642892668692 -0.006595553685761392 0.0005044040742016277 -0.0073035419248121255 
7 7 7 | 0.4042750212930717 0.010754410203321086 0.004501792640000654 -0.02407886423353121 -0.008585599838167238 0.012318701612711916 0.0004331274616889154 0.005635662239970641 0.009800974145307258 
8 8 8 | 0.2000645308411999 -0.041234507620897816 -0.012960002150841586 -0.012012551271343735 -0.0035716375060225397 -0.004819879188796542 -0.00836727671876734 -0.0016439382101897553 0.001004255344319974 
9 9 9 | 0.13921116236242614 -0.028840029875740077 -0.11762576920373627 0.10636544017790676 -0.07127919818325253 0.02653111471851831 0.10568222246164415 0.10830631547583112 -0.0182742990236197 
10 10 10 | -0.5514446372142032 0.021011299923978093 -0.0306005409545741 -0.016336102304326666 -0.02180635830533308 0.03578151796409308 0.0727078378495295 0.027197921854986765 0.05587855786955586 
11 11 11 | -0.6244711873459607 -0.05541406669006591 0.03156700244772731 -0.11679051894429839 -0.16668210736332098 -0.0544025160599091 0.07482538779292536 -0.08125170979596288 0.0018984011842774961 
12 12 12 | 0.10697893098458189 -0.023563927898418137 -0.028918526116382952 -0.05626343754375576 -0.006547097829280538 -0.009795110049003084 0.005497950643514885 0.010381680967917776 -0.01761580990060285 
13 13 13 | 0.03674042346699291 0.045684270254233654 0.04142877910778798 0.014718527717844931 -0.0034015512626895915 -0.03232001888840979 0.009332987120049612 0.006040729929381148 -0.004417337593731614 
14 14 14 | 0.1567860634206878 -0.01442331758725853 0.012492187826289193 -0.04036057272983039 0.010682695306431466 0.003936446503812616 -0.010318434029892099 0.001676501089329363 0.011545733888879616 
15 15 15 | 0.4115425858677203 0.0004490324216327076 0.004432528169200997 0.02100403241470828 -0.01597502683597627 -0.009847784410595566 0.003111359853889431 0.012530906268243895 -0.0063445551710834165 
16 16 16 | 0.1332611442144076 0.015209001025284169 0.028732055865923967 0.029837869530440164 0.016570241767330532 -0.0035309806567452007 -0.0035374567563157665 0.005213644016830733 -0.007482104943525612 
17 17 17 | 0.17288214416483205 -0.026018717843743377 -0.0370657468392542 0.0036674314449280233 -0.0005170149441035373 -0.012358635671297798 0.003377327642319736 -0.00010770244187948001 0.014238538856269318 
