number of atoms: 27
number of fields: 9
Multipoles
---
0 0 0 | -0.2232816165850311 -0.01156124862716467 0.08098269940822253 -0.011371757289944362 -0.04030148352390163 0.008562822197453735 0.08590468759183419 -0.06292652486421672 0.02779495759129718 
1 1 1 | -0.43027177581954756 0.06162458937532225 -0.04839858275923035 -0.02187543961412199 0.018297314077570192 0.06209393764736462 0.015026811295910533 -0.06113884430276224 -0.027552961358676485 
2 2 2 | 0.04905938313168434 -0.028099224479775035 0.008897156419899804 0.014636744238532146 -0.08815392743957776 0.010262011201331123 -0.06793194956608536 0.11379346529009939 0.2158853030469256 
3 3 3 | -0.12949771738928284 0.024640416484127303 0.008723686412774162 -0.025100143921092437 -0.16244605644548143 -0.008628071571889578 0.02745448584847991 0.06811992656495655 0.12239703464633794 
4 4 4 | -0.14050743037529312 0.01758705639309463 0.0030926712584437694 -0.0028353318371275357 -0.03283087261213342 -0.012842096571415593 0.020942796496447938 0.09591632305900016 0.17630631226878396 
5 5 5 | -0.342072009608124 -0.026070462067404952 -0.026878126440487732 0.044712027340826126 -0.07540529948171334 -0.04400260776552958 0.08926567377193195 0.10873604454695537 0.18409571850269954 
6 6 6 | -0.2884702169789506 -0.02228888320328486 -0.002343979897081866 0.0023795024228963563 -0.16063956633308382 0.01750685388375009 -0.020216326037464257 0.06653457045054437 0.10632859181008865 
7 7 7 | 0.40671903599138215 0.08811656367122297 0.0517964308366992 -0.08772209373432835 -0.09849853232411504 0.08427737948675165 -0.14195426806073236 0.05393168322024617 0.09643381893591768 
8 8 8 | -0.5952798278582385 -0.11400721705350843 0.009111686466988556 -0.01222938460397246 0.13473161534659553 -0.0200539617519371 0.021670003677021554 -0.01829008566699575 -0.03375007516151372 
9 9 9 | 0.13486692380741205 0.01786149613225459 -0.012760620487995498 0.047453671540486755 -0.0012677547278934207 -0.0014499058920422127 -0.01617636921827903 0.003827701937229316 0.0017352875168847794 
10 10 10 | 0.11947434200105023 -0.024791884785423855 -0.026735931901756105 -0.03558478831246204 0.0050908490661990225 -0.018970715564724204 -0.01157801829092563 -0.005853819774749401 -0.004512454325729491 
11 11 11 | 0.13565298286588678 -0.009572101590226754 0.00913988730356059 -0.04549866629104622 0.00386090255215098 -0.0012819375584846504 -0.010178425584459914 0.006079479015500539 0.014013366190826826 
12 12 12 | 0.13059927125219573 0.013180093470913415 -0.025058013573688677 0.04560800405886842 0.020941789255333902 -0.0007254863986715431 -0.00018654775687691982 -0.0018067938409081128 -0.0016363405378762832 
13 13 13 | 0.13985313431336877 -0.04957235736630073 0.008638810026903455 -0.01743862503454873 -0.005631072454348807 0.007165819975014796 -0.009206461277805616 -0.010807447731364139 -0.016031604710037044 
14 14 14 | 0.1495663385147069 0.03871499003850551 -0.015218171548756812 0.025630872676843 -0.010706759856014901 0.0007534135809205165 -0.0006875770797390145 -0.007562785479986076 -0.013812957254589513 
15 15 15 | 0.1678188454891193 -0.006069830653505271 0.02475876658999653 -0.04322716154523385 0.018686680622688225 0.0012546500342804413 -0.002095500816210442 -0.0009801779347490688 -0.001802912673935724 
16 16 16 | 0.44179430274651543 0.021881822544905734 -0.0034471557599316076 0.00480075997245457 0.004542551032163593 0.005314585614088739 -0.01009251356357046 -0.006508831961354724 -0.011273110690548267 
17 17 17 | 0.1445483333193096 0.0334363868885512 0.027783763477761046 0.022969766895232724 0.010417646095326359 -0.01332839290132287 -0.004155253602600629 -0.0005022428452523273 -0.006659343750853632 
18 18 18 | 0.1338964650135649 -0.031170555448379 -0.029742780097038103 0.022780439620370747 -0.005735926610682349 -0.010216685483270947 0.008493154059073051 0.006807685232057199 0.004706435537124273 
19 19 19 | -0.384834185087775 0.085911961705304 0.024516420919065227 0.05203880304485409 -0.08110125709359155 -0.05311695400149193 -0.05781125089218537 0.012602282185975897 -0.0057415861960197915 
20 20 20 | -0.3898852277097129 -0.09737694743946163 -0.023553213336832187 -0.027785541941794226 -0.05347621335682262 -0.04591129799545816 -0.09039969861295953 -0.002029865782625382 0.006817472863970825 
21 21 21 | 0.13146839912214836 -0.007982877030679843 0.04542536689627979 -0.024441732776262094 0.0012729309513721998 0.006705959652587377 0.00360301098540196 0.003975011468414145 0.00340536365641203 
22 22 22 | 0.129422493104832 0.019123504078250114 -0.038762716605351424 -0.025481822371215358 0.015681511812044368 -0.0012626963130232707 0.004257031224934228 -0.002432519828355951 -0.007742103930462743 
23 23 23 | 0.12726764531465573 -0.023524497479743674 -0.010986441353978945 0.04285535385859455 -0.0026506883531071963 -0.0003205267339300098 0.01742919183766025 -0.003268771396832394 0.005049781937950993 
24 24 24 | 0.12028061432548853 0.021491631121393313 -0.0021202481988062726 -0.046312360291870226 -0.002002466648261246 0.0008053465377978359 0.01624521646045607 -0.0033361186569707897 0.009109536142505332 
25 25 25 | 0.13113101078377598 0.0027235038028145357 -0.044198284119091595 0.02360308002905004 0.007289509270892542 0.013297663211312318 -0.0017329264396986105 0.002410719160791883 0.010782403369255428 
26 26 26 | 0.12853118650450757 -0.008469678501708343 0.04210723888392858 0.026454892049062543 0.015428616221716011 -0.0017005017466912638 0.004934167365301977 -0.0025187481015748327 -0.004194091282962711 
