-4.483649000614437	0.5057980843349117
-4.792371479674456	0.5215005963836233
-4.795246093121109	0.5191495266536368
-0.900798323663793	0.38605806489619066
-0.9142920101717767	0.38898463844739334
-0.8665402820086895	0.3853232231412574
-0.848333111237928	0.3781118218381709
-0.8743678352369632	0.3859465860282827
-0.8650878044641982	0.3858685265845252
-0.8698461952362337	0.3868362786094856
-0.863373920344422	0.38530080499481073
-4.8262102697896045	0.5200669507671547
-4.680608564970248	0.5148441060628419
-4.504170589039289	0.5073101810339239
-3.9553989864129613	0.4844380205566402
-4.273047065448601	0.4949304084852074
-4.643205032001955	0.5123452354871664
-4.512924968999967	0.5087447693899851
-6.9728874717615605	0.39804562069965066
-0.8517839204767808	0.3800744157305454
-0.8628087771137114	0.3798072926032351
-0.5554306316943305	0.34692085953272567
-0.8301811208001797	0.3744321347655962
-0.8539577044804857	0.3825265350690143
-0.8514502426367624	0.3815120980374052
-0.8556415820244383	0.3779997556835639
-0.8481306706495414	0.3833949524355436
