-4.736342847253191	0.515851519022913
-4.749027385887727	0.5192837682537542
-0.8566917391186539	0.37915991737401844
-0.8677147237166909	0.38201391672835905
-0.8833853180588287	0.3873736498928014
-0.875781640094586	0.3852373867724591
-0.8737217598635544	0.3870145186822586
-0.8703040471906639	0.3865298149468696
-4.8243695336029395	0.5200825265245376
-4.6408786693007835	0.5112436216266217
-3.9503799123767505	0.48411949064984133
-4.519572260853987	0.5087996475761336
-4.276112461540041	0.49482054244360374
-4.7100446232708775	0.5182978962064666
-4.4821407579924974	0.5059808149215616
-6.971110227940442	0.3977257417811675
-0.8320278568818581	0.3743793468678894
-0.8555163494340389	0.3779011362814936
-0.8450270625717502	0.37840582658229344
-0.5549665552489007	0.34558110824144694
-0.8561647529186657	0.3826243494025513
-0.8513557271403318	0.38188509111871827
-0.8625169190692232	0.3791874364642896
-0.8495308744183051	0.3837631846459269
