-4.51919579993773	0.5060289239434128
-3.3987137103500222	0.454472116163922
-6.305353753435663	0.45813183862446705
-5.980386373974234	0.4467019537216126
-6.318110075891417	0.460839665444347
-0.5240082036446803	0.33868056578726163
-0.5930491889246368	0.3391929501881339
-0.569274169255825	0.34681567492734167
-0.5790731668412544	0.3372776268318708
-0.5783978279643351	0.3380847556431465
-0.9112856965271701	0.38965980965863267
-0.8542237274191837	0.3778686628067791
-0.8779610930932337	0.38461598510022843
-5.053857715654974	0.532416100976587
-3.378196287783334	0.4666482080632058
-7.168398383987537	0.4110544721853601
-7.163981288371973	0.41071156915485074
-0.8224838206359455	0.3795142371861386
-0.8279501903422928	0.38080291949410505
-0.8284510879707851	0.3807457180034223
