number of atoms: 26
number of fields: 9
Multipoles
---
0 0 0 | -0.5006672668452801 -0.05253445960038897 0.032968875825507324 0.003447542655864424 -0.085500862608597 -0.012218304150110099 -0.05233083859499612 0.055908397988289976 0.005399431586583066 
1 1 1 | 0.21186384798216906 0.05809633930561277 -0.07246357036939964 0.022019587756749698 -0.07928806692828752 0.038328994936326764 -0.08896049883674811 -0.06690242657646843 0.032029241174949104 
2 2 2 | 0.30741753921005355 0.05209229985587817 0.10117809390513266 0.01786282599285677 -0.09939850018980495 -0.03206068735275641 -0.09579691032790133 -0.09481080127435763 -0.00439935756302731 
3 3 3 | -0.24054594819527786 -0.12164654192464941 0.03813854451814709 -0.03517910167875945 -0.024387241286064468 -0.13854922324384344 -0.003762990678405101 -0.07118533534082058 -0.051766226574936375 
4 4 4 | -0.5415333100266455 -0.023760893187779474 -0.1090497585580947 -0.0007453524080122353 -0.01745743632266632 -0.21023255351249948 -0.07469223141968258 -0.30876005423900943 -0.04565607560853356 
5 5 5 | -0.364959825219052 0.07865248401282912 -0.0264206568464692 0.019295342719711766 -0.01404965834217966 -0.004354390838442963 -0.050493689291119886 -0.04612083999631849 0.0073297938481889004 
6 6 6 | 0.1228534031025953 -0.021466265885478324 0.07699134398423961 -0.0068942358868209945 0.009553758555012904 0.01374666260826058 0.010713883526656929 0.027394938951482616 0.0005359986679322815 
7 7 7 | 0.359176577431111 -0.03432678358663553 -0.01262650199073774 -0.008020651537750598 0.0009635416227438429 -0.008340900261963602 0.0032246044701221325 0.019244218643432637 -0.001867429367015714 
8 8 8 | 0.16515501356683515 0.0012071727136239553 -0.05819197062824624 0.00027058948162456175 0.018287989364068773 -0.009115901211500703 0.01340265736033012 0.01290985742739953 -0.0021888909233175173 
9 9 9 | 0.17096819191100443 0.017909849281138725 0.03330324992209564 -0.032291405908183524 -0.005084153142938768 -0.01329064557312806 0.007590015590887927 -0.0027650014649157613 0.00010452082557214726 
10 10 10 | 0.14708700547383036 -0.0018360078202868315 -0.04482086601785346 -0.012664430368101403 0.012784261580173475 0.00752145344273623 0.004181665854299019 -0.010572271534159627 -0.0021842288903438757 
11 11 11 | 0.16294972460434243 0.00028474508599349454 0.0024292658818249424 0.04721245927124234 0.009883993202147499 -0.005475353414317207 -0.0064255949469142455 0.00888342068389849 -0.0024391520938215356 
12 12 12 | 0.03950309632796145 -0.04170935122080985 0.02582225682976062 0.034086578210939814 0.04846915788324708 -0.03217439300423936 -0.0312611992953528 -0.006546003251876005 0.01758995945293382 
13 13 13 | -0.46454180674982304 0.03584594935834701 -0.01689561756318556 0.059404367888737236 -0.05883177990461897 0.07448050182188998 -0.06062237488270832 0.009235030065583677 -0.009613437379941397 
14 14 14 | -0.45790372291393666 -0.03173267567231744 -0.0516944200404822 -0.02030961413681057 0.04556024209721153 -0.027348123717846652 -0.025997190808584838 -0.031995315017102954 -0.0712020460399487 
15 15 15 | -0.46310208506801587 0.009734138195343373 0.05468894291275484 -0.040954570582900314 0.029502269965963845 -0.03350756245008453 0.07073203401547695 0.031959433090338316 0.06288999469286619 
16 16 16 | 0.11334355437967403 0.04450464981340238 -0.025876493530572284 -0.02284909846471526 0.0033168383532332854 0.00978592810303109 0.009746651831732185 0.0025926882602161456 -0.009644740537011573 
17 17 17 | 0.12422673825352104 0.02475730255413618 0.023543496833821446 -0.030131123700931225 0.011304543310307258 -0.005387815213436219 0.009944926981717346 -0.0011812864723755375 0.009678272895180475 
18 18 18 | 0.14720926256102929 -0.021833750142568206 0.024267388880739885 0.03179419406899766 -0.0018297323894933696 0.0072514793382945 0.015363491071780668 -0.0052690343396849856 -0.007962692424290336 
19 19 19 | 0.13641781167768352 -0.03778595424056992 0.012797427306767289 0.019714535946475712 -0.00372311694424058 0.01637758666494994 0.010981455225520579 0.004852268062722142 -0.0015840671057508703 
20 20 20 | 0.14317832659765506 0.03296112651579686 -0.022324504314824717 0.024402782785767047 -0.0049606410154053385 0.004600115926417244 -0.0110687584727873 0.012305143235205979 0.00515326239591938 
21 21 21 | 0.14052532342987467 0.0148002292101619 0.019964378652002023 -0.039227329098947154 0.003973740580472818 0.0008066136070376805 0.006199819758693789 -5.566718753967373e-05 0.014942073344024996 
22 22 22 | 0.1332112784474263 -0.013478321818412535 -0.03328181131689177 -0.029219948341995337 -0.0013181023962856254 -0.007908867228984243 -0.005450360117056043 -0.01064034931559216 -0.012403862284700723 
23 23 23 | 0.13952010970207362 0.041200153757300906 -0.004748747013989173 0.021746221974814815 -0.001928758268452623 0.008154150385991116 -0.014808409872565351 0.006135218886547074 -0.0014994496225256427 
24 24 24 | 0.13919754641491944 -0.031014193117329013 0.027837625590431608 0.01707174104936453 -0.008297402318692283 0.008369333428477344 0.010005356420206868 0.004034259223277996 -0.013067157644377013 
25 25 25 | 0.12680572810461288 -0.019221453647422046 -0.038035171126377346 -0.016695705179147514 0.0018513498712936852 -0.013186559694516663 0.0035573264237698412 -0.005190823534261854 -0.013317752351102842 
