-4.744101313974361	0.5167426260155507
-4.729399255252291	0.5160899537432818
-0.8736142526158185	0.38493423662305154
-0.8696083189476919	0.3834128688404395
-0.8724425264350272	0.38288323773533095
-0.8752015868496759	0.38315239838717624
-0.8796284667047716	0.3857286647551512
-0.875216588715451	0.38747969236201063
-4.582304624152956	0.5084161787352568
-4.788201607059918	0.5212109448346447
-4.31296718494619	0.49615261806225824
-4.483510917298379	0.5066380691457475
-4.505737179328849	0.508342458950275
-4.700976797081552	0.5175068624251788
-4.645208442668622	0.5118456347181425
-3.9454860682629427	0.48406215655847656
-6.976245869176224	0.3982762384838757
-0.883918556262657	0.3831205156645747
-0.8687698479605889	0.3774075276999168
-0.8669362333727618	0.3843864769651666
-0.8641571503419321	0.37978440485175713
-0.8598773155308093	0.379438671008625
-0.8463683280387059	0.3789174968257213
-0.8314609871125002	0.37463503871757675
-0.5547228494664325	0.3476633688563279
-0.8505817962407272	0.38261174320980373
-0.8647948004248348	0.38607519232948867
