-4.78327392145584	0.5160034526090835
-4.744486319147519	0.5186529733240131
-3.5173469069821537	0.46471138285428787
-6.999712103564533	0.4019028157764113
-6.3136764360163	0.4643184389283205
-0.8616722800518244	0.38124074443979056
-0.8232206559105624	0.37349217497829273
-0.847501800214777	0.3818398014749343
-0.5827263805927222	0.33871016065799275
-0.5926279562357815	0.34048899974043234
-0.8610174391896791	0.38430077120201334
-0.8737123643738134	0.38700504883281867
-4.833291520946604	0.520300514007523
-4.279141537312387	0.49618192191279237
-4.476384114604779	0.5056284730659585
-4.513151278388426	0.5095095568644511
-4.721040800880082	0.5198264141200472
-4.652570412126431	0.5141573543249318
-3.9493906927936773	0.48563546926554985
-6.9701419224329735	0.39812966594857235
-0.8332907999280792	0.3785455174233023
-0.8526817872351138	0.3820859208742201
-0.8583608175134934	0.37807819587729213
-0.8513903258021892	0.3772184679157545
-0.847795956722233	0.37930037741555817
-0.8262155186107588	0.3736426899788471
-0.5569119955019223	0.34815288013521206
-0.850755943798151	0.38409410248843046
