-4.742635429318909	0.5169439174406022
-4.755237683889848	0.5194231857176635
-0.8711101087561343	0.38358741506298416
-0.8586754649254076	0.38086770601557723
-0.8803727327743347	0.3869461596783183
-0.8723234211624572	0.3840392526716094
-0.8680623417385079	0.38599458432843037
-0.8651270598665157	0.38531757458514715
-4.867586135524586	0.5205405064309473
-4.038752519010044	0.48554772666297813
-4.5894174201676075	0.5167097754820139
-4.134060304194762	0.49685549115033995
-5.905698382687668	0.4607649659168179
-5.730863208514644	0.44295489172494223
-0.8281142656404613	0.37719596294396
-0.8399590607151864	0.3779984149932524
-0.8378009701560112	0.3765315309557994
-0.8786501720581527	0.3823748774323375
-0.6441144353874748	0.3523089887712769
-0.8483689456828171	0.38328137136378787
