number of atoms: 20
number of fields: 9
Multipoles
---
0 0 0 | -0.39029231672190523 -0.046935019858806507 0.05389575595786887 0.0746006461230293 -0.0014274865941537316 0.030471558092851674 0.06853902276325 0.04486742084862238 -0.09112385920550643 
1 1 1 | -0.38367018213753923 0.05225869934496924 -0.05179951534154339 -0.07487141604396307 0.014340755455754863 0.04908959114369162 0.08482897253760131 0.02573030018363127 -0.07338239375687766 
2 2 2 | 0.120119001281072 -0.012049693937174385 0.029430170271625145 -0.036966366992131516 0.005512380981889811 -0.00925426107902959 -0.008100076046072116 0.009151742497403068 0.010699077156296694 
3 3 3 | 0.1282842098148569 0.043934421871817717 0.0074454057157909365 0.021213841706067965 -0.016423422526726354 -0.0023685394882685742 -0.002989551397735849 -0.0042262004888913365 0.008350786423766299 
4 4 4 | 0.15301482945641964 -0.01961454152442757 -0.04996134717938362 0.012275384933893758 -0.002323374299286329 -0.0015386466852127252 -0.009708604874910903 0.0018003803983068945 -0.0044749051601196575 
5 5 5 | 0.12423056935507226 0.02310119328402833 0.04276011599312581 -0.013362981098263694 0.007811370103582582 -0.00304927321734075 -0.008887936791114937 -0.015861394630155193 -3.612960486721348e-07 
6 6 6 | 0.12260442773740632 -0.044208106590223915 -0.014793753441160191 -0.019341338046406663 -0.01681524451970663 -0.002067637795946024 -0.001925447616862668 -0.004026583554560258 0.008531820258773934 
7 7 7 | 0.12703178295084905 0.024012422584347753 -0.024951381199159905 0.03726830462847412 0.0060016205202575255 -0.00833410656419261 -0.006630556562082676 0.010576283133473377 0.00917237757016027 
8 8 8 | -0.4987984130462477 -0.014937258594363194 -0.014083295770126751 -0.05779425476260611 -0.002248193443912204 -0.001628892832083425 -0.09828704413778201 0.028561414135030203 0.036561745346909647 
9 9 9 | 0.20116471534436275 -0.00178272536380932 -0.0023549830126801427 0.09168061145629566 -0.0038163283708616148 0.01424156366166777 -0.05784998411464356 0.11008660395789534 -0.012685724508315994 
10 10 10 | 0.31085096821196156 0.11308331225743312 -0.013487119808668492 -0.025756184589247454 -0.10846068682983633 0.02575474573132522 -0.05574969408509757 0.13081667939234323 0.009936162340650038 
11 11 11 | -0.2305441188443087 -0.06648844489104253 0.00017758696311381497 -0.12853535771752542 -0.15628371846357156 0.0025101430469589023 0.018719454128109405 -0.0005190242517545694 -0.009423131361372985 
12 12 12 | -0.5416054847984038 -0.09654246482325685 -0.0008814842429570946 0.052242551234888246 -0.3405763735048029 0.05534602824399061 0.10198663124928518 0.12217683107592117 -0.029449180692656028 
13 13 13 | -0.36572895440681474 0.03179044630870454 -0.0021664333475580272 0.08549812865542317 -0.03726665355224625 0.00743507066719555 -0.012903354627188215 0.053157368120724434 0.005296478221013811 
14 14 14 | 0.12614426153568192 0.028716077665314123 -0.006614619354072631 -0.07182303802954285 0.028820617548856575 -0.005392889959384955 -0.0005464855192495743 -0.021694725651717015 0.0015214935588136987 
15 15 15 | 0.35451711009369324 -0.032656499119691984 -0.0036021905640304126 -0.01866614981339313 0.0023550740004247657 -3.027389186271752e-05 -0.010702041061733208 -0.02132896254163564 0.0025648826926304344 
16 16 16 | 0.16446424419066163 -0.03473582053858612 -0.0002825609938269662 0.04932649812010038 0.0022617390698101577 -0.0012508864412142464 0.010990794134582715 -0.02656668795186197 -0.0011802702624005912 
17 17 17 | 0.14886642430469388 -0.03148756771507545 0.024390174442488224 0.025095004632115284 0.00417610191168473 0.002747535183192188 0.015642580572547353 0.0027629604155437744 -0.004152006064690219 
18 18 18 | 0.16799102787851738 0.037621522960465746 0.02563214755400473 -0.015742675534010334 -0.012684172489257576 -0.007233744698240951 0.0010927777221054326 -0.006456976158851409 -0.002974033353972188 
19 19 19 | 0.15913358725734905 0.008555128602816462 -0.04623181679947063 0.0062163766560723675 0.001169852284855195 0.00588057831139222 0.001464102440448398 -0.009049983749149313 0.012210453445545362 
