number of atoms: 20
number of fields: 9
Multipoles
---
0 0 0 | -0.7063789736061254 0.010626869772982713 -0.01229986104506338 0.018613931059954503 -0.12005536626252494 0.025133469012974148 0.013211485518080967 -0.08378937342654459 -0.002195925012138491 
1 1 1 | 0.9628123489116858 -0.05292162840731095 0.005264098807344267 0.01660944856104456 -0.14809364811590767 0.011275796901945367 0.04147782555283329 -0.1461775190767114 -0.006883333502678647 
2 2 2 | -0.8054474347400333 -0.010947613812161902 -0.05873072906725411 0.022373913879110367 0.018973851754639514 0.04384222830572266 0.04655739025354341 -0.10579719883700127 0.004045173662728261 
3 3 3 | -0.8060342406198764 0.0026318879123382807 0.06529545521201394 0.012819583792763585 0.01382096884500454 -0.07767989913417712 0.010727981488468314 -0.07244365544515333 0.005432739581957491 
4 4 4 | 0.17646075180830656 0.011825898632411387 0.03232299513503715 0.021620779567319365 0.000722764734858547 -0.0137684804451221 -0.006392112432451425 -0.0032332621812956566 -0.006686766240679874 
5 5 5 | 0.17390433304610542 0.0012167852543918693 0.006120584429169865 -0.039987938157417156 0.005140051850915008 -0.001953506204353364 0.013346328972613826 0.010761789095300166 0.00037349927450610075 
6 6 6 | 0.17641169695934455 0.006362845756753113 -0.036770205663207586 0.01395329964961469 0.007740243115523178 0.009943982051345284 -0.002658228589501909 -0.009435330451554197 0.005113402460793904 
7 7 7 | -0.1731024285996039 0.07801452113255312 0.1259521994493077 0.06620822177789595 -0.014710976673346155 0.08014807753306269 -0.03891466559581871 0.02425004104150945 0.036309960031654404 
8 8 8 | 0.9481463635645699 -0.026268270299062303 0.013019841327274153 0.000453822091606553 -0.052321698180095084 0.027680565297207603 -0.02896800557093433 -0.09988177822132399 -0.03503556873325384 
9 9 9 | -0.5947466836777995 -0.053808057451795614 -0.1234971897900545 -0.056801058792829956 -0.0002744373289370998 0.01956470116201452 -0.01581769840527886 -0.03322700589959517 -0.011677924448763267 
10 10 10 | -0.9536593125091315 0.012805807052317054 -0.0015982201939309197 0.003785346683231475 0.018290488045893342 -0.009325842081008373 0.01683869994089191 0.06820014772238914 0.052456324742562364 
11 11 11 | -0.9308891171082143 0.019311311025138476 0.023669494589371887 0.029139167263828956 0.007087654846143276 0.03854392267826266 0.0179589773528104 0.030250141249464756 0.0029596835275835526 
12 12 12 | 0.4311674949941139 0.02684570181349623 -0.007705354008333543 0.006753958421324931 -0.014715596743205434 -0.000762496295525285 -0.0037520765455812087 0.016760344274651846 0.007367942386578413 
13 13 13 | 0.09295367602821225 -0.048874314280237176 -0.009015790705406972 0.030648989122904303 -0.015605144659493359 0.016501909532583667 0.003194136171537299 0.006769865164572804 0.018288247320265325 
14 14 14 | 0.15969550840963043 0.039369977550431985 -0.04212380385296122 0.021213730746752146 -0.0015555568132152805 0.01254328546774162 0.009430566927860661 0.004156904945684129 0.010825625908571041 
15 15 15 | 0.42419750639936626 -0.013872165262796585 -0.02108526263325271 -0.00850635236823075 0.012936199153042694 -0.012758251469533303 0.0035563530428775933 0.007438700832286353 0.0032089973805957614 
16 16 16 | 0.42679084639624376 -0.011438997860631874 0.023944805469990397 0.0040600658687783295 0.014401374337540527 0.005395594072874604 0.008092095416358872 0.006187583850982131 0.004980200679139461 
17 17 17 | 0.47854077335990386 0.020854936301102293 -0.002189390705979679 0.002980594065495805 -0.013436958596964544 0.0066330092317744465 -0.0011331191288206808 0.011551536213335947 0.006275913218414516 
18 18 18 | 0.40475853917147286 -0.003289488899328166 0.02619026570467149 0.0034781279249486196 0.012245176983679908 0.010466152560166827 0.009944889161157683 0.007668063983387393 0.005790128048236807 
19 19 19 | 0.1125955481425861 0.013445078633093709 0.011760736722239085 -0.05952809918618808 -0.0035791871384711076 0.01863499927946098 -0.0051353187587278165 0.015730600719553244 0.000809529570193617 
