number of atoms: 20
number of fields: 9
Multipoles
---
0 0 0 | -0.4984109619350372 -0.05955145261093774 -0.00847920615307038 -0.008619303922459857 -0.09271871299489663 -0.001430269316976115 0.02465824308128291 -0.020174115376986237 -0.004792512705239634 
1 1 1 | 0.3134388190285815 0.030963681312567177 0.08777993059797637 -0.06250374614043239 -0.10619392073298073 -0.04938782784982639 0.053266194123213165 -0.05263447812125074 0.11777606624863722 
2 2 2 | -0.23288860086871743 -0.1397517934236348 0.005630056399316626 0.0062998364794944655 0.069103608216779 -0.09905092965571026 0.06530850474153478 -0.040010207820770465 0.09107607297506301 
3 3 3 | 0.19940406553423795 0.08313841967803723 -0.0444300937072781 0.011966393338919268 -0.11565071674736428 0.033871772640103194 0.022371304133880457 -0.005016147393704174 0.04293700004133506 
4 4 4 | -0.5398640305555986 -0.007660306472713303 -0.08465693595541113 0.0652669055039135 0.020412202393241423 -0.10787272020805487 0.10292716397697776 -0.09158751782941454 0.35077831654826835 
5 5 5 | -0.36497567637670336 0.09064431842969874 -0.018662869686892444 -0.0019260289283926232 -0.03906692248156527 -0.002010249776142839 0.015101253543134342 -0.027934370740602708 0.039388619434679716 
6 6 6 | 0.15120231042377186 0.007221703600493753 0.004841133322803881 0.047309037874387394 0.003688746549261832 0.0031397339517698184 -0.012729251957818028 0.004427303752035982 0.002641722026340485 
7 7 7 | 0.16824526266898665 0.0018192207967560102 0.04293502943867175 -0.0205461040083994 0.01106161908913367 -0.007445037883535188 0.00348891582477635 -0.005401785687542502 0.0073150002845017974 
8 8 8 | 0.1654736332645933 0.02820786763029677 -0.04564355024532515 0.027748550416691328 0.02786657404617803 -0.0059030448453652965 -0.0024436653630284587 0.005155613395211947 -0.011914829597170266 
9 9 9 | 0.12423998936321112 -0.04803563334609757 0.04198631722304343 -0.043397138753058534 0.009406900006480774 0.010410256322702862 -0.004602345441374599 0.011045295066307347 -0.031756188520099767 
10 10 10 | 0.35543411821682713 -0.03290267550614961 -0.014672192652313586 0.01107691760007288 0.006365279629422895 -0.011922729478015873 0.005904875283333071 0.008921950278543568 -0.016795526757398822 
11 11 11 | 0.15454035944699174 0.012437925281577373 -0.03532128602421498 -0.029773761947436726 0.006719244793576008 0.010546841292542122 0.004915513044167295 -0.0029071088463143175 -0.003193234773575764 
12 12 12 | -0.378162275219049 0.04288395513505968 -0.0022728103527535457 0.08294531031732 -0.0154437038407109 -0.017516116636735135 -0.06811745395764636 0.09901023153000195 0.03805222198650801 
13 13 13 | -0.38745084328463975 -0.04419761184519264 -0.010029434264568437 -0.0917101566800395 0.03713273970706991 -0.0033175460611525277 -0.0849339842812974 0.09643103584113971 -0.008869729632592359 
14 14 14 | 0.1189205312274394 -0.018907991448498054 0.04506920025298654 0.0013189906594638218 -0.00692637809251151 0.009234253058611648 0.0022781631591272814 -0.012385826879125211 0.01066121536454459 
15 15 15 | 0.13971663774391618 0.04108666713504476 -0.008127297837997888 -0.02687167244611271 -0.0007046077131835619 -0.0025538013337488524 0.015123671625737769 0.0036939579883559573 0.0060867410134623715 
16 16 16 | 0.1413965962904078 -0.02194364474126322 -0.046771212798411406 0.0033067513087425312 -0.014578817989771039 -0.004412230271513798 0.0033699564924448366 -0.004741193972804604 0.0027188546025222232 
17 17 17 | 0.1252075127582264 0.016974683181306783 0.04526687138880105 -0.014336141841130023 -0.0017051500700427605 -0.010227502934313435 -0.000776422969408188 -0.012918129095247798 -0.01172132456555233 
18 18 18 | 0.12264012935321456 -0.04420260676898617 -0.007306074840730902 0.022612994932107503 0.0036878068341051375 -0.0008098626608014627 0.01842726827508726 0.0022467967951983786 0.002020543792858432 
19 19 19 | 0.12032145366517999 0.032974998913460715 -0.03573773142663601 -0.008828848996620328 -0.007082934997006128 0.011137164868819332 -0.0001961086492928773 -0.0123136624776354 0.009509205543538835 
